1386165447105
1386165448200
1386165448748
1386165449358
1386165450049
1386165450711
1386165451413
1386165452033
1386165452654
1386165453304
1386165453935
1386165454524
1386165455103
1386165455774
1386165456404
1386165457004
1386165457542
1386165458224
1386165458927
1386165459588
1386165460311
1386165460900
1386165461529
1386165462161
1386165462791
1386165463431
1386165464063
1386165464733
1386165465364
1386165465911
1386165466582
1386165467223
1386165467853
1386165468463
1386165469083
1386165469682
1386165470354
1386165471036
1386165471657
1386165472255
1386165472907
1386165473588
1386165474168
1386165474797
1386165475438
1386165476078
1386165476709
1386165477329
1386165477929
1386165478610
1386165479426
