1386218173178
1386218174212
1386218174941
1386218175626
1386218176353
1386218177061
1386218177686
1386218178394
1386218179071
1386218179739
1386218180464
1386218181100
1386218181768
1386218182434
1386218183109
1386218183705
1386218184380
1386218185145
1386218185713
1386218186399
1386218187103
1386218187742
1386218188378
1386218189077
1386218189732
1386218190398
1386218191075
1386218191760
1386218192408
1386218193073
1386218193720
1386218194385
1386218195072
1386218195728
1386218196313
1386218197093
1386218197728
1386218198458
1386218199071
1386218199754
1386218200567
1386218201123
1386218201766
1386218202472
1386218203109
1386218203805
1386218204430
1386218205203
1386218205866
1386218206562
1386218207199
