1385734986765;7.0;1385734986385496509
1385734986931;10.0;1385734986789348515
1385734987612;5.0;1385734987595165166
1385734987999;9.0;1385734987997722539
1385734988208;8.0;1385734988200389775
1385734988403;7.0;1385734988400792908
1385734988805;8.0;1385734988803533386
1385734989013;6.0;1385734989006231140
1385734989208;5.0;1385734989206774697
1385734989410;7.0;1385734989408251748
1385734989813;8.0;1385734989811212268
1385734990618;7.0;1385734990616492655
1385734991028;5.0;1385734991019996073
1385734991250;3.0;1385734991221045878
1385734991424;6.0;1385734991422492411
1385734991626;7.0;1385734991623999979
1385734991827;10.0;1385734991825538065
1385734992032;7.0;1385734992027711774
1385734992236;5.0;1385734992227907087
1385734992632;4.0;1385734992630678083
1385734993442;7.0;1385734993436934630
1385734993641;8.0;1385734993638320128
1385734993841;9.0;1385734993839400451
1385734994050;10.0;1385734994042342345
1385734994446;8.0;1385734994444222327
1385734994646;5.0;1385734994645363684
1385734994848;4.0;1385734994846535559
1385734995050;5.0;1385734995048409338
1385734995252;7.0;1385734995249502476
1385734995653;9.0;1385734995652242955
1385734996057;10.0;1385734996055471715
1385734996266;7.0;1385734996256735142
1385734996665;4.0;1385734996660452183
1385734996863;3.0;1385734996861618086
1385734997065;4.0;1385734997062759443
1385734997266;5.0;1385734997264541670
1385734997467;8.0;1385734997465744062
1385734997668;7.0;1385734997666837382
1385734997870;5.0;1385734997868619608
1385734998071;4.0;1385734998069791483
1385734998273;3.0;1385734998271176981
1385734998675;9.0;1385734998674161601
1385734999079;7.0;1385734999077115702
1385734999481;8.0;1385734999480125493
1385734999891;5.0;1385734999883201665
1385735000489;7.0;1385735000487157193
1385735000891;8.0;1385735000890233365
1385735001296;9.0;1385735001292912808
1385735001497;8.0;1385735001494237271
1385735001697;7.0;1385735001695586647
1385735002100;3.0;1385735002098540748
1385735002303;7.0;1385735002299804176
1385735002704;8.0;1385735002702953922
1385735003111;9.0;1385735003106365787
1385735003510;7.0;1385735003508404361
1385735003711;5.0;1385735003710003482
1385735003913;4.0;1385735003911388980
1385735004517;5.0;1385735004515814188
1385735004718;7.0;1385735004717230204
1385735004925;8.0;1385735004919330245
1385735005326;9.0;1385735005321918136
1385735005530;8.0;1385735005522693282
1385735005726;3.0;1385735005724383956
1385735006130;4.0;1385735006127185470
1385735006331;5.0;1385735006328540450
1385735006536;6.0;1385735006530255843
1385735006733;8.0;1385735006731641341
1385735006934;9.0;1385735006932813216
1385735007139;10.0;1385735007134961654
1385735007343;5.0;1385735007335718875
1385735007740;7.0;1385735007738587885
1385735007942;9.0;1385735007940217524
1385735008143;10.0;1385735008141664057
1385735008553;8.0;1385735008545423964
1385735008747;5.0;1385735008745466689
1385735009150;4.0;1385735009148725966
1385735009358;2.0;1385735009351057509
1385735009553;7.0;1385735009551588515
1385735009965;8.0;1385735009955366591
1385735010358;7.0;1385735010357002822
1385735010560;6.0;1385735010558968154
1385735010761;5.0;1385735010759804335
1385735011567;7.0;1385735011565694733
1385735011773;8.0;1385735011767324371
1385735012373;9.0;1385735012371267243
1385735012575;11.0;1385735012573257047
1385735012776;35.0;1385735012774459439
1385735012977;34.0;1385735012975844937
1385735013185;35.0;1385735013177230435
1385735013381;38.0;1385735013378872738
1385735013585;35.0;1385735013581051693
1385735013791;34.0;1385735013782199434
1385735013988;27.0;1385735013983676485
1385735014186;11.0;1385735014184604219
1385735014398;7.0;1385735014386111787
1385735014589;5.0;1385735014587296293
1385735014790;4.0;1385735014788895414
1385735015601;7.0;1385735015595261381
1385735015999;8.0;1385735015997818754
1385735016222;9.0;1385735016199716977
1385735016604;4.0;1385735016602243833
1385735016806;3.0;1385735016803080014
1385735017207;4.0;1385735017206138296
1385735017411;7.0;1385735017407890005
1385735017611;5.0;1385735017608970328
1385735018014;4.0;1385735018011985464
1385735018618;7.0;1385735018616319339
1385735018819;8.0;1385735018817460696
1385735019222;9.0;1385735019220536868
1385735019427;10.0;1385735019421752118
1385735019625;8.0;1385735019623320721
1385735019826;5.0;1385735019824614667
1385735020033;9.0;1385735020026763104
1385735020230;11.0;1385735020227568768
1385735020432;12.0;1385735020428771161
1385735020634;14.0;1385735020630034588
1385735020836;17.0;1385735020832427167
1385735021036;20.0;1385735021033806596
1385735021236;22.0;1385735021234947954
1385735021437;23.0;1385735021435967241
1385735021639;27.0;1385735021637871538
1385735022048;16.0;1385735022041570913
1385735022245;18.0;1385735022242010366
1385735022445;17.0;1385735022443304311
1385735022646;19.0;1385735022644842397
1385735022848;13.0;1385735022846319448
1385735023050;14.0;1385735023047643911
1385735023252;24.0;1385735023249273550
1385735023451;22.0;1385735023450195255
1385735023660;13.0;1385735023652770938
1385735023854;5.0;1385735023853332462
1385735024056;4.0;1385735024055236759
1385735024460;7.0;1385735024457501571
1385735024862;9.0;1385735024860547225
1385735025466;8.0;1385735025464825789
1385735025668;7.0;1385735025666119735
1385735026075;6.0;1385735026069800381
1385735026273;5.0;1385735026270545010
1385735026675;8.0;1385735026673664469
1385735027083;7.0;1385735027077357156
1385735027279;6.0;1385735027277644022
1385735027515;3.0;1385735027478999002
1385735027682;7.0;1385735027680415018
1385735027883;8.0;1385735027882026997
1385735028085;9.0;1385735028083687153
1385735028488;8.0;1385735028486336079
1385735028695;7.0;1385735028689003315
1385735029093;6.0;1385735029090889301
1385735029293;5.0;1385735029292061176
1385735029495;6.0;1385735029493349079
1385735029702;8.0;1385735029696290973
1385735029898;9.0;1385735029896455768
1385735030104;10.0;1385735030098024372
1385735030913;9.0;1385735030903951891
1385735031118;6.0;1385735031105093248
1385735031514;8.0;1385735031508456716
1385735031934;9.0;1385735031910647878
1385735032115;10.0;1385735032112277517
1385735032718;9.0;1385735032716891775
1385735032921;8.0;1385735032918210190
1385735033725;9.0;1385735033723490225
1385735033926;10.0;1385735033925028311
1385735034531;9.0;1385735034529581533
1385735034734;5.0;1385735034731089102
1385735034933;4.0;1385735034932169424
1385735035336;5.0;1385735035335148298
1385735035548;7.0;1385735035537388288
1385735035740;8.0;1385735035738071882
1385735035941;9.0;1385735035939457380
1385735036544;7.0;1385735036543382264
1385735036948;8.0;1385735036946366883
1385735037149;9.0;1385735037148149110
1385735037358;10.0;1385735037349412538
1385735037754;9.0;1385735037752635458
1385735037954;7.0;1385735037953471640
1385735038157;6.0;1385735038155284384
1385735038360;1.0;1385735038356700399
1385735038565;7.0;1385735038558739437
1385735038963;8.0;1385735038960936894
1385735039372;9.0;1385735039363829960
1385735039567;7.0;1385735039564940800
1385735039771;6.0;1385735039767437602
1385735040775;8.0;1385735040773785258
1385735041185;9.0;1385735041176739360
1385735041379;10.0;1385735041378179958
1385735041990;5.0;1385735041983221461
1385735042588;7.0;1385735042586872090
1385735042790;8.0;1385735042788349140
1385735043012;9.0;1385735042989490498
1385735043601;8.0;1385735043594654072
1385735043796;6.0;1385735043795362357
1385735043999;5.0;1385735043996656303
1385735044200;4.0;1385735044198438529
1385735044808;7.0;1385735044802637831
1385735045006;8.0;1385735045004236952
1385735045408;9.0;1385735045406794326
1385735045611;6.0;1385735045608423964
1385735045822;5.0;1385735045809839980
1385735046014;4.0;1385735046011530654
1385735046214;5.0;1385735046212788179
1385735046415;8.0;1385735046413837984
1385735046617;7.0;1385735046615955904
1385735047223;6.0;1385735047220064192
1385735047629;5.0;1385735047623537092
1385735047826;8.0;1385735047824129133
1385735048229;9.0;1385735048226686506
1385735049034;7.0;1385735049032527708
1385735049236;4.0;1385735049234462522
1385735049437;5.0;1385735049435342031
1385735049645;7.0;1385735049638253408
1385735050041;8.0;1385735050040261465
1385735050444;9.0;1385735050442879873
1385735050645;8.0;1385735050643746572
1385735051857;9.0;1385735051853500451
1385735052056;10.0;1385735052054214563
1385735052458;13.0;1385735052457138147
1385735052863;9.0;1385735052860092248
1385735053063;5.0;1385735053061294641
1385735053265;3.0;1385735053262924280
1385735053465;4.0;1385735053463937508
1385735053675;6.0;1385735053666757332
1385735053873;7.0;1385735053867196785
1385735054071;8.0;1385735054068521248
1385735054272;9.0;1385735054270072314
1385735054675;6.0;1385735054672934863
1385735054876;5.0;1385735054874503467
1385735055884;7.0;1385735055881485950
1385735056084;8.0;1385735056082718860
1385735056286;7.0;1385735056284562122
1385735056487;2.0;1385735056485764514
1385735056712;7.0;1385735056687376422
1385735057093;8.0;1385735057090025347
1385735057697;7.0;1385735057694181841
1385735058099;6.0;1385735058096891802
1385735058300;5.0;1385735058299003732
1385735058904;7.0;1385735058902763497
1385735059112;8.0;1385735059104497241
1385735059309;11.0;1385735059306035327
1385735059714;12.0;1385735059709484216
1385735059919;11.0;1385735059911235925
1385735060113;8.0;1385735060111522791
1385735060717;10.0;1385735060715851305
1385735061120;12.0;1385735061118805407
1385735061321;13.0;1385735061320221423
1385735061725;15.0;1385735061723248961
1385735062336;12.0;1385735062328382018
1385735062531;6.0;1385735062528790953
1385735062732;4.0;1385735062730237487
1385735062934;6.0;1385735062931836608
1385735063336;8.0;1385735063334632281
1385735063768;4.0;1385735063737220172
1385735063940;3.0;1385735063939014900
1385735064545;4.0;1385735064543238676
1385735064746;5.0;1385735064744654692
1385735064947;6.0;1385735064946040190
1385735065149;8.0;1385735065147407419
1385735065758;6.0;1385735065752570993
1385735065965;5.0;1385735065954200632
1385735066156;7.0;1385735066154853708
1385735066559;8.0;1385735066557533152
1385735066963;7.0;1385735066960511698
1385735067172;5.0;1385735067162232889
1385735067364;3.0;1385735067362947001
1385735067586;4.0;1385735067566084656
1385735067775;6.0;1385735067766218934
1385735068174;8.0;1385735068168806824
1385735068372;9.0;1385735068370528016
1385735068780;5.0;1385735068774458680
1385735068976;7.0;1385735068974592957
1385735069782;8.0;1385735069780525608
1385735070031;10.0;1385735069982106838
1385735070184;11.0;1385735070183004055
1385735070386;12.0;1385735070384847317
1385735070587;13.0;1385735070585897122
1385735070789;15.0;1385735070787435208
1385735070995;16.0;1385735070989125881
1385735071192;11.0;1385735071190175686
1385735071399;10.0;1385735071392964993
1385735071595;11.0;1385735071593459746
1385735071798;14.0;1385735071794997832
1385735072002;15.0;1385735071996383330
1385735072200;21.0;1385735072198012968
1385735072414;41.0;1385735072399258605
1385735072602;13.0;1385735072600522033
1385735072821;12.0;1385735072801968566
1385735073004;10.0;1385735073003231994
1385735073206;8.0;1385735073204586974
1385735073412;3.0;1385735073406369201
1385735073811;4.0;1385735073809170715
1385735074012;6.0;1385735074010763871
1385735074420;4.0;1385735074414755571
1385735074616;5.0;1385735074614767778
1385735075226;4.0;1385735075219913369
1385735075423;5.0;1385735075420657998
1385735075624;8.0;1385735075622135049
1385735075825;7.0;1385735075823459512
1385735076434;6.0;1385735076427884843
1385735076834;5.0;1385735076830808427
1385735077033;7.0;1385735077032102372
1385735077235;8.0;1385735077233286917
1385735078045;7.0;1385735078039225637
1385735078242;3.0;1385735078240580618
1385735078848;5.0;1385735078845280334
1385735079254;7.0;1385735079248539611
1385735079452;10.0;1385735079449375793
1385735079853;9.0;1385735079851884916
1385735080862;10.0;1385735080859483793
1385735081066;12.0;1385735081060625150
1385735081264;13.0;1385735081262828556
1385735081667;14.0;1385735081664836613
1385735081869;11.0;1385735081866527287
1385735082069;9.0;1385735082067894825
1385735082276;6.0;1385735082270043262
1385735082875;8.0;1385735082873558887
1385735083081;7.0;1385735083076073536
1385735083278;9.0;1385735083276360401
1385735083884;5.0;1385735083881091285
1385735084289;4.0;1385735084284332584
1385735084488;3.0;1385735084485260318
1385735084688;4.0;1385735084686652049
1385735084895;3.0;1385735084888922557
1385735085091;5.0;1385735085089484080
1385735085498;3.0;1385735085492695193
1385735085695;4.0;1385735085693531375
1385735085903;5.0;1385735085896473269
1385735086098;7.0;1385735086096668582
1385735086324;8.0;1385735086298237185
1385735086905;7.0;1385735086902454715
1385735087105;6.0;1385735087103895249
1385735087332;5.0;1385735087305067124
1385735087514;4.0;1385735087508070053
1385735088113;5.0;1385735088111018818
1385735088320;6.0;1385735088313014668
1385735088516;7.0;1385735088513881367
1385735089120;3.0;1385735089118129414
1385735089322;4.0;1385735089319545429
1385735089925;6.0;1385735089923878986
1385735090126;7.0;1385735090125111896
1385735090332;8.0;1385735090327547559
1385735090531;7.0;1385735090528749951
1385735090731;8.0;1385735090729433545
1385735091550;7.0;1385735091535036573
1385735091739;6.0;1385735091737276563
1385735092141;7.0;1385735092139858520
1385735092343;6.0;1385735092341305053
1385735092549;4.0;1385735092542843139
1385735092745;5.0;1385735092743722433
1385735093148;4.0;1385735093146890158
1385735093350;3.0;1385735093348763937
1385735093752;4.0;1385735093751046652
1385735094357;6.0;1385735094355563482
1385735094558;7.0;1385735094557071050
1385735094999;4.0;1385735094959903081
1385735095162;5.0;1385735095160873782
1385735095566;6.0;1385735095564133059
1385735095767;7.0;1385735095765457522
1385735096372;3.0;1385735096369949710
1385735096981;5.0;1385735096975107485
1385735097384;6.0;1385735097378061587
1385735097580;7.0;1385735097578422395
1385735097984;5.0;1385735097981315461
1385735098184;4.0;1385735098182548371
1385735098587;3.0;1385735098585532990
1385735099191;4.0;1385735099189958203
1385735099393;5.0;1385735099391252148
1385735100057;4.0;1385735099995909838
1385735101005;5.0;1385735101002959399
1385735101205;6.0;1385735101204070239
1385735101409;7.0;1385735101405516772
1385735102213;5.0;1385735102211236664
1385735102616;4.0;1385735102614417091
1385735102821;3.0;1385735102815625948
1385735103220;5.0;1385735103218610567
1385735103423;4.0;1385735103420270723
1385735103623;7.0;1385735103621363683
1385735103825;4.0;1385735103823115392
1385735104227;3.0;1385735104225855871
1385735105043;4.0;1385735105031367345
1385735105839;3.0;1385735105837453361
1385735106242;5.0;1385735106240237327
1385735106450;7.0;1385735106441592308
1385735106644;8.0;1385735106643069359
1385735106847;9.0;1385735106844119163
1385735107047;8.0;1385735107045840355
1385735107256;4.0;1385735107248019310
1385735107451;3.0;1385735107448824974
1385735107651;4.0;1385735107650051948
1385735108056;6.0;1385735108052945014
1385735108260;7.0;1385735108255185004
1385735108461;8.0;1385735108455942358
1385735109065;7.0;1385735109060135523
1385735109466;6.0;1385735109463242212
1385735110076;7.0;1385735110067319893
1385735110275;8.0;1385735110269376778
1385735110471;9.0;1385735110470090889
1385735110876;11.0;1385735110872892403
1385735111076;14.0;1385735111074338936
1385735111277;10.0;1385735111275993061
1385735111480;6.0;1385735111477592182
1385735111684;3.0;1385735111678855610
1385735111882;4.0;1385735111880485249
1385735112083;6.0;1385735112081578478
1385735112285;7.0;1385735112283269152
1385735112487;8.0;1385735112484746202
1385735112687;11.0;1385735112685948595
1385735112889;14.0;1385735112887791857
1385735113090;13.0;1385735113088689074
1385735113297;12.0;1385735113290715441
1385735113494;13.0;1385735113491704210
1385735113694;12.0;1385735113693175334
1385735114300;10.0;1385735114297179240
1385735114501;14.0;1385735114499126787
1385735114701;10.0;1385735114700237627
1385735115104;11.0;1385735115103106553
1385735115507;13.0;1385735115506060654
1385735115708;14.0;1385735115707397644
1385735115911;15.0;1385735115909515564
1385735116111;14.0;1385735116110541478
1385735116314;13.0;1385735116312049046
1385735116716;11.0;1385735116714575902
1385735117120;12.0;1385735117117603613
1385735117347;14.0;1385735117318836523
1385735117723;15.0;1385735117721851660
1385735118126;14.0;1385735118124775244
1385735118530;12.0;1385735118527906619
1385735118730;11.0;1385735118728956424
1385735119133;14.0;1385735119131788455
1385735119940;16.0;1385735119937617561
1385735120141;15.0;1385735120139155647
1385735120341;14.0;1385735120340022346
1385735120549;12.0;1385735120542628547
1385735120745;7.0;1385735120743159553
1385735120949;3.0;1385735120945515557
1385735121148;4.0;1385735121146412774
1385735121349;6.0;1385735121347401544
1385735121557;4.0;1385735121550099298
1385735121752;8.0;1385735121750581528
1385735121959;5.0;1385735121953065659
1385735122356;4.0;1385735122354860093
1385735122557;3.0;1385735122556093003
1385735123166;5.0;1385735123161409165
1385735123363;7.0;1385735123361782202
1385735123571;8.0;1385735123564540991
1385735123975;9.0;1385735123967708716
1385735124175;8.0;1385735124167764300
1385735124370;5.0;1385735124369027728
1385735124578;7.0;1385735124571572894
1385735124773;8.0;1385735124771890277
1385735124976;9.0;1385735124973489398
1385735125176;8.0;1385735125174966448
1385735125378;3.0;1385735125376077288
1385735125991;4.0;1385735125980716068
1385735126183;6.0;1385735126181765873
1385735126392;7.0;1385735126384280521
1385735126587;8.0;1385735126585037776
1385735126990;15.0;1385735126988022395
1385735127192;14.0;1385735127189438410
1385735127795;13.0;1385735127793320246
1385735128002;11.0;1385735127995987483
1385735128406;13.0;1385735128398784056
1385735128601;14.0;1385735128599345579
1385735128802;13.0;1385735128800853147
1385735129004;14.0;1385735129002251347
1385735129206;11.0;1385735129203880986
1385735129608;9.0;1385735129606957158
1385735129809;8.0;1385735129807518681
1385735130213;5.0;1385735130210808476
1385735130418;7.0;1385735130412499150
1385735130615;9.0;1385735130613756658
1385735131246;4.0;1385735131218187810
1385735131627;5.0;1385735131622069870
1385735132032;10.0;1385735132024718796
1385735132428;8.0;1385735132426360642
1385735132630;11.0;1385735132627990281
1385735132831;12.0;1385735132829223191
1385735133044;9.0;1385735133030664103
1385735133237;6.0;1385735133232812541
1385735133436;5.0;1385735133433465617
1385735133637;4.0;1385735133635308879
1385735134241;6.0;1385735134239545513
1385735134644;5.0;1385735134642255474
1385735135454;7.0;1385735135448023647
1385735135852;8.0;1385735135850916714
1385735136255;4.0;1385735136253809780
1385735136459;6.0;1385735136454768032
1385735136658;9.0;1385735136656696835
1385735136859;8.0;1385735136858112851
1385735137271;10.0;1385735137260975400
1385735137464;11.0;1385735137462373661
1385735137866;12.0;1385735137865242561
1385735138270;11.0;1385735138267769417
1385735138672;10.0;1385735138670675419
1385735138881;9.0;1385735138873190068
1385735139076;6.0;1385735139073995732
1385735139276;4.0;1385735139275198124
1385735139478;5.0;1385735139476583622
1385735139680;4.0;1385735139678304814
1385735139881;8.0;1385735139879415653
1385735140089;4.0;1385735140081716679
1385735140283;5.0;1385735140282424761
1385735140491;3.0;1385735140484695269
1385735141090;4.0;1385735141088437220
1385735141292;5.0;1385735141289670130
1385735141499;6.0;1385735141492062708
1385735141694;8.0;1385735141692502161
1385735142097;9.0;1385735142095425745
1385735142298;7.0;1385735142296872278
1385735142500;5.0;1385735142498318811
1385735142903;4.0;1385735142901205964
1385735143305;3.0;1385735143304160066
1385735143516;7.0;1385735143505253165
1385735143708;8.0;1385735143706852286
1385735144113;4.0;1385735144109989493
1385735144312;6.0;1385735144311191886
1385735144515;7.0;1385735144512791007
1385735144716;8.0;1385735144714054435
1385735145320;5.0;1385735145318662635
1385735145925;8.0;1385735145922496216
1385735146534;9.0;1385735146527971153
1385735146730;10.0;1385735146728410607
1385735146931;9.0;1385735146929765587
1385735147541;8.0;1385735147535307837
1385735147737;7.0;1385735147735594702
1385735147939;6.0;1385735147936919165
1385735148141;5.0;1385735148138457251
1385735148342;7.0;1385735148339629126
1385735148745;8.0;1385735148743157374
1385735149147;9.0;1385735149145714747
1385735149350;4.0;1385735149347051979
1385735149759;3.0;1385735149749920805
1385735150358;2.0;1385735150354901274
1385735150768;5.0;1385735150758661396
1385735151167;4.0;1385735151160944111
1385735151564;3.0;1385735151562708027
1385735152168;4.0;1385735152166919743
1385735152370;5.0;1385735152368610417
1385735152773;7.0;1385735152771564519
1385735153378;5.0;1385735153375886685
1385735153585;4.0;1385735153578248745
1385735153780;5.0;1385735153778566128
1385735153982;6.0;1385735153979676968
1385735154189;5.0;1385735154182588345
1385735154384;3.0;1385735154382722622
1385735154806;4.0;1385735154785945366
1385735154990;5.0;1385735154987147759
1385735155416;7.0;1385735155389961722
1385735155592;8.0;1385735155591438773
1385735155808;9.0;1385735155793159964
1385735156399;7.0;1385735156397133353
1385735156600;4.0;1385735156598640921
1385735156802;5.0;1385735156800087454
1385735157204;4.0;1385735157203035709
1385735157608;3.0;1385735157605806705
1385735157813;4.0;1385735157807357557
1385735158015;7.0;1385735158009322889
1385735158213;4.0;1385735158210189588
1385735158615;3.0;1385735158612960584
1385735159018;2.0;1385735159016158826
1385735159420;3.0;1385735159418893218
1385735159832;5.0;1385735159821664214
1385735160064;7.0;1385735160023934721
1385735160427;4.0;1385735160426107904
1385735160629;3.0;1385735160627462885
1385735161234;2.0;1385735161231802485
1385735161636;8.0;1385735161634695551
1385735162308;7.0;1385735162037582805
1385735162350;4.0;1385735162238724162
1385735162644;3.0;1385735162641629619
1385735163252;4.0;1385735163246250782
1385735163450;3.0;1385735163447300587
1385735163651;5.0;1385735163649113331
1385735164083;4.0;1385735164052202106
1385735164658;5.0;1385735164656083942
1385735164859;6.0;1385735164857499957
1385735165067;4.0;1385735165058488727
1385735165463;3.0;1385735165461619877
1385735166072;2.0;1385735166066447758
1385735166270;4.0;1385735166267693625
1385735166470;8.0;1385735166468957052
1385735166672;5.0;1385735166670556173
1385735166874;9.0;1385735166871911154
1385735167439;7.0;1385735167274346457
1385735167491;3.0;1385735167476525412
1385735168088;2.0;1385735168081255688
1385735168687;3.0;1385735168684783926
1385735168894;6.0;1385735168887390127
1385735169290;4.0;1385735169288818350
1385735169492;3.0;1385735169490142813
1385735170297;4.0;1385735170295923053
1385735170702;5.0;1385735170699182330
1385735170935;7.0;1385735170900628863
1385735171310;8.0;1385735171303351399
1385735171506;5.0;1385735171504736897
1385735171708;3.0;1385735171706427571
1385735172110;2.0;1385735172109259602
1385735172312;1.0;1385735172310828206
1385735172520;4.0;1385735172512671467
1385735172715;5.0;1385735172713867896
1385735173118;2.0;1385735173116181128
1385735173319;3.0;1385735173317688697
1385735173521;4.0;1385735173519636269
1385735173923;6.0;1385735173922017080
1385735174528;5.0;1385735174526478750
1385735174729;4.0;1385735174727632678
1385735175189;3.0;1385735175130861438
1385735175535;4.0;1385735175533357776
1385735176144;6.0;1385735176138765490
1385735176342;3.0;1385735176339504223
1385735177146;2.0;1385735177144784625
1385735177351;3.0;1385735177347116168
1385735177549;4.0;1385735177547494586
1385735177953;6.0;1385735177951181109
1385735178154;7.0;1385735178152200396
1385735178559;4.0;1385735178555490191
1385735178960;3.0;1385735178957919244
1385735179362;2.0;1385735179360751275
1385735179771;7.0;1385735179764938474
1385735179966;8.0;1385735179964981199
1385735180173;7.0;1385735180166427732
1385735180391;3.0;1385735180367569090
1385735180571;4.0;1385735180569412351
1385735180984;3.0;1385735180972305418
1385735181578;4.0;1385735181576303576
1385735181781;5.0;1385735181778238390
1385735182472;6.0;1385735182180991760
1385735182585;5.0;1385735182583549133
1385735182798;4.0;1385735182785178772
1385735183190;5.0;1385735183187858215
1385735183391;4.0;1385735183389274231
1385735183799;3.0;1385735183793381868
1385735183995;4.0;1385735183993821321
1385735184202;3.0;1385735184196549592
1385735184398;5.0;1385735184396940797
1385735184600;6.0;1385735184598448365
1385735184801;7.0;1385735184799809624
1385735185002;9.0;1385735185000859429
1385735185609;4.0;1385735185605913637
1385735186010;3.0;1385735186008287904
1385735186815;4.0;1385735186813738344
1385735187017;8.0;1385735187015123842
1385735187222;7.0;1385735187217907326
1385735187506;4.0;1385735187418011086
1385735187823;3.0;1385735187821056740
1385735188427;4.0;1385735188425530819
1385735188631;5.0;1385735188627038387
1385735188830;6.0;1385735188828423885
1385735189031;8.0;1385735189029534725
1385735189233;7.0;1385735189230981258
1385735189435;6.0;1385735189432488827
1385735189638;5.0;1385735189634601003
1385735189843;4.0;1385735189836413747
1385735190248;3.0;1385735190238177663
1385735190441;2.0;1385735190439929372
1385735190649;5.0;1385735190641772634
1385735191046;6.0;1385735191044024831
1385735191449;5.0;1385735191446612722
1385735191655;4.0;1385735191648028737
1385735191853;3.0;1385735191849383718
1385735192462;6.0;1385735192453601247
1385735192656;4.0;1385735192655108815
1385735192863;7.0;1385735192856909547
1385735193059;4.0;1385735193058142457
1385735193262;3.0;1385735193260077272
1385735193470;2.0;1385735193461279664
1385735193670;5.0;1385735193663092408
1385735194067;3.0;1385735194065588746
1385735194269;5.0;1385735194266882692
1385735194470;3.0;1385735194468475947
1385735194677;2.0;1385735194670319209
1385735195487;3.0;1385735195475538206
1385735195678;4.0;1385735195677143664
1385735196082;5.0;1385735196079914660
1385735196284;6.0;1385735196281269641
1385735196686;4.0;1385735196684267313
1385735197088;3.0;1385735197086855203
1385735197608;2.0;1385735197489809305
1385735197895;5.0;1385735197892641336
1385735198302;6.0;1385735198295773231
1385735198498;4.0;1385735198496853553
1385735198705;3.0;1385735198698391639
1385735199707;4.0;1385735199705301270
1385735200110;5.0;1385735200108194336
1385735200718;4.0;1385735200713626797
1385735200915;3.0;1385735200913852627
1385735201524;5.0;1385735201518601549
1385735201933;7.0;1385735201922562730
1385735202124;3.0;1385735202122727525
1385735202330;2.0;1385735202325089586
1385735202528;3.0;1385735202526169908
1385735202935;4.0;1385735202928873826
1385735203131;5.0;1385735203129954148
1385735203743;4.0;1385735203735130408
1385735203938;3.0;1385735203936271765
1385735204340;2.0;1385735204338737586
1385735205146;5.0;1385735205144395956
1385735205549;3.0;1385735205547411092
1385735205953;2.0;1385735205950103326
1385735206774;3.0;1385735206756560845
1385735206959;4.0;1385735206957030816
1385735207165;5.0;1385735207159331841
1385735207765;4.0;1385735207763543961
1385735207966;3.0;1385735207964532730
1385735208370;2.0;1385735208367529574
1385735208570;1.0;1385735208568823519
1385735208778;4.0;1385735208771002474
1385735209378;5.0;1385735209374701205
1385735209577;4.0;1385735209575567904
1385735209785;3.0;1385735209778265658
1385735209986;2.0;1385735209978882912
1385735210584;3.0;1385735210583191994
1385735210987;4.0;1385735210986036653
1385735211189;5.0;1385735211187154035
1385735211801;3.0;1385735211792439680
1385735212197;2.0;1385735212194857019
1385735212397;5.0;1385735212396035422
1385735212599;3.0;1385735212597512473
1385735213002;2.0;1385735213000375021
1385735213606;3.0;1385735213604574820
1385735214212;5.0;1385735214208670279
1385735214815;4.0;1385735214813125850
1385735215020;3.0;1385735215014877559
1385735215423;2.0;1385735215418228389
1385735216025;4.0;1385735216021909253
1385735216225;5.0;1385735216223233716
1385735216632;3.0;1385735216627439038
1385735217035;2.0;1385735217029111402
1385735217838;3.0;1385735217834861021
1385735218038;4.0;1385735218036472744
1385735218240;5.0;1385735218237522549
1385735218450;6.0;1385735218439243741
1385735218843;4.0;1385735218841892666
1385735219045;3.0;1385735219043339200
1385735219850;4.0;1385735219849027952
1385735220052;6.0;1385735220050566038
1385735220462;5.0;1385735220453349761
1385735220656;3.0;1385735220655040434
1385735221060;2.0;1385735221057811431
1385735221663;7.0;1385735221661784819
1385735221870;4.0;1385735221864421538
1385735222268;3.0;1385735222266607052
1385735222671;2.0;1385735222669133907
1385735222872;3.0;1385735222870715075
1385735223280;5.0;1385735223274346835
1385735223681;3.0;1385735223676965243
1385735224087;2.0;1385735224079443713
1385735224685;3.0;1385735224683362624
1385735224886;4.0;1385735224885144851
1385735225290;6.0;1385735225287714859
1385735225894;5.0;1385735225892146012
1385735226096;4.0;1385735226093562027
1385735226299;3.0;1385735226295557877
1385735226699;2.0;1385735226697779557
1385735226902;4.0;1385735226899342304
1385735227103;5.0;1385735227100971943
1385735227706;4.0;1385735227704774853
1385735227912;2.0;1385735227907075878
1385735228714;3.0;1385735228712465282
1385735228916;4.0;1385735228913576122
1385735229117;3.0;1385735229115205761
1385735229318;5.0;1385735229316310578
1385735229721;6.0;1385735229719295197
1385735229924;3.0;1385735229920863801
1385735230125;2.0;1385735230122292640
1385735230328;1.0;1385735230324410560
1385735230527;3.0;1385735230525155189
1385735230934;4.0;1385735230928841713
1385735231142;2.0;1385735231129372718
1385735231735;3.0;1385735231733950504
1385735232145;4.0;1385735232136721500
1385735232345;5.0;1385735232338778385
1385735232540;6.0;1385735232539505115
1385735232742;5.0;1385735232740921130
1385735232945;3.0;1385735232942428699
1385735233145;2.0;1385735233143753162
1385735234177;5.0;1385735234151132620
1385735234757;3.0;1385735234755594290
1385735235166;2.0;1385735235158194727
1385735235764;3.0;1385735235762442774
1385735235973;4.0;1385735235963736719
1385735236167;5.0;1385735236165579981
1385735236368;6.0;1385735236366416162
1385735236772;8.0;1385735236769486679
1385735236973;4.0;1385735236971299423
1385735237178;3.0;1385735237172471298
1385735237379;2.0;1385735237374479382
1385735237577;0.0;1385735237575590222
1385735237779;4.0;1385735237776640027
1385735238181;5.0;1385735238179899304
1385735238785;3.0;1385735238783689587
1385735238987;2.0;1385735238985527074
1385735239794;3.0;1385735239791051277
1385735240195;4.0;1385735240194005379
1385735240422;6.0;1385735240395573982
1385735240800;2.0;1385735240797917732
1385735241202;3.0;1385735241200932869
1385735241407;6.0;1385735241402739656
1385735241609;5.0;1385735241604643952
1385735241808;3.0;1385735241805266511
1385735242209;2.0;1385735242208294479
1385735242815;3.0;1385735242812817184
1385735243015;4.0;1385735243013744918
1385735243419;5.0;1385735243417248336
1385735244023;4.0;1385735244021399108
1385735244627;3.0;1385735244626056207
1385735244828;1.0;1385735244826770318
1385735245031;5.0;1385735245028491510
1385735245231;8.0;1385735245229785455
1385735245438;7.0;1385735245431842340
1385735245836;4.0;1385735245834399713
1385735246238;3.0;1385735246237012339
1385735246843;4.0;1385735246841077280
1385735247045;5.0;1385735247042719445
1385735247452;7.0;1385735247446070275
1385735248059;4.0;1385735248050989708
1385735248454;2.0;1385735248452845177
1385735248655;5.0;1385735248654194149
1385735248859;4.0;1385735248856006893
1385735249060;5.0;1385735249057178768
1385735249260;8.0;1385735249258472713
1385735249663;7.0;1385735249661439664
1385735249865;4.0;1385735249862489468
1385735250267;3.0;1385735250265565640
1385735250872;8.0;1385735250869630582
1385735251073;3.0;1385735251071559560
1385735251274;4.0;1385735251272853505
1385735251476;3.0;1385735251474757802
1385735251880;2.0;1385735251876961512
1385735252281;5.0;1385735252279915614
1385735252885;4.0;1385735252883950038
1385735253091;5.0;1385735253086708827
1385735253892;6.0;1385735253891207145
1385735254102;8.0;1385735254093508171
1385735254498;10.0;1385735254496291409
1385735254698;11.0;1385735254697097073
1385735255102;8.0;1385735255100112209
1385735255302;7.0;1385735255301100979
1385735255514;6.0;1385735255503920803
1385735255706;1.0;1385735255704085598
1385735255907;8.0;1385735255905709537
1385735256110;9.0;1385735256107125552
1385735256310;11.0;1385735256308694156
1385735256723;10.0;1385735256712423420
1385735256915;7.0;1385735256912801838
1385735257116;6.0;1385735257114492512
1385735257317;5.0;1385735257315786457
1385735257525;4.0;1385735257518118000
1385735257720;5.0;1385735257718435383
1385735257924;7.0;1385735257919729328
1385735258123;8.0;1385735258121810764
1385735258328;9.0;1385735258323837132
1385735258527;12.0;1385735258524764866
1385735258728;13.0;1385735258726119846
1385735259131;8.0;1385735259128994880
1385735259332;4.0;1385735259330258308
1385735259738;7.0;1385735259732846199
1385735259941;8.0;1385735259935055671
1385735260157;9.0;1385735260135952888
1385735260340;8.0;1385735260337460456
1385735260741;5.0;1385735260740439388
1385735261145;7.0;1385735261143393489
1385735261346;8.0;1385735261344608478
1385735261548;9.0;1385735261546177081
1385735261951;10.0;1385735261949192218
1385735262151;15.0;1385735262150394610
1385735262353;18.0;1385735262351658038
1385735262555;16.0;1385735262553623370
1385735262756;15.0;1385735262754429034
1385735262976;9.0;1385735262956571610
1385735263965;6.0;1385735263963237075
1385735264369;5.0;1385735264366160659
1385735264570;4.0;1385735264567485122
1385735264770;5.0;1385735264768687515
1385735264993;7.0;1385735264970469741
1385735265174;16.0;1385735265172007827
1385735265376;17.0;1385735265373204249
1385735265587;19.0;1385735265574955958
1385735265985;20.0;1385735265978672999
1385735266588;16.0;1385735266582567430
1385735266784;17.0;1385735266783037400
1385735266991;19.0;1385735266985368943
1385735267188;20.0;1385735267186357713
1385735267390;22.0;1385735267387560105
1385735267792;23.0;1385735267790111639
1385735267997;22.0;1385735267992168523
1385735268604;21.0;1385735268597148992
1385735269007;22.0;1385735268999584295
1385735269202;23.0;1385735269200115301
1385735269434;24.0;1385735269401561834
1385735269616;25.0;1385735269603069402
1385735269806;23.0;1385735269804424383
1385735270014;21.0;1385735270006969549
1385735270412;24.0;1385735270408916570
1385735270612;44.0;1385735270610363104
1385735270813;33.0;1385735270811596014
1385735271014;24.0;1385735271013122162
1385735271219;22.0;1385735271215453705
1385735271417;10.0;1385735271415984711
1385735271619;5.0;1385735271617675385
1385735271820;4.0;1385735271819182953
1385735272028;5.0;1385735272021575531
1385735272225;8.0;1385735272222014985
1385735272625;10.0;1385735272624413783
1385735273030;11.0;1385735273027825648
1385735273231;10.0;1385735273228967005
1385735273437;9.0;1385735273431145960
1385735273641;10.0;1385735273631921107
1385735273839;8.0;1385735273834161097
1385735274037;50.0;1385735274034722621
1385735274238;96.0;1385735274236382777
1385735274447;105.0;1385735274437279994
1385735274647;120.0;1385735274640008265
1385735274842;122.0;1385735274840295130
1385735275245;124.0;1385735275243462855
1385735275446;126.0;1385735275444390589
1385735275648;125.0;1385735275646111781
1385735276252;126.0;1385735276250805614
1385735276455;127.0;1385735276451977489
1385735276856;123.0;1385735276854809520
1385735277461;119.0;1385735277459204317
1385735277661;118.0;1385735277660376192
1385735277864;120.0;1385735277862585665
1385735278064;115.0;1385735278063238741
1385735278269;116.0;1385735278265570284
1385735278473;120.0;1385735278467077853
1385735278871;117.0;1385735278869269015
1385735279072;115.0;1385735279070715548
1385735279275;108.0;1385735279272314669
1385735279475;99.0;1385735279473272921
1385735279677;45.0;1385735279675085665
1385735279878;35.0;1385735279876562716
1385735280083;30.0;1385735280077673556
1385735280282;16.0;1385735280279333712
1385735280488;10.0;1385735280481085421
1385735280889;11.0;1385735280884454804
1385735281093;7.0;1385735281086175995
1385735281289;11.0;1385735281286859589
1385735281489;15.0;1385735281487756806
1385735281691;16.0;1385735281689355927
1385735282094;15.0;1385735282092371063
1385735282305;18.0;1385735282293994636
1385735282506;19.0;1385735282495197029
1385735283100;32.0;1385735283099365939
1385735283303;48.0;1385735283300659884
1385735283504;31.0;1385735283502136935
1385735283710;20.0;1385735283704682101
1385735284127;21.0;1385735284107758273
1385735284310;20.0;1385735284308075656
1385735284512;19.0;1385735284509766329
1385735284714;15.0;1385735284711085230
1385735284914;16.0;1385735284912440211
1385735285119;17.0;1385735285114527613
1385735285318;18.0;1385735285315302760
1385735285524;20.0;1385735285517463798
1385735285921;21.0;1385735285919899101
1385735286124;22.0;1385735286121009941
1385735286324;23.0;1385735286322456474
1385735286727;22.0;1385735286725685234
1385735287136;23.0;1385735287129182898
1385735287332;34.0;1385735287329835974
1385735287533;53.0;1385735287530855261
1385735288183;25.0;1385735287732698523
1385735288338;18.0;1385735288337050535
1385735288540;8.0;1385735288537917234
1385735288943;16.0;1385735288941054441
1385735289144;17.0;1385735289142714598
1385735289548;21.0;1385735289545906969
1385735289752;20.0;1385735289746926256
1385735289951;39.0;1385735289948342272
1385735290157;23.0;1385735290150582262
1385735290352;22.0;1385735290351065107
1385735290560;23.0;1385735290553366132
1385735290757;26.0;1385735290754019208
1385735290957;27.0;1385735290955221601
1385735291158;26.0;1385735291156851239
1385735291360;24.0;1385735291358145185
1385735291563;26.0;1385735291559835858
1385735291971;19.0;1385735291963607832
1385735292165;23.0;1385735292164138838
1385735292577;26.0;1385735292567581221
1385735292769;33.0;1385735292768002792
1385735292975;32.0;1385735292970517441
1385735293374;29.0;1385735293373044296
1385735293777;25.0;1385735293775601669
1385735293983;23.0;1385735293976620956
1385735294381;24.0;1385735294379813439
1385735294590;26.0;1385735294582480675
1385735294985;27.0;1385735294983817345
1385735295388;26.0;1385735295387058357
1385735295591;22.0;1385735295588535408
1385735295791;27.0;1385735295789981941
1385735295994;47.0;1385735295991123298
1385735296203;33.0;1385735296192905525
1385735296395;20.0;1385735296393894295
1385735296798;14.0;1385735296796751216
1385735297004;12.0;1385735296998533442
1385735297201;10.0;1385735297200010493
1385735297403;9.0;1385735297401439196
1385735297814;8.0;1385735297804393297
1385735298212;9.0;1385735298208140856
1385735298410;11.0;1385735298408732897
1385735298813;13.0;1385735298811320787
1385735299216;9.0;1385735299214635286
1385735299623;10.0;1385735299618138704
1385735299820;11.0;1385735299818621399
1385735300224;9.0;1385735300221728088
1385735300835;8.0;1385735300825915100
1385735301231;9.0;1385735301228808166
1385735301431;11.0;1385735301430065561
1385735301834;12.0;1385735301832714487
1385735302037;13.0;1385735302034313608
1385735302237;14.0;1385735302235864450
1385735302439;22.0;1385735302437402536
1385735302640;23.0;1385735302638665963
1385735302841;20.0;1385735302839898874
1385735303088;21.0;1385735303041101266
1385735303247;27.0;1385735303243554879
1385735303445;31.0;1385735303444268991
1385735303647;26.0;1385735303645562936
1385735303849;23.0;1385735303847308657
1385735304055;21.0;1385735304048633120
1385735304256;40.0;1385735304250506900
1385735304453;57.0;1385735304451556704
1385735304657;53.0;1385735304653749105
1385735304857;52.0;1385735304854524252
1385735305064;9.0;1385735305055879232
1385735305259;5.0;1385735305257081625
1385735305460;8.0;1385735305458894369
1385735305870;10.0;1385735305862580892
1385735306467;4.0;1385735306465999272
1385735307071;7.0;1385735307070015838
1385735307274;8.0;1385735307271920135
1385735307474;9.0;1385735307473000457
1385735307676;10.0;1385735307674569061
1385735308079;11.0;1385735308077370574
1385735308280;9.0;1385735308278634002
1385735308502;8.0;1385735308480324676
1385735308684;7.0;1385735308681490531
1385735308885;6.0;1385735308883333792
1385735309086;11.0;1385735309084536185
1385735309489;9.0;1385735309487368216
1385735309691;8.0;1385735309688967337
1385735310093;2.0;1385735310091402640
1385735310298;8.0;1385735310293886771
1385735310698;10.0;1385735310695833792
1385735311106;21.0;1385735311099215140
1385735311302;55.0;1385735311300142874
1385735311503;57.0;1385735311501467337
1385735311914;54.0;1385735311904806368
1385735312107;55.0;1385735312106405489
1385735312309;57.0;1385735312307607882
1385735312712;55.0;1385735312710592501
1385735312920;54.0;1385735312911733858
1385735313119;51.0;1385735313113973848
1385735313327;56.0;1385735313314657442
1385735313517;52.0;1385735313516097911
1385735313719;42.0;1385735313717483409
1385735313920;29.0;1385735313918899425
1385735314128;11.0;1385735314120803722
1385735314325;8.0;1385735314321578868
1385735314525;7.0;1385735314523177989
1385735314726;8.0;1385735314724563487
1385735314927;9.0;1385735314925918468
1385735315352;5.0;1385735315328811534
1385735315533;4.0;1385735315530074962
1385735315735;3.0;1385735315731887706
1385735316339;4.0;1385735316336013683
1385735316539;8.0;1385735316537185558
1385735316742;9.0;1385735316739322093
1385735317145;10.0;1385735317142276194
1385735317345;4.0;13857353173434175