1385734991363
1385734999992
1385735003065
1385735010528
1385735013561
1385735020589
1385735023447
1385735030779
1385735033572
1385735040743
1385735043168
1385735049996
1385735052475
1385735059634
1385735062017
1385735070057
1385735072891
1385735079775
1385735082609
1385735090344
1385735092753
1385735099515
1385735101908
1385735109092
1385735110996
1385735118161
1385735120296
1385735127684
1385735129576
1385735136846
1385735138601
1385735146212
1385735148246
1385735155171
1385735157166
1385735163820
1385735165668
1385735172651
1385735174499
1385735180983
1385735182662
1385735190316
1385735192016
1385735198892
1385735200820
1385735207483
1385735209474
1385735216617
1385735218524
1385735225317
1385735227287
1385735234292
1385735236034
1385735242617
1385735244356
1385735251489
1385735253834
1385735260769
1385735262735
1385735269120
1385735270983
1385735278087
1385735279784
1385735286305
1385735288236
1385735294779
1385735296271
1385735303097
1385735304434
1385735311958
1385735313886
1385735320427
1385735322198
1385735329609
1385735331676
1385735339219
1385735341205
1385735348383
1385735350202
1385735357283
1385735358970
1385735366022
1385735368094
1385735374673
1385735376496
1385735383883
1385735385737
1385735393790
1385735395660
1385735402234
1385735403706
1385735411700
1385735413355
1385735420857
1385735422632
1385735430571
1385735432555
1385735438780
1385735440697
1385735447090
1385735448821
1385735456203
1385735457595
1385735465091
