1386163303650
1386163306248
1386163308831
1386163310691
1386163312792
1386163314586
1386163316737
1386163319476
1386163321463
1386163324055
1386163326145
1386163328572
1386163330639
1386163333285
1386163335237
1386163337419
1386163339165
1386163341387
1386163343310
1386163345749
1386163347816
1386163349851
1386163351876
1386163354087
1386163356084
1386163357746
1386163359752
1386163362375
1386163364215
1386163366686
1386163368629
1386163370963
1386163372926
1386163375364
1386163377132
1386163379612
1386163381584
1386163384063
1386163385881
1386163388052
1386163389880
1386163392544
1386163394302
1386163396367
1386163398196
1386163400479
1386163402550
1386163405116
1386163406844
1386163409127
1386163411128
1386163413755
1386163415705
1386163418308
1386163420273
1386163423669
1386163425713
1386163428399
1386163430362
1386163433627
1386163435701
1386163438448
1386163440556
1386163443025
1386163444894
1386163447342
1386163449511
1386163452137
1386163454158
1386163456823
1386163459115
1386163462379
1386163463484
1386163466443
1386163468483
1386163471025
1386163472717
1386163475434
1386163477325
1386163479630
1386163481414
1386163484390
1386163486383
1386163488860
1386163490555
1386163493282
1386163495056
1386163497173
1386163499218
1386163501553
1386163503577
1386163506231
1386163507944
1386163510340
1386163512014
1386163514259
1386163515844
1386163517974
1386163519624
1386163522217
1386163523921
1386163525696
