1385531155248;60.0;10709826387000
1385531155357;45.0;10714583314000
1385531155367;60.0;10714739564000
1385531155400;45.0;10715012910000
1385531155424;60.0;10715122285000
1385531156162;45.0;10716700685000
1385531156256;60.0;10716794435000
1385531156382;45.0;10716920137000
1385531156631;60.0;10717169313000
1385531156882;45.0;10717420106000
1385531157093;60.0;10717631044000
1385531157187;45.0;10717724916000
1385531157311;60.0;10717849031000
1385531157592;45.0;10718130525000
1385531158038;60.0;10718575776000
1385531158288;45.0;10718825807000
1385531158812;60.0;10719349885000
1385531158998;45.0;10719536653000
1385531159187;60.0;10719725251000
1385531159397;45.0;10719935121000
1385531159459;60.0;10719997651000
1385531160084;45.0;10720621858000
1385531160170;60.0;10720708467000
1385531160233;45.0;10720770967000
1385531163944;30.0;10724481843000
1385531164616;15.0;10725153749000
1385531169031;0.0;10729568879000
1385531169159;15.0;10729697053000
1385531169733;0.0;10730271150000
1385531169858;15.0;10730396180000
1385531174415;30.0;10734952729000
1385531175585;45.0;10736123140000
1385531176392;60.0;10736929597000
1385531176717;75.0;10737255494000
1385531177045;90.0;10737583711000
1385531177170;105.0;10737708589000
1385531177264;120.0;10737802278000
1385531177497;135.0;10738035280000
1385531177654;150.0;10738192781000
1385531177686;165.0;10738224611000
1385531177991;180.0;10738528901000
1385531178530;195.0;10739067964000
1385531178723;210.0;10739260713000
1385531178850;225.0;10739388337000
1385531179446;240.0;10739974916000
1385531179553;255.0;10740091523000
1385531179686;270.0;10740224122000
1385531179906;285.0;10740443940000
1385531180311;300.0;10740849061000
1385531180469;315.0;10741006990000
1385531180600;330.0;10741138307000
1385531180897;315.0;10741434999000
1385531181061;300.0;10741599183000
1385531181755;315.0;10742265931000
1385531181812;300.0;10742350496000
1385531181895;285.0;10742432740000
1385531182195;270.0;10742733003000
1385531182451;255.0;10742989778000
1385531182608;240.0;10743146058000
1385531182670;225.0;10743208711000
1385531182803;210.0;10743341310000
1385531182964;195.0;10743502778000
1385531183061;180.0;10743599611000
1385531183137;165.0;10743675752000
1385531183257;150.0;10743795198000
1385531183295;135.0;10743833436000
1385531183451;120.0;10743989717000
1385531183546;105.0;10744084077000
1385531183670;90.0;10744208467000
1385531184110;75.0;10744647920000
1385531184605;60.0;10745143373000
1385531184991;45.0;10745528932000
1385531185615;30.0;10746153749000
1385531186366;15.0;10746904481000
1385531189140;0.0;10749677827000
1385531189201;15.0;10749739656000
1385531189357;0.0;10749895845000
1385531189421;15.0;10749958741000
1385531189530;0.0;10750068361000
1385531189593;15.0;10750130220000
1385531189795;0.0;10750333467000
1385531190912;15.0;10751450746000
1385531190983;0.0;10751521425000
1385531191358;15.0;10751896669000
1385531191514;0.0;10752052217000
1385531191576;15.0;10752114778000
1385531194678;30.0;10755216279000
1385531195333;45.0;10755871034000
1385531195407;60.0;10755945588000
1385531195653;75.0;10756191468000
1385531196085;90.0;10756623750000
1385531196311;75.0;10756848970000
1385531196375;90.0;10756913179000
1385531197314;75.0;10757852571000
1385531197402;90.0;10757938905000
1385531197475;75.0;10758013124000
1385531199029;90.0;10759567750000
1385531199186;105.0;10759724397000
1385531199365;120.0;10759903688000
1385531199459;135.0;10759997621000
1385531199522;150.0;10760060060000
1385531199585;165.0;10760123628000
1385531199679;180.0;10760216890000
1385531199743;195.0;10760281129000
1385531199779;210.0;10760317720000
1385531199811;225.0;10760348970000
1385531199906;255.0;10760444368000
1385531199990;285.0;10760528688000
1385531200023;315.0;10760561067000
1385531200100;330.0;10760638154000
1385531200156;345.0;10760693910000
1385531200279;360.0;10760816896000
1385531200875;375.0;10761413179000
1385531201014;390.0;10761552278000
1385531201151;375.0;10761689210000
1385531201467;360.0;10762005281000
1385531201624;345.0;10762162141000
1385531201748;360.0;10762286622000
1385531202069;375.0;10762606935000
1385531202194;390.0;10762731996000
1385531202225;405.0;10762763765000
1385531202287;390.0;10762825715000
1385531202469;405.0;10762991273000
1385531202514;390.0;10763052369000
1385531202577;405.0;10763114808000
1385531202608;420.0;10763145997000
1385531202670;435.0;10763208528000
1385531202733;450.0;10763271089000
1385531202795;435.0;10763333589000
1385531203108;450.0;10763645967000
1385531203171;465.0;10763709047000
1385531203272;480.0;10763810029000
1385531203334;495.0;10763872499000
1385531203397;525.0;10763935518000
1385531203490;570.0;10764028657000
1385531203522;630.0;10764060029000
1385531203553;750.0;10764091554000
1385531203616;825.0;10764153810000
1385531203678;750.0;10764216279000
1385531203742;660.0;10764279542000
1385531203772;600.0;10764310029000
1385531203928;510.0;10764466554000
1385531203964;480.0;10764502473000
1385531203999;465.0;10764536958000
1385531204062;450.0;10764600312000
1385531204209;465.0;10764747560000
1385531204246;495.0;10764781099000
1385531204333;555.0;10764870851000
1385531204383;630.0;10764921357000
1385531204427;690.0;10764965150000
1385531204459;735.0;10764997529000
1385531204555;720.0;10765092561000
1385531204624;600.0;10765162233000
1385531204655;480.0;10765192994000
1385531204717;390.0;10765255647000
1385531204779;315.0;10765317750000
1385531204866;240.0;10765404420000
1385531204944;210.0;10765477327000
1385531204984;195.0;10765521211000
1385531205016;180.0;10765554445000
1385531205068;165.0;10765605897000
1385531205100;150.0;10765638185000
1385531205195;135.0;10765732545000
1385531205234;120.0;10765772371000
1385531205272;105.0;10765810090000
1385531205334;90.0;10765872590000
1385531205397;75.0;10765935548000
1385531205428;60.0;10765966310000
1385531205491;45.0;10766028810000
1385531206436;30.0;10766974153000
1385531207555;15.0;10768093324000
1385531212397;30.0;10772935426000
1385531213405;45.0;10773942872000
1385531214014;60.0;10774552278000
1385531214444;75.0;10774981904000
1385531214864;90.0;10775402345000
1385531215007;105.0;10775544862000
1385531215226;120.0;10775764192000
1385531215452;135.0;10775990083000
1385531215733;150.0;10776270997000
1385531215827;165.0;10776365113000
1385531216147;180.0;10776684968000
1385531216358;195.0;10776896455000
1385531216608;210.0;10777145936000
1385531216772;225.0;10777310121000
1385531217233;240.0;10777770936000
1385531217568;255.0;10778106324000
1385531217639;270.0;10778177217000
1385531218719;285.0;10779257753000
1385531218826;270.0;10779364625000
1385531218990;285.0;10779528566000
1385531219358;300.0;10779896394000
1385531219705;285.0;10780243318000
1385531219866;270.0;10780404054000
1385531219928;285.0;10780466157000
1385531220373;270.0;10780911500000
1385531220529;255.0;10781067598000
1385531220623;240.0;10781161805000
1385531220756;225.0;10781294313000
1385531221069;240.0;10781606965000
1385531221334;225.0;10781872621000
1385531221460;210.0;10781998018000
1385531221560;195.0;10782098848000
1385531221624;180.0;10782162599000
1385531221789;165.0;10782326905000
1385531222023;150.0;10782561006000
1385531222179;135.0;10782717042000
1385531222295;120.0;10782833619000
1385531222451;105.0;10782989625000
1385531222670;90.0;10783208406000
1385531223092;75.0;10783630769000
1385531223225;60.0;10783763643000
1385531223616;45.0;10784153901000
1385531224131;30.0;10784669282000
1385531225350;15.0;10785888124000
1385531226507;30.0;10787044832000
1385531227772;45.0;10788310090000
1385531228553;60.0;10789091279000
1385531228748;75.0;10789286622000
1385531228975;60.0;10789513093000
1385531229428;75.0;10789966218000
1385531230030;60.0;10790567903000
1385531230975;45.0;10791513215000
1385531231069;60.0;10791606874000
1385531231131;45.0;10791669282000
1385531231678;30.0;10792216645000
1385531232069;15.0;10792606996000
1385531232131;30.0;10792669465000
1385531232194;15.0;10792732087000
1385531246397;30.0;10806935518000
1385531246553;15.0;10807091279000
1385531246616;30.0;10807153932000
1385531247336;45.0;10807874025000
1385531247866;60.0;10808404359000
1385531248197;75.0;10808734620000
1385531248289;90.0;10808826814000
1385531248491;105.0;10809028810000
1385531248616;120.0;10809153840000
1385531248764;135.0;10809302247000
1385531248920;150.0;10809458467000
1385531249079;165.0;10809617189000
1385531249125;180.0;10809663331000
1385531249194;195.0;10809732118000
1385531249226;225.0;10809763856000
1385531249256;240.0;10809794557000
1385531249369;255.0;10809906648000
1385531249592;270.0;10810130372000
1385531249655;285.0;10810192842000
1385531249717;300.0;10810255525000
1385531249748;315.0;10810286622000
1385531249811;330.0;10810349061000
1385531249873;360.0;10810411622000
1385531249942;375.0;10810479921000
1385531250053;360.0;10810591401000
1385531250084;345.0;10810622621000
1385531250147;330.0;10810685029000
1385531250304;315.0;10810842256000
1385531250531;330.0;10811069856000
1385531250608;345.0;10811145967000
1385531250639;360.0;10811177247000
1385531250702;390.0;10811240327000
1385531250795;420.0;10811333619000
1385531250827;480.0;10811364778000
1385531250858;495.0;10811395967000
1385531250920;465.0;10811458589000
1385531250990;435.0;10811528657000
1385531251022;420.0;10811560457000
1385531251092;375.0;10811630372000
1385531251155;330.0;10811692872000
1385531251186;315.0;10811724763000
1385531251248;285.0;10811786592000
1385531251311;330.0;10811849244000
1385531251373;540.0;10811911744000
1385531251467;285.0;10812005281000
1385531251530;180.0;10812067781000
1385531251592;165.0;10812130433000
1385531252131;150.0;10812669252000
1385531252256;165.0;10812794435000
1385531252912;180.0;10813450715000
1385531253256;195.0;10813794526000
1385531253352;210.0;10813890046000
1385531253459;240.0;10813997865000
1385531253491;345.0;10814029145000
1385531253522;375.0;10814060426000
1385531253616;420.0;10814153810000
1385531253678;540.0;10814216279000
1385531253742;675.0;10814279878000
1385531253835;780.0;10814373140000
1385531253942;750.0;10814480043000
1385531253975;705.0;10814513307000
1385531254069;735.0;10814606813000
1385531254131;705.0;10814669313000
1385531254194;645.0;10814732026000
1385531254225;585.0;10814763734000
1385531254384;570.0;10814921571000
1385531254422;510.0;10814959779000
1385531254469;480.0;10815006593000
1385531254527;450.0;10815064790000
1385531254562;435.0;10815100740000
1385531254631;420.0;10815169313000
1385531254694;405.0;10815231996000
1385531254725;375.0;10815263246000
1385531254787;360.0;10815325593000
1385531254909;345.0;10815444429000
1385531254975;375.0;10815513093000
1385531255007;405.0;10815545472000
1385531255093;420.0;10815631013000
1385531255158;435.0;10815695802000
1385531255350;420.0;10815888063000
1385531255428;405.0;10815966188000
1385531255553;420.0;10816091218000
1385531255709;405.0;10816247529000
1385531255780;420.0;10816318361000
1385531255935;405.0;10816473054000
1385531256023;435.0;10816560792000
1385531256131;420.0;10816669282000
1385531256350;405.0;10816888032000
1385531256670;420.0;10817208467000
1385531257030;435.0;10817567903000
1385531257139;450.0;10817677217000
1385531257170;480.0;10817708497000
1385531257326;495.0;10817864717000
1385531257390;510.0;10817927919000
1385531257663;495.0;10818201173000
1385531257725;480.0;10818263185000
1385531257812;495.0;10818350221000
1385531257897;480.0;10818434694000
1385531257948;465.0;10818485933000
1385531258046;480.0;10818584321000
1385531258108;465.0;10818645845000
1385531258201;480.0;10818739686000
1385531258264;495.0;10818802766000
1385531258451;480.0;10818989778000
1385531258694;465.0;10819232606000
1385531258743;435.0;10819281434000
1385531258780;420.0;10819318116000
1385531258816;405.0;10819351594000
1385531258990;435.0;10819528718000
1385531259053;420.0;10819591188000
1385531259647;435.0;10820184968000
1385531259709;450.0;10820247590000
1385531259772;480.0;10820310121000
1385531259834;495.0;10820372621000
1385531259866;510.0;10820403810000
1385531260189;525.0;10820726472000
1385531260225;540.0;10820763063000
1385531260256;570.0;10820794282000
1385531260319;600.0;10820856782000
1385531260382;645.0;10820919954000
1385531260412;690.0;10820950654000
1385531260492;750.0;10821029603000
1385531260530;825.0;10821067842000
1385531260592;885.0;10821130464000
1385531260656;915.0;10821193788000
1385531260941;930.0;10821479738000
1385531260975;945.0;10821513704000
1385531261037;960.0;10821575563000
1385531261122;945.0;10821660371000
1385531261186;930.0;10821724031000
1385531261217;945.0;10821755220000
1385531261311;960.0;10821849214000
1385531261501;885.0;10822038514000
1385531261600;960.0;10822138215000
1385531261631;990.0;10822169465000
1385531261719;1005.0;10822257051000
1385531261803;990.0;10822340059000
1385531261881;945.0;10822419404000
1385531261912;840.0;10822450685000
1385531261983;720.0;10822521516000
1385531262014;615.0;10822552278000
1385531262076;555.0;10822614564000
1385531262139;435.0;10822677583000
1385531262358;450.0;10822896486000
1385531262421;570.0;10822958955000
1385531262483;825.0;10823020967000
1385531262515;1005.0;10823053560000
1385531262850;945.0;10823388154000
1385531262912;780.0;10823450715000
1385531262984;645.0;10823521852000
1385531263015;540.0;10823553071000
1385531263139;585.0;10823677644000
1385531263201;675.0;10823739717000
1385531263233;855.0;10823771028000
1385531263295;975.0;10823833375000
1385531263384;960.0;10823922059000
1385531263427;915.0;10823965120000
1385531263551;930.0;10824088777000
1385531263605;945.0;10824143098000
1385531263642;975.0;10824180177000
1385531263723;900.0;10824257844000
1385531263770;720.0;10824308686000
1385531263803;540.0;10824341401000
1385531263865;480.0;10824403688000
1385531263910;450.0;10824445192000
1385531264015;405.0;10824552949000
1385531264265;555.0;10824803193000
1385531264303;570.0;10824841279000
1385531264460;585.0;10824997987000
1385531264522;570.0;10825060151000
1385531264641;540.0;10825179872000
1385531264702;480.0;10825240358000
1385531264733;360.0;10825271028000
1385531264803;285.0;10825341401000
1385531264983;315.0;10825520906000
1385531265014;420.0;10825552400000
1385531265076;540.0;10825614564000
1385531265140;660.0;10825678163000
1385531265195;720.0;10825733125000
1385531265303;735.0;10825841310000
1385531265334;810.0;10825872590000
1385531265412;840.0;10825950715000
1385531265569;795.0;10826106965000
1385531265631;690.0;10826169648000
1385531265663;555.0;10826201234000
1385531265725;480.0;10826263215000
1385531265850;555.0;10826388246000
1385531265912;600.0;10826450776000
1385531265949;645.0;10826487214000
1385531266014;705.0;10826552217000
1385531266076;765.0;10826614717000
1385531266108;810.0;10826645967000
1385531266170;840.0;10826708467000
1385531266241;810.0;10826778871000
1385531266272;765.0;10826810121000
1385531266335;750.0;10826873109000
1385531266397;720.0;10826935670000
1385531266460;630.0;10826998109000
1385531266491;570.0;10827028871000
1385531266615;585.0;10827153779000
1385531266678;600.0;10827216249000
1385531266741;555.0;10827279207000
1385531266772;510.0;10827309999000
1385531267008;465.0;10827411653000
1385531267041;375.0;10827558076000
1385531267076;285.0;10827614473000
1385531278539;510.0;10839077455000
1385531278586;585.0;10839123872000
1385531278623;765.0;10839161500000
1385531278655;900.0;10839193330000
1385531278717;885.0;10839255433000
1385531278780;855.0;10839317842000
1385531278842;825.0;10839380342000
1385531278873;810.0;10839411592000
1385531278983;795.0;10839520875000
1385531279015;780.0;10839552766000
1385531279108;765.0;10839646058000
1385531279201;750.0;10839739717000
1385531279233;765.0;10839770845000
1385531279444;330.0;10839981782000
1385531279506;765.0;10840044404000
1385531279725;795.0;10840263124000
1385531279756;855.0;10840294465000
1385531279819;870.0;10840356904000
1385531279882;885.0;10840420228000
1385531279949;855.0;10840487153000
1385531279983;840.0;10840520936000
1385531280130;855.0;10840668275000
1385531280162;870.0;10840700685000
1385531280201;900.0;10840739595000
1385531280264;885.0;10840802278000
1385531280338;870.0;10840876344000
1385531280437;885.0;10840974824000
1385531280600;900.0;10841138215000
1385531280662;945.0;10841200563000
1385531280819;960.0;10841356782000
1385531281194;945.0;10841732026000
1385531281257;930.0;10841795472000
1385531281420;915.0;10841958589000
1385531281491;900.0;10842029176000
1385531281585;885.0;10842123292000
1385531281639;870.0;10842177064000
1385531281701;840.0;10842239625000
1385531281819;825.0;10842356935000
1385531281881;810.0;10842419679000
1385531282139;795.0;10842677217000
1385531282201;825.0;10842739595000
1385531282264;885.0;10842802247000
1385531282327;945.0;10842864808000
1385531282358;1005.0;10842896699000
1385531282421;1035.0;10842959108000
1385531282522;1005.0;10843060334000
1385531282584;945.0;10843122621000
1385531282740;915.0;10843278718000
1385531282804;855.0;10843341798000
1385531282866;825.0;10843403932000
1385531282928;810.0;10843466401000
1385531282998;825.0;10843536714000
1385531283030;855.0;10843567842000
1385531283102;825.0;10843640352000
1385531283221;855.0;10843756440000
1385531283264;870.0;10843802186000
1385531283303;885.0;10843841310000
1385531283428;960.0;10843966310000
1385531283460;1050.0;10843998109000
1385531283522;1035.0;10844059938000
1385531283584;960.0;10844122621000
1385531283678;885.0;10844216371000
1385531283821;840.0;10844357820000
1385531283879;735.0;10844416932000
1385531283926;720.0;10844464448000
1385531283967;690.0;10844505433000
1385531284030;675.0;10844567811000
1385531284100;660.0;10844638093000
1385531284194;720.0;10844731904000
1385531284257;735.0;10844794984000
1385531284487;675.0;10845025117000
1385531284522;570.0;10845060060000
1385531284584;495.0;10845122682000
1385531284647;450.0;10845185151000
1385531284678;420.0;10845216279000
1385531284740;405.0;10845278688000
1385531284803;390.0;10845341279000
1385531284967;375.0;10845505464000
1385531285030;390.0;10845567750000
1385531285123;405.0;10845661622000
1385531285186;420.0;10845724183000
1385531285249;450.0;10845787202000
1385531285311;480.0;10845849092000
1385531285342;510.0;10845880433000
1385531285405;525.0;10845942903000
1385531285530;510.0;10846068422000
1385531285585;480.0;10846123231000
1385531285628;465.0;10846166017000
1385531285694;435.0;10846232393000
1385531285725;420.0;10846263307000
1385531285787;405.0;10846325685000
1385531286077;420.0;10846614900000
1385531286139;450.0;10846677095000
1385531286171;465.0;10846708314000
1385531286296;480.0;10846834047000
1385531286358;465.0;10846896699000
1385531286389;450.0;10846927064000
1385531286452;420.0;10846990175000
1385531286631;360.0;10847169099000
1385531286694;345.0;10847232484000
1385531286725;330.0;10847263215000
1385531286850;315.0;10847388032000
1385531287077;330.0;10847615449000
1385531287171;360.0;10847709077000
1385531287233;405.0;10847771119000
1385531287296;420.0;10847834443000
1385531287396;435.0;10847934114000
1385531287436;450.0;10847974580000
1385531287562;435.0;10848099000000
1385531287623;420.0;10848161653000
1385531287780;435.0;10848317872000
1385531287905;450.0;10848442964000
1385531287936;465.0;10848474275000
1385531288007;480.0;10848545198000
1385531288100;510.0;10848638063000
1385531288132;570.0;10848670198000
1385531288162;645.0;10848700593000
1385531288225;660.0;10848763154000
1385531288331;630.0;10848869905000
1385531288374;600.0;10848912141000
1385531288405;540.0;10848942964000
1385531288437;525.0;10848975068000
1385531288547;510.0;10849084626000
1385531288602;480.0;10849139741000
1385531288652;465.0;10849190034000
1385531288873;480.0;10849411714000
1385531288905;525.0;10849442964000
1385531288942;555.0;10849480684000
1385531289007;600.0;10849545076000
1385531289069;615.0;10849606904000
1385531289100;645.0;10849638704000
1385531289162;615.0;10849700715000
1385531289306;555.0;10849843934000
1385531289398;510.0;10849936128000
1385531289443;450.0;10849981843000
1385531289477;435.0;10850015107000
1385531289528;420.0;10850066194000
1385531289592;405.0;10850130464000
1385531289624;420.0;10850161805000
1385531289842;450.0;10850380433000
1385531289873;495.0;10850411683000
1385531289959;510.0;10850497255000
1385531289999;525.0;10850536653000
1385531290069;510.0;10850606416000
1385531290162;465.0;10850700654000
1385531290225;405.0;10850763215000
1385531290256;360.0;10850794374000
1385531290319;345.0;10850857148000
1385531290382;330.0;10850919893000
1385531290444;315.0;10850982026000
1385531290670;330.0;10851208497000
1385531290764;345.0;10851302308000
1385531290826;375.0;10851364686000
1385531290920;390.0;10851458375000
1385531291084;375.0;10851622621000
1385531291147;345.0;10851684968000
1385531291216;330.0;10851754243000
1385531291280;315.0;10851817750000
1385531291437;300.0;10851975404000
1385531291584;285.0;10852122468000
1385531291803;270.0;10852341310000
1385531291865;255.0;10852403779000
1385531291929;240.0;10852466157000
1385531292098;225.0;10852635743000
1385531292146;195.0;10852683839000
1385531293858;210.0;10854395845000
1385531294084;225.0;10854622651000
1385531294303;240.0;10854841401000
1385531294522;255.0;10855060243000
1385531294678;270.0;10855216157000
1385531294853;285.0;10855390779000
1385531294973;315.0;10855511445000
1385531295006;330.0;10855544374000
1385531295038;345.0;10855576051000
1385531295069;360.0;10855606965000
1385531295212;375.0;10855749513000
1385531295249;390.0;10855787050000
1385531295311;420.0;10855849092000
1385531295631;405.0;10856169465000
1385531295757;420.0;10856294801000
1385531295787;435.0;10856325532000
1385531296014;450.0;10856552247000
1385531296233;465.0;10856771089000
1385531296561;450.0;10857099122000
1385531296912;465.0;10857450502000
1385531297014;480.0;10857552400000
1385531297453;465.0;10857991853000
1385531297633;450.0;10858171083000
1385531297702;465.0;10858239839000
1385531297826;450.0;10858364625000
1385531298115;435.0;10858653627000
1385531298272;420.0;10858810029000
1385531298397;405.0;10858934877000
1385531298460;390.0;10858997743000
1385531298498;375.0;10859036561000
1385531298671;345.0;10859208650000
1385531298707;330.0;10859245149000
1385531298754;315.0;10859292329000
1385531298802;300.0;10859339845000
1385531298842;285.0;10859380464000
1385531298905;255.0;10859442781000
1385531298936;240.0;10859474000000
1385531299007;225.0;10859544526000
1385531299069;210.0;10859606965000
1385531299100;195.0;10859638215000
1385531299162;180.0;10859700715000
1385531299295;165.0;10859833528000
1385531299514;150.0;10860052186000
1385531299608;135.0;10860146425000
1385531299997;120.0;10860535218000
1385531300418;105.0;10860956331000
1385531300702;90.0;10861239839000
1385531301389;75.0;10861927308000
1385531301593;60.0;10862131166000
1385531301983;45.0;10862520936000
1385531302639;30.0;10863177217000
1385531305412;15.0;10865950685000
1385531307225;30.0;10867763063000
1385531307297;15.0;10867834871000
1385531307397;30.0;10867935212000
1385531307522;15.0;10868060457000
1385531307584;30.0;10868122590000
1385531312046;45.0;10872583955000
1385531313366;60.0;10873904390000
1385531313491;45.0;10874029298000
1385531313561;60.0;10874098909000
1385531313811;75.0;10874349611000
1385531314124;90.0;10874662355000
1385531314592;105.0;10875130250000
1385531314873;120.0;10875411592000
1385531315102;135.0;10875640565000
1385531315545;150.0;10876083497000
1385531315733;165.0;10876270967000
1385531315920;180.0;10876458467000
1385531316163;195.0;10876701112000
1385531316288;180.0;10876825837000
1385531316446;195.0;10876983796000
1385531316561;210.0;10877098878000
1385531316623;225.0;10877161622000
1385531316686;255.0;10877224611000
1385531316889;285.0;10877427583000
1385531316921;300.0;10877459047000
1385531316962;330.0;10877498872000
1385531317030;345.0;10877567811000
1385531317124;375.0;10877662080000
1385531317186;390.0;10877724122000
1385531317280;405.0;10877817750000
1385531317342;420.0;10877880250000
1385531317405;450.0;10877943483000
1385531317467;465.0;10878005372000
1385531317529;480.0;10878067750000
1385531317561;495.0;10878098970000
1385531317623;525.0;10878161744000
1385531317686;555.0;10878224672000
1385531317749;585.0;10878287141000
1385531317780;600.0;10878317903000
1385531317843;615.0;10878380800000
1385531317905;630.0;10878443757000
1385531318098;615.0;10878632631000
1385531318170;630.0;10878708345000
1385531318295;645.0;10878833589000
1385531318389;660.0;10878927125000
1385531318670;690.0;10879208406000
1385531318733;735.0;10879270997000
1385531318795;750.0;10879333589000
1385531318858;765.0;10879395997000
1385531318889;780.0;10879427156000
1385531318960;810.0;10879497895000
1385531319202;750.0;10879739961000
1385531319233;735.0;10879771028000
1385531319326;750.0;10879864656000
1385531319444;765.0;10879982545000
1385531319626;840.0;10880163026000
1385531319725;795.0;10880263612000
1385531319850;780.0;10880388582000
1385531319882;765.0;10880419862000
1385531319947;735.0;10880485017000
1385531320108;645.0;10880645906000
1385531320170;585.0;10880708314000
1385531320264;630.0;10880802217000
1385531320326;735.0;10880864686000
1385531320389;930.0;10880927125000
1385531320451;855.0;10880989656000
1385531320514;720.0;10881052186000
1385531320545;705.0;10881083436000
1385531320772;720.0;10881309999000
1385531320897;705.0;10881434968000
1385531320998;720.0;10881536622000
1385531321061;735.0;10881599214000
1385531321124;765.0;10881662202000
1385531321155;780.0;10881692964000
1385531321217;765.0;10881755403000
1385531321280;750.0;10881817842000
1385531321373;735.0;10881911714000
1385531321436;720.0;10881974214000
1385531321717;735.0;10882255372000
1385531321843;765.0;10882381349000
1385531321898;780.0;10882435701000
1385531322006;795.0;10882544343000
1385531322037;810.0;10882575593000
1385531322100;825.0;10882638032000
1385531322325;795.0;10882863130000
1385531322421;765.0;10882959535000
1385531322553;780.0;10883091340000
1385531322616;795.0;10883154512000
1385531322772;825.0;10883310090000
1385531322904;795.0;10883442628000
1385531322936;525.0;10883474427000
1385531323045;885.0;10883583436000
1385531323108;855.0;10883645845000
1385531323161;825.0;10883695497000
1385531323225;810.0;10883763276000
1385531323256;780.0;10883794282000
1385531323319;750.0;10883857179000
1385531323381;720.0;10883919465000
1385531323662;735.0;10884200654000
1385531324045;720.0;10884583406000
1385531324108;705.0;10884645906000
1385531324327;690.0;10884864595000
1385531324717;675.0;10885255311000
1385531325146;660.0;10885683839000
1385531325584;645.0;10886122529000
1385531325709;630.0;10886247438000
1385531325928;615.0;10886466218000
1385531326256;630.0;10886794252000
1385531326412;615.0;10886950624000
1385531326538;600.0;10887076204000
1385531326631;585.0;10887169404000
1385531326850;570.0;10887388643000
1385531326983;585.0;10887521058000
1385531327139;600.0;10887677217000
1385531327203;615.0;10887741243000
1385531327257;630.0;10887795137000
1385531327295;645.0;10887833406000
1385531327420;660.0;10887958436000
1385531327451;690.0;10887989778000
1385531327576;705.0;10888114625000
1385531327701;720.0;10888239747000
1385531327733;735.0;10888271363000
1385531327909;750.0;10888447297000
1385531328015;735.0;10888552827000
1385531328170;750.0;10888708589000
1385531328359;765.0;10888897157000
1385531328694;780.0;10889232545000
1385531329108;795.0;10889645875000
1385531329313;810.0;10889851289000
1385531329403;795.0;10889941407000
1385531329577;810.0;10890115388000
1385531329740;795.0;10890278749000
1385531330061;810.0;10890599183000
1385531330420;825.0;10890958528000
1385531330655;840.0;10891192994000
1385531330843;825.0;10891380830000
1385531330905;810.0;10891442842000
1385531331225;795.0;10891763093000
1385531331444;810.0;10891982087000
1385531331569;825.0;10892106965000
1385531331601;840.0;10892138795000
1385531331662;825.0;10892200746000
1385531331787;810.0;10892325593000
1385531331913;795.0;10892450837000
1385531332045;810.0;10892583497000
1385531332287;825.0;10892825349000
1385531332600;810.0;10893138582000
1385531332663;825.0;10893201417000
1385531332758;840.0;10893295717000
1385531332928;855.0;10893466279000
1385531333030;870.0;10893567903000
1385531333061;885.0;10893599153000
1385531333155;900.0;10893692842000
1385531333217;915.0;10893755494000
1385531333490;945.0;10894028657000
1385531333584;930.0;10894122499000
1385531333647;945.0;10894184968000
1385531333772;930.0;10894310029000
1385531333866;945.0;10894403810000
1385531333928;960.0;10894466310000
1385531334154;975.0;10894692720000
1385531334248;960.0;10894786683000
1385531334311;900.0;10894849183000
1385531334398;840.0;10894936342000
1385531334443;750.0;10894981538000
1385531334615;660.0;10895153657000
1385531334647;615.0;10895184907000
1385531334709;585.0;10895247529000
1385531334772;555.0;10895310090000
1385531334803;525.0;10895341310000
1385531334865;465.0;10895403779000
1385531334928;405.0;10895466340000
1385531334999;375.0;10895537599000
1385531335061;300.0;10895599458000
1385531344171;315.0;10904709077000
1385531344202;375.0;10904740236000
1385531344264;435.0;10904802186000
1385531344327;510.0;10904864778000
1385531344403;540.0;10904941865000
1385531344438;570.0;10904976320000
1385531344647;660.0;10905185182000
1385531344699;810.0;10905236726000
1385531344742;885.0;10905280000000
1385531344789;975.0;10905326722000
1385531344858;960.0;10905396089000
1385531344920;945.0;10905458497000
1385531345702;930.0;10906240144000
1385531345827;915.0;10906364808000
1385531345858;900.0;10906396028000
1385531346084;885.0;10906622712000
1385531346209;870.0;10906747499000
1385531346241;855.0;10906778840000
1385531346303;840.0;10906841188000
1385531346366;825.0;10906903810000
1385531346522;810.0;10907059968000
1385531346647;825.0;10907185090000
1385531346975;810.0;10907513582000
1385531347132;795.0;10907669954000
1385531347194;780.0;10907732484000
1385531347398;795.0;10907936250000
1385531347460;825.0;10907998506000
1385531347694;810.0;10908232057000
1385531348233;825.0;10908771455000
1385531348421;810.0;10908959565000
1385531348506;795.0;10909044557000
1385531348632;780.0;10909170045000
1385531348983;795.0;10909520906000
1385531349077;810.0;10909615541000
1385531349240;795.0;10909778718000
1385531349411;780.0;10909945161000
1385531349482;765.0;10910020753000
1385531349514;750.0;10910052766000
1385531349733;735.0;10910271089000
1385531349826;750.0;10910363832000
1385531349873;765.0;10910410707000
1385531349914;780.0;10910452394000
1385531349989;810.0;10910527253000
1385531350036;825.0;10910574006000
1385531350069;855.0;10910606874000
1385531350303;780.0;10910841340000
1385531350334;735.0;10910872590000
1385531350397;720.0;10910935029000
1385531350459;705.0;10910997590000
1385531350522;690.0;10911060121000
1385531350725;705.0;10911263246000
1385531350788;720.0;10911326173000
1385531350850;750.0;10911388124000
1385531350950;780.0;10911488282000
1385531351014;765.0;10911552339000
1385531351076;750.0;10911614747000
1385531351108;705.0;10911646028000
1385531351170;645.0;10911708619000
1385531351247;600.0;10911784791000
1385531351279;570.0;10911817720000
1385531351342;555.0;10911880342000
1385531351405;540.0;10911942933000
1385531351538;525.0;10912076020000
1385531351663;510.0;10912200807000
1385531351982;525.0;10912511476000
1385531352100;540.0;10912638063000
1385531352287;555.0;10912825685000
1385531352545;570.0;10913083619000
1385531352608;585.0;10913145936000
1385531352671;570.0;10913209626000
1385531353045;600.0;10913583497000
1385531353241;615.0;10913779176000
1385531353507;630.0;10914045350000
1385531353600;615.0;10914138063000
1385531353750;630.0;10914288362000
1385531353801;645.0;10914336976000
1385531353848;660.0;10914385835000
1385531353929;690.0;10914466951000
1385531354108;705.0;10914646516000
1385531354257;690.0;10914795289000
1385531354491;675.0;10915029084000
1385531354600;690.0;10915138032000
1385531354662;705.0;10915200685000
1385531354694;720.0;10915231904000
1385531354725;735.0;10915263215000
1385531354756;750.0;10915294374000
1385531354819;780.0;10915357026000
1385531355201;765.0;10915739778000
1385531355264;780.0;10915802308000
1385531355358;765.0;10915895906000
1385531355520;780.0;10916057924000
1385531355554;810.0;10916092103000
1385531355584;825.0;10916122316000
1385531355793;810.0;10916327638000
1385531355835;780.0;10916373170000
1385531355867;765.0;10916404786000
1385531356076;750.0;10916614686000
1385531356201;765.0;10916739717000
1385531356264;750.0;10916802186000
1385531356358;765.0;10916896516000
1385531356420;795.0;10916958375000
1385531356483;810.0;10917020967000
1385531356545;795.0;10917083497000
1385531356639;780.0;10917177095000
1385531356701;750.0;10917239717000
1385531356764;735.0;10917302491000
1385531356819;705.0;10917357423000
1385531356913;690.0;10917451326000
1385531357201;705.0;10917739717000
1385531357491;690.0;10918028840000
1385531357584;675.0;10918122529000
1385531357660;660.0;10918198396000
1385531357694;645.0;10918231965000
1385531357913;630.0;10918451692000
1385531357999;660.0;10918536561000
1385531358249;705.0;10918786592000
1385531358312;720.0;10918850068000
1385531358513;690.0;10919051912000
1385531358583;675.0;10919121309000
1385531358678;690.0;10919216554000
1385531358888;705.0;10919426149000
1385531358936;720.0;10919474488000
1385531359070;735.0;10919608430000
1385531359295;720.0;10919833436000
1385531359358;705.0;10919895906000
1385531359452;675.0;10919990419000
1385531359623;660.0;10920161714000
1385531359905;675.0;10920443483000
1385531360131;660.0;10920669313000
1385531360194;645.0;10920732057000
1385531360234;615.0;10920771943000
1385531360327;600.0;10920865388000
1385531360364;585.0;10920902711000
1385531360397;570.0;10920935151000
1385531360530;555.0;10921067842000
1385531360810;570.0;10921348085000
1385531360998;555.0;10921536439000
1385531361124;540.0;10921662477000
1385531361289;525.0;10921827150000
1385531361336;510.0;10921874086000
1385531361398;495.0;10921936250000
1385531361671;510.0;10922209047000
1385531361733;525.0;10922271089000
1385531361796;510.0;10922334077000
1385531361827;495.0;10922364808000
1385531361898;480.0;10922436311000
1385531361975;450.0;10922513002000
1385531362006;435.0;10922544465000
1385531362100;420.0;10922638093000
1385531362131;405.0;10922669343000
1385531362162;375.0;10922700685000
1385531362381;390.0;10922919435000
1385531362444;405.0;10922982423000
1385531362601;420.0;10923139680000
1385531362686;450.0;10923224641000
1385531362717;465.0;10923255372000
1385531362780;480.0;10923317964000
1385531362874;510.0;10923411866000
1385531362913;525.0;10923451204000
1385531362944;540.0;10923482423000
1385531363045;555.0;10923583406000
1385531363109;585.0;10923647035000
1385531363195;615.0;10923733003000
1385531363233;630.0;10923770997000
1385531363264;645.0;10923802583000
1385531363327;660.0;10923864778000
1385531363390;690.0;10923927919000
1385531363452;705.0;10923989808000
1385531363655;735.0;10924192811000
1385531363717;765.0;10924255250000
1385531363780;780.0;10924317811000
1385531363842;795.0;10924380525000
1385531364045;825.0;10924583467000
1385531364108;810.0;10924646608000
1385531364170;825.0;10924708497000
1385531364475;840.0;10925013002000
1385531364506;855.0;10925044221000
1385531364537;870.0;10925075654000
1385531364944;885.0;10925481813000
1385531364983;900.0;10925521547000
1385531365045;915.0;10925583497000
1385531365139;930.0;10925677247000
1385531365171;915.0;10925708863000
1385531365264;900.0;10925802095000
1385531365399;885.0;10925936860000
1385531365436;870.0;10925974031000
1385531365749;855.0;10926287080000
1385531365811;870.0;10926349153000
1385531365873;885.0;10926411531000
1385531365961;900.0;10926493409000
1385531366179;885.0;10926716798000
1385531366374;900.0;10926912050000
1385531366436;885.0;10926973939000
1385531366530;900.0;10927067811000
1385531366592;915.0;10927130220000
1385531366795;960.0;10927333223000
1385531366827;990.0;10927365602000
1385531366882;1035.0;10927420167000
1385531366920;1050.0;10927458619000
1385531366992;1035.0;10927530183000
1385531367048;1005.0;10927585756000
1385531367094;975.0;10927632325000
1385531367194;930.0;10927731813000
1385531367319;945.0;10927856935000
1385531367537;975.0;10928075776000
1385531367600;1035.0;10928138276000
1385531367631;1080.0;10928169709000
1385531367756;1020.0;10928294526000
1385531367912;1065.0;10928450563000
1385531368001;1005.0;10928538972000
1385531368047;975.0;10928584962000
1385531368090;930.0;10928624177000
1385531368162;915.0;10928700563000
1385531368256;900.0;10928794282000
1385531368350;915.0;10928888704000
1385531368412;900.0;10928950624000
1385531368475;885.0;10929013154000
1385531368537;855.0;10929075715000
1385531368569;840.0;10929106965000
1385531368631;825.0;10929169404000
1385531368756;855.0;10929294252000
1385531368788;870.0;10929326570000
1385531368873;855.0;10929411653000
1385531369037;840.0;10929575624000
1385531369194;825.0;10929731813000
1385531369256;840.0;10929794282000
1385531369293;870.0;10929831788000
1385531369358;900.0;10929895997000
1385531369543;975.0;10930080995000
1385531369623;960.0;10930161683000
1385531369686;930.0;10930224183000
1385531369749;900.0;10930287172000
1385531369812;870.0;10930350435000
1385531369867;855.0;10930405397000
1385531369905;825.0;10930443361000
1385531369975;810.0;10930513032000
1385531370227;825.0;10930764802000
1385531370273;840.0;10930810609000
1385531370475;825.0;10931013124000
1385531370569;795.0;10931106904000
1385531370631;765.0;10931169465000
1385531370694;720.0;10931231904000
1385531370725;690.0;10931263002000
1385531370788;675.0;10931326173000
1385531370850;660.0;10931388246000
1385531371014;645.0;10931552247000
1385531371109;660.0;10931646974000
1385531371163;675.0;10931701173000
1385531371233;690.0;10931770936000
1385531371296;720.0;10931833375000
1385531371358;750.0;10931896119000
1385531371514;735.0;10932052156000
1385531371576;705.0;10932114717000
1385531371608;690.0;10932145997000
1385531371670;675.0;10932208436000
1385531371795;660.0;10932333406000
1385531371889;645.0;10932427278000
1385531371957;660.0;10932495088000
1385531372053;675.0;10932591188000
1385531372215;690.0;10932752626000
1385531372304;675.0;10932841310000
1385531372397;645.0;10932935090000
1385531372459;630.0;10932997651000
1385531372491;600.0;10933029084000
1385531372553;555.0;10933091188000
1385531372615;525.0;10933153749000
1385531372686;480.0;10933224092000
1385531372717;420.0;10933255342000
1385531372780;360.0;10933317903000
1385531372843;330.0;10933380800000
1385531372905;285.0;10933443452000
1385531372936;255.0;10933474153000
1385531373006;225.0;10933544435000
1385531373069;210.0;10933607545000
1385531373101;195.0;10933639161000
1385531373194;180.0;10933732301000
1385531373319;165.0;10933857026000
1385531373444;180.0;10933982270000
1385531373819;165.0;10934357087000
1385531374014;150.0;10934552186000
1385531374265;135.0;10934802736000
1385531374991;120.0;10935529390000
1385531375444;105.0;10935981935000
1385531376194;90.0;10936731935000
1385531376295;105.0;10936833497000
1385531376358;90.0;10936896669000
1385531377186;75.0;10937724488000
1385531378023;90.0;10938560060000
1385531378350;105.0;10938888215000
1385531379201;120.0;10939739595000
1385531379850;135.0;10940388612000
1385531380124;150.0;10940661561000
1385531380496;165.0;10941034272000
1385531380530;150.0;10941068177000
1385531380998;165.0;10941536592000
1385531381030;180.0;10941567872000
1385531381061;195.0;10941599092000
1385531381249;210.0;10941787233000
1385531381343;225.0;10941881318000
1385531381516;240.0;10942053621000
1385531381615;225.0;10942153077000
1385531381740;240.0;10942278718000
1385531381897;255.0;10942434999000
1385531381968;270.0;10942506685000
1385531382024;285.0;10942561525000
1385531382136;300.0;10942674226000
1385531382172;315.0;10942709993000
1385531382251;330.0;10942789216000
1385531382506;315.0;10943044618000
1385531382733;300.0;10943271547000
1385531382834;285.0;10943372560000
1385531383124;315.0;10943662294000
1385531383249;330.0;10943787111000
1385531383296;345.0;10943834596000
1385531383341;435.0;10943879762000
1385531383412;510.0;10943950685000
1385531383444;585.0;10943982179000
1385531383507;645.0;10944045289000
1385531383569;675.0;10944106965000
1385531383600;705.0;10944138154000
1385531383663;765.0;10944201173000
1385531383725;735.0;10944263215000
1385531383787;495.0;10944325563000
1385531383819;435.0;10944356813000
1385531383881;480.0;10944419282000
1385531383944;600.0;10944482515000
1385531384045;585.0;10944583497000
1385531384108;570.0;10944645936000
1385531384170;615.0;10944708345000
1385531384233;510.0;10944770967000
1385531384265;480.0;10944803193000
1385531384390;420.0;10944927827000
1385531385092;525.0;10945630586000
1385531385155;465.0;10945692964000
1385531385217;360.0;10945755525000
1385531385280;285.0;10945818208000
1385531385780;300.0;10946317842000
1385531385811;390.0;10946349031000
1385531385873;420.0;10946411744000
1385531386034;510.0;10946572175000
1385531386068;735.0;10946606660000
1385531386162;720.0;10946700715000
1385531386194;555.0;10946732026000
1385531386256;360.0;10946794496000
1385531386663;540.0;10947201356000
1385531386693;780.0;10947231752000
1385531386757;720.0;10947295106000
1385531386819;855.0;10947357332000
1385531386968;765.0;10947506624000
1385531387093;810.0;10947631471000
1385531387195;930.0;10947732606000
1385531387239;1050.0;10947777589000
1385531387296;1155.0;10947825502000
1385531387319;1260.0;10947857423000
1385531387428;1200.0;10947966371000
1385531387491;1110.0;10948028749000
1385531387522;1065.0;10948060121000
1385531387585;870.0;10948123201000
1385531387647;705.0;10948185090000
1385531387742;600.0;10948279878000
1385531387796;525.0;10948334565000
1385531387834;450.0;10948372682000
1385531387867;405.0;10948405336000
1385531388045;420.0;10948583619000
1385531388077;495.0;10948615175000
1385531388140;540.0;10948678010000
1385531388235;495.0;10948773134000
1385531388275;405.0;10948812349000
1385531388311;330.0;10948849153000
1385531388405;285.0;10948943147000
1385531388436;270.0;10948974214000
1385531388467;255.0;10949005433000
1385531388593;240.0;10949131105000
1385531389013;255.0;10949551027000
1385531389063;345.0;10949600648000
1385531389100;405.0;10949638673000
1385531389132;435.0;10949669374000
1385531389226;420.0;10949763856000
1385531389266;375.0;10949804231000
1385531389304;360.0;10949840547000
1385531389382;330.0;10949920381000
1385531389473;285.0;10950011232000
1385531389520;255.0;10950057801000
1385531389569;240.0;10950107332000
1385531389600;225.0;10950138246000
1385531389631;210.0;10950169618000
1385531389850;240.0;10950388093000
1385531389913;270.0;10950450807000
1385531389983;330.0;10950521577000
1385531390038;360.0;10950575990000
1385531390131;330.0;10950669343000
1385531390194;315.0;10950731965000
1385531390256;300.0;10950794343000
1385531390288;270.0;10950825776000
1385531390350;240.0;10950888093000
1385531390412;225.0;10950950685000
1385531390475;210.0;10951013307000
1385531390506;195.0;10951044435000
1385531390569;180.0;10951107148000
1385531390811;195.0;10951349092000
1385531390842;210.0;10951380677000
1385531390905;240.0;10951443269000
1385531390975;255.0;10951513673000
1385531391007;270.0;10951545228000
1385531391069;255.0;10951606843000
1385531391131;225.0;10951669374000
1385531391194;210.0;10951732057000
1385531391225;195.0;10951763765000
1385531391287;180.0;10951825624000
1385531391444;165.0;10951982728000
1385531391476;150.0;10952013917000
1385531391608;135.0;10952142305000
1385531391741;150.0;10952279237000
1385531391803;180.0;10952341279000
1385531391834;210.0;10952372651000
1385531391897;255.0;10952435090000
1385531391964;315.0;10952502870000
1385531391998;345.0;10952536653000
1385531392123;360.0;10952661653000
1385531392187;315.0;10952725007000
1385531392226;285.0;10952763856000
1385531392294;270.0;10952831819000
1385531392569;285.0;10953107515000
1385531392680;315.0;10953217836000
1385531392717;360.0;10953255372000
1385531392749;420.0;10953287141000
1385531392787;480.0;10953325532000
1385531392957;435.0;10953494996000
1385531393022;420.0;10953560701000
1385531393054;375.0;10953591951000
1385531393116;315.0;10953653901000
1385531393179;285.0;10953717042000
1385531393257;270.0;10953795594000
1385531393312;240.0;10953850496000
1385531393444;255.0;10953981996000
1385531393506;270.0;10954044343000
1385531393569;300.0;10954107423000
1385531393614;345.0;10954152009000
1385531393702;375.0;10954240236000
1385531393733;420.0;10954271028000
1385531393795;405.0;10954333558000
1385531393826;375.0;10954364747000
1385531393889;330.0;10954427125000
1385531393957;285.0;10954495240000
1385531393991;255.0;10954528810000
1385531394053;240.0;10954591279000
1385531394116;225.0;10954654512000
1385531394209;210.0;10954747407000
1385531394491;225.0;10955029451000
1385531394544;270.0;10955081605000
1385531394577;285.0;10955115724000
1385531394608;315.0;10955145997000
1385531394671;345.0;10955209565000
1385531394757;330.0;10955294862000
1385531394787;300.0;10955325624000
1385531394820;255.0;10955356813000
1385531394881;240.0;10955419374000
1385531394944;210.0;10955482576000
1385531395014;195.0;10955552217000
1385531395045;180.0;10955583497000
1385531395108;165.0;10955645967000
1385531395201;180.0;10955739717000
1385531395389;195.0;10955927064000
1385531395452;210.0;10955989808000
1385531395483;225.0;10956020997000
1385531395694;210.0;10956232118000
1385531395738;195.0;10956276216000
1385531395780;180.0;10956317384000
1385531395842;165.0;10956380372000
1385531395873;150.0;10956411592000
1385531396030;135.0;10956567964000
1385531396102;120.0;10956640626000
1385531396319;135.0;10956856813000
1385531396382;120.0;10956920045000
1385531396513;105.0;10957051606000
1385531396545;90.0;10957083345000
1385531396608;75.0;10957145845000
1385531396703;60.0;10957240785000
1385531396787;45.0;10957325715000
1385531397657;30.0;10958194703000
1385531398585;15.0;10959122804000
1385531398647;30.0;10959184846000
1385531399030;15.0;10959567842000
1385531399092;30.0;10959630342000
1385531402452;15.0;10962989839000
1385531402514;30.0;10963052797000
1385531402576;15.0;10963114717000
1385531405637;0.0;10966171724000
1385531405717;15.0;10966255281000
1385531405811;0.0;10966349244000
1385531406538;15.0;10967076539000
1385531406600;0.0;10967138124000
1385531413734;15.0;10974271821000
1385531414015;0.0;10974552644000
1385531414303;15.0;10974841127000
1385531414461;0.0;10974999788000
1385531414664;15.0;10975201722000
1385531414826;0.0;10975364625000
1385531414889;15.0;10975427339000
1385531415116;0.0;10975653840000
1385531415179;15.0;10975716920000
1385531416486;30.0;10977024415000
1385531416793;15.0;10977331331000
1385531417834;30.0;10978372407000
1385531418092;15.0;10978630464000
1385531418155;30.0;10978692872000
1385531418593;15.0;10979131288000
1385531418717;30.0;10979255281000
1385531418858;15.0;10979396455000
1385531418920;30.0;10979458528000
1385531419084;15.0;10979622438000
1385531419647;30.0;10980185029000
1385531419809;15.0;10980347139000
1385531422514;0.0;10983052217000
1385531422734;15.0;10983271791000
1385531423022;0.0;10983560151000
1385531423397;15.0;10983934907000
1385531423460;0.0;10983997957000
1385531426045;15.0;10986583680000
1385531426264;0.0;10986802125000
1385531426452;15.0;10986989808000
1385531426826;0.0;10987364625000
1385531426956;15.0;10987494294000
1385531427147;0.0;10987685121000
1385531427491;15.0;10988028932000
1385531427876;0.0;10988414247000
1385531428303;15.0;10988841249000
1385531428428;0.0;10988966340000
1385531428764;15.0;10989302278000
1385531429022;0.0;10989560182000
1385531429171;15.0;10989708955000
1385531431030;30.0;10991567964000
1385531431811;45.0;10992349427000
1385531432179;60.0;10992716829000
1385531432584;75.0;10993122468000
1385531432616;90.0;10993153657000
1385531432803;105.0;10993341707000
1385531432898;120.0;10993436067000
1385531433069;135.0;10993607362000
1385531433131;150.0;10993669404000
1385531433388;165.0;10993925966000
1385531433433;195.0;10993971101000
1385531433467;210.0;10994005616000
1385531433499;225.0;10994037416000
1385531433561;240.0;10994099214000
1385531433748;225.0;10994286744000
1385531433780;210.0;10994318483000
1385531433975;195.0;10994513063000
1385531434163;180.0;10994701417000
1385531434350;195.0;10994888124000
1385531434529;180.0;10995067201000
1385531434670;165.0;10995208497000
1385531435179;150.0;10995716798000
1385531435342;165.0;10995880555000
1385531435405;150.0;10995942781000
1385531435655;135.0;10996192750000
1385531436158;120.0;10996696382000
1385531436413;105.0;10996951082000
1385531436678;90.0;10997216340000
1385531437421;75.0;10997959047000
1385531437670;60.0;10998208589000
1385531437764;75.0;10998302217000
1385531437827;60.0;10998364930000
1385531437928;75.0;10998466279000
1385531438074;60.0;10998612397000
1385531438647;75.0;10999184907000
1385531439264;90.0;10999802278000
1385531439421;105.0;10999958955000
1385531439547;120.0;11000084779000
1385531439686;135.0;11000224122000
1385531440037;150.0;11000575593000
1385531440101;165.0;11000639009000
1385531440131;195.0;11000669374000
1385531440413;180.0;11000951539000
1385531440538;195.0;11001076082000
1385531440764;210.0;11001302247000
1385531440795;225.0;11001333497000
1385531440921;240.0;11001458955000
1385531440991;255.0;11001528871000
1385531441022;270.0;11001559999000
1385531441084;255.0;11001622499000
1385531441179;240.0;11001716890000
1385531441210;225.0;11001748262000
1385531441303;210.0;11001841249000
1385531441365;195.0;11001903749000
1385531441817;210.0;11002354982000
1385531441866;225.0;11002404298000
1385531441936;270.0;11002474672000
1385531442069;285.0;11002607087000
1385531442131;270.0;11002669496000
1385531442194;255.0;11002731843000
1385531442258;240.0;11002795930000
1385531442328;225.0;11002866578000
1385531442366;210.0;11002903810000
1385531442523;225.0;11003060884000
1385531442584;240.0;11003122590000
1385531442616;255.0;11003154329000
1385531442678;270.0;11003216462000
1385531442741;285.0;11003279390000
1385531442803;300.0;11003341157000
1385531442865;315.0;11003403688000
1385531442965;300.0;11003503114000
1385531443030;270.0;11003568055000
1385531443061;225.0;11003599672000
1385531443123;210.0;11003661592000
1385531443259;195.0;11003796815000
1385531443389;180.0;11003927125000
1385531443561;195.0;11004099214000
1385531443623;225.0;11004161653000
1385531443686;240.0;11004224000000
1385531443781;210.0;11004318940000
1385531443905;195.0;11004442903000
1385531443976;150.0;11004513124000
1385531444006;135.0;11004544404000
1385531444069;120.0;11004606965000
1385531444226;105.0;11004764253000
1385531444757;120.0;11005295137000
1385531444850;105.0;11005388246000
1385531445413;120.0;11005951356000
1385531445523;135.0;11006060823000
1385531445773;120.0;11006310945000
1385531445936;105.0;11006474672000
1385531446006;120.0;11006544313000
1385531446162;105.0;11006700624000
1385531446287;120.0;11006825746000
1385531446381;135.0;11006919374000
1385531446506;150.0;11007044282000
1385531446703;135.0;11007240999000
1385531446861;120.0;11007398591000
1385531447285;135.0;11007822603000
1385531447318;150.0;11007856813000
1385531447381;165.0;11007919587000
1385531447538;150.0;11008076112000
1385531447662;135.0;11008200654000
1385531447983;165.0;11008521302000
1385531448015;180.0;11008552797000
1385531448069;210.0;11008607454000
1385531448122;255.0;11008659944000
1385531448171;315.0;11008708955000
1385531448202;360.0;11008740510000
1385531448264;405.0;11008802217000
1385531448327;465.0;11008864625000
1385531448389;510.0;11008927217000
1385531448421;525.0;11008958986000
1385531448483;570.0;11009021516000
1385531448545;585.0;11009083436000
1385531448662;600.0;11009200593000
1385531448725;435.0;11009263063000
1385531448756;390.0;11009294404000
1385531448819;360.0;11009357484000
1385531448911;375.0;11009449678000
1385531448944;405.0;11009482576000
1385531448982;465.0;11009520814000
1385531449045;555.0;11009583497000
1385531449108;675.0;11009646150000
1385531449140;720.0;11009677827000
1385531449202;750.0;11009740541000
1385531449264;765.0;11009802278000
1385531449327;735.0;11009864595000
1385531449460;690.0;11009998536000
1385531449516;585.0;11010054170000
1385531449561;480.0;11010099458000
1385531449606;405.0;11010144197000
1385531449640;345.0;11010178010000
1385531449701;300.0;11010239686000
1385531449827;345.0;11010364839000
1385531449858;360.0;11010396608000
1385531450047;420.0;11010584901000
1385531450084;630.0;11010622255000
1385531450115;690.0;11010653657000
1385531450218;660.0;11010755861000
1385531450311;645.0;11010849092000
1385531450373;555.0;11010911470000
1385531450436;420.0;11010974092000
1385531450489;330.0;11011020997000
1385531450588;300.0;11011125795000
1385531450623;270.0;11011161592000
1385531450655;255.0;11011192842000
1385531450748;270.0;11011286683000
1385531450920;300.0;11011458314000
1385531450954;360.0;11011492830000
1385531450991;450.0;11011528871000
1385531451022;525.0;11011560365000
1385531451085;570.0;11011623262000
1385531451147;600.0;11011685121000
1385531451241;585.0;11011778932000
1385531451311;465.0;11011849214000
1385531451374;360.0;11011911866000
1385531451404;315.0;11011942750000
1385531451467;285.0;11012005494000
1385531451530;240.0;11012067964000
1385531451624;255.0;11012162050000
1385531451748;270.0;11012286683000
1385531451811;315.0;11012349244000
1385531451873;390.0;11012411470000
1385531451923;450.0;11012461641000
1385531452027;555.0;11012562379000
1385531452131;570.0;11012669557000
1385531452229;525.0;11012766938000
1385531452272;420.0;11012809938000
1385531452311;315.0;11012847841000
1385531452373;240.0;11012911470000
1385531452405;180.0;11012942872000
1385531452467;150.0;11013005403000
1385531452544;120.0;11013082612000
1385531452595;105.0;11013132600000
1385531452772;90.0;11013309785000
1385531452865;75.0;11013403688000
1385531453064;60.0;11013601930000
1385531453467;75.0;11014005403000
1385531453686;60.0;11014224031000
1385531457382;45.0;11017919374000
1385531458163;30.0;11018701143000
1385531458608;15.0;11019145967000
1385531460647;0.0;11021185121000
1385531460709;15.0;11021247621000
1385531460803;0.0;11021341249000
1385531460865;15.0;11021403688000
1385531461084;0.0;11021622255000
1385531463084;15.0;11023622529000
1385531463147;0.0;11023685090000
1385531467389;15.0;11027927278000
1385531467484;0.0;11028021882000
1385531467546;15.0;11028083345000
1385531469452;30.0;11029989808000
1385531470365;45.0;11030903657000
1385531470928;60.0;11031466371000
1385531471218;75.0;11031755983000
1385531471436;90.0;11031974153000
1385531471809;105.0;11032347627000
1385531471889;120.0;11032427308000
1385531472141;150.0;11032678651000
1385531472241;165.0;11032778901000
1385531472452;180.0;11032990632000
1385531472483;195.0;11033020936000
1385531472717;210.0;11033255403000
1385531472748;225.0;11033286622000
1385531472904;240.0;11033442720000
1385531473131;255.0;11033669496000
1385531473265;270.0;11033802858000
1385531473421;285.0;11033959077000
1385531473663;300.0;11034199983000
1385531473700;315.0;11034233766000
1385531473842;330.0;11034380769000
1385531473905;345.0;11034442781000
1385531473975;330.0;11034513093000
1385531474077;345.0;11034615266000
1385531474170;360.0;11034708528000
1385531474296;375.0;11034834016000
1385531474359;390.0;11034896699000
1385531474530;405.0;11035068086000
1385531474625;420.0;11035162935000
1385531474703;435.0;11035241395000
1385531474887;450.0;11035424653000
1385531475030;465.0;11035567994000
1385531475248;480.0;11035786592000
1385531475280;510.0;11035817903000
1385531475499;525.0;11036037233000
1385531475717;540.0;11036255342000
1385531475842;525.0;11036380525000
1385531475905;510.0;11036442933000
1385531476237;525.0;11036775453000
1385531476436;510.0;11036973970000
1385531476467;525.0;11037005403000
1385531476548;510.0;11037085817000
1385531476678;495.0;11037216310000
1385531476741;465.0;11037279237000
1385531476772;450.0;11037310121000
1385531476834;435.0;11037372438000
1385531476897;405.0;11037435579000
1385531476964;390.0;11037502229000
1385531477061;375.0;11037599580000
1385531477123;360.0;11037661592000
1385531477155;345.0;11037692842000
1385531477280;315.0;11037817933000
1385531477342;285.0;11037880281000
1385531477405;240.0;11037943300000
1385531477437;210.0;11037974977000
1385531477499;180.0;11038037324000
1385531477669;150.0;11038200135000
1385531477732;120.0;11038269716000
1385531477890;105.0;11038428285000
1385531477998;90.0;11038536683000
1385531478108;75.0;11038646180000
1385531478233;60.0;11038771363000
1385531478788;45.0;11039325776000
1385531479069;30.0;11039606965000
1385531479725;15.0;11040263154000
1385531482311;0.0;11042849092000
1385531482413;15.0;11042951112000
1385531482811;0.0;11043349122000
1385531484022;15.0;11044560060000
1385531484257;0.0;11044795442000
1385531484344;15.0;11044881807000
1385531484686;0.0;11045223970000
1385531485014;15.0;11045552247000
1385531485569;0.0;11046107026000
1385531485632;15.0;11046170350000
1385531485725;0.0;11046263063000
1385531485787;15.0;11046325776000
1385531488912;30.0;11049450685000
1385531490147;15.0;11050685151000
1385531493460;0.0;11053998628000
1385531493592;15.0;11054130311000
1385531493905;0.0;11054442811000
1385531494402;15.0;11054940339000
1385531495241;0.0;11055778871000
1385531495397;15.0;11055935060000
1385531496186;0.0;11056724153000
1385531496898;15.0;11057435975000
1385531497296;0.0;11057834565000
1385531497396;15.0;11057934785000
1385531497553;0.0;11058091371000
1385531497617;15.0;11058154817000
1385531499983;30.0;11060521272000
1385531500592;45.0;11061130372000
1385531501100;60.0;11061638734000
1385531501327;75.0;11061864625000
1385531501483;90.0;11062021119000
1385531501639;105.0;11062177369000
1385531501875;120.0;11062413820000
1385531501998;135.0;11062536653000
1385531502030;150.0;11062567933000
1385531502103;165.0;11062640260000
1385531502202;180.0;11062739747000
1385531502358;195.0;11062896730000
1385531502421;225.0;11062959474000
1385531502515;240.0;11063052827000
1385531502703;255.0;11063197236000
1385531502728;270.0;11063265168000
1385531502829;285.0;11063366822000
1385531502880;300.0;11063418458000
1385531502927;315.0;11063464814000
1385531503075;330.0;11063612825000
1385531503117;360.0;11063654451000
1385531503186;375.0;11063724153000
1385531503311;390.0;11063849275000
1385531503468;405.0;11064006227000
1385531503811;420.0;11064349153000
1385531504421;405.0;11064959077000
1385531504514;390.0;11065052186000
1385531504608;375.0;11065146211000
1385531504686;360.0;11065223970000
1385531504748;375.0;11065286561000
1385531504811;360.0;11065349061000
1385531505287;345.0;11065825715000
1385531505350;330.0;11065888215000
1385531505552;300.0;11066090394000
1385531505803;285.0;11066341279000
1385531505866;300.0;11066403749000
1385531505965;285.0;11066502900000
1385531506061;300.0;11066598939000
1385531506194;285.0;11066731813000
1385531506287;270.0;11066825715000
1385531506444;255.0;11066981904000
1385531506569;240.0;11067107057000
1385531506787;225.0;11067325746000
1385531507163;210.0;11067701234000
1385531507288;195.0;11067826417000
1385531507443;180.0;11067981782000
1385531507631;165.0;11068169587000
1385531507743;150.0;11068281068000
1385531507936;135.0;11068474733000
1385531508132;120.0;11068669984000
1385531508343;105.0;11068881013000
1385531508436;90.0;11068974122000
1385531508717;75.0;11069255555000
1385531508897;60.0;11069435457000
1385531509342;45.0;11069880220000
1385531509704;30.0;11070241517000
1385531510444;15.0;11070981874000
1385531512248;0.0;11072786622000
1385531512530;15.0;11073067903000
1385531512592;0.0;11073130220000
1385531515537;15.0;11076075532000
1385531515973;0.0;11076511750000
1385531516756;15.0;11077293977000
1385531517022;0.0;11077559907000
1385531518937;15.0;11079475038000
1385531520608;30.0;11081146608000
1385531521717;45.0;11082255555000
1385531522006;30.0;11082544435000
1385531522252;45.0;11082787355000
1385531523084;60.0;11083622560000
1385531523162;75.0;11083700532000
1385531523295;120.0;11083833253000
1385531523344;180.0;11083881959000
1385531523381;240.0;11083919404000
1385531523413;270.0;11083951631000
1385531523491;300.0;11084029298000
1385531523522;315.0;11084060090000
1385531523584;360.0;11084122621000
1385531523647;405.0;11084185609000
1385531523710;435.0;11084248109000
1385531523741;450.0;11084278718000
1385531523803;480.0;11084341371000
1385531523998;495.0;11084536500000
1385531524030;510.0;11084567811000
1385531524093;525.0;11084631013000
1385531524187;510.0;11084724977000
1385531524249;525.0;11084786988000
1385531524351;555.0;11084889314000
1385531524420;570.0;11084958497000
1385531524514;585.0;11085052247000
1385531524564;600.0;11085102571000
1385531524709;615.0;11085247438000
1385531524740;630.0;11085278749000
1385531524803;645.0;11085341279000
1385531524866;630.0;11085404268000
1385531525086;675.0;11085623842000
1385531525123;690.0;11085661683000
1385531525311;675.0;11085849183000
1385531525405;690.0;11085942933000
1385531525467;720.0;11086005220000
1385531525530;735.0;11086068361000
1385531525623;750.0;11086161714000
1385531525686;495.0;11086224641000
1385531526069;420.0;11086606874000
1385531526132;600.0;11086669862000
1385531526210;735.0;11086748109000
1385531526241;840.0;11086778810000
1385531526303;855.0;11086841249000
1385531526366;795.0;11086904390000
1385531526397;735.0;11086934999000
1385531526522;795.0;11087060121000
1385531526584;780.0;11087122590000
1385531526615;750.0;11087153688000
1385531526678;780.0;11087216798000
1385531526803;705.0;11087341371000
1385531526866;630.0;11087403932000
1385531526897;615.0;11087435701000
1385531526965;645.0;11087503022000
1385531527030;615.0;11087567781000
1385531527061;585.0;11087599122000
1385531527241;570.0;11087778688000
1385531527303;540.0;11087841371000
1385531527335;525.0;11087872865000
1385531527397;540.0;11087934938000
1385531527459;555.0;11087997438000
1385531527811;525.0;11088348451000
1385531527904;540.0;11088442750000
1385531528006;570.0;11088544557000
1385531528069;585.0;11088607118000
1385531528132;600.0;11088670411000
1385531529115;300.0;11089653718000
1385531529179;420.0;11089717225000
1385531529241;510.0;11089778810000
1385531529272;585.0;11089810029000
1385531529335;615.0;11089872865000
1385531529469;630.0;11090007814000
1385531529563;600.0;11090099488000
1385531529646;570.0;11090184877000
1385531529709;585.0;11090247529000
1385531529772;600.0;11090310670000
1385531529834;630.0;11090372590000
1385531529897;585.0;11090435090000
1385531530061;615.0;11090599214000
1385531530155;660.0;11090692964000
1385531530218;690.0;11090755922000
1385531530280;795.0;11090817750000
1385531530342;915.0;11090880433000
1385531530374;930.0;11090912080000
1385531530621;915.0;11091159364000
1385531530655;885.0;11091192872000
1385531530717;840.0;11091255250000
1385531530780;795.0;11091317872000
1385531530842;765.0;11091380494000
1385531530873;735.0;11091411714000
1385531530936;690.0;11091474092000
1385531531006;645.0;11091544313000
1385531531037;585.0;11091575654000
1385531531100;555.0;11091638093000
1385531531162;510.0;11091700654000
1385531531256;435.0;11091794374000
1385531531287;360.0;11091825654000
1385531531319;285.0;11091856935000
1385531531381;210.0;11091919404000
1385531531444;165.0;11091981904000
1385531531506;120.0;11092044404000
1385531531537;105.0;11092075654000
1385531531663;120.0;11092200807000
1385531532920;105.0;11093458619000
1385531532991;120.0;11093528901000
1385531533054;105.0;11093591859000
1385531533147;120.0;11093684968000
1385531533749;105.0;11094287080000
1385531533811;120.0;11094349580000
1385531534257;135.0;11094794862000
1385531534413;120.0;11094951631000
1385531534648;105.0;11095156404000
1385531535037;120.0;11095575593000
1385531535194;105.0;11095732423000
1385531535319;90.0;11095857179000
1385531535413;75.0;11095951295000
1385531536311;90.0;11096849153000
1385531536663;105.0;11097201539000
1385531536913;90.0;11097450776000
1385531536983;105.0;11097521150000
1385531537164;120.0;11097701875000
1385531537319;135.0;11097856996000
1385531537506;150.0;11098044374000
1385531537694;165.0;11098232545000
1385531537788;180.0;11098326143000
1385531537949;195.0;11098486970000
1385531537983;210.0;11098520997000
1385531538015;225.0;11098552705000
1385531538115;240.0;11098653871000
1385531538149;255.0;11098687196000
1385531538206;285.0;11098743989000
1385531538241;300.0;11098778901000
1385531538304;315.0;11098841981000
1385531538335;330.0;11098872865000
1385531538397;345.0;11098935121000
1385531538459;375.0;11098997468000
1385531538616;360.0;11099153810000
1385531538741;345.0;11099279237000
1385531538911;360.0;11099449128000
1385531539006;375.0;11099544313000
1385531539069;390.0;11099607454000
1385531539132;405.0;11099670381000
1385531539187;420.0;11099725007000
1385531539287;450.0;11099825685000
1385531539444;435.0;11099982026000
1385531539630;405.0;11100168031000
1385531539662;390.0;11100200593000
1385531539787;405.0;11100325563000
1385531539949;420.0;11100487245000
1385531540014;435.0;11100552797000
1385531540045;450.0;11100583558000
1385531540186;465.0;11100723787000
1385531540226;480.0;11100763948000
1385531540287;495.0;11100825685000
1385531540491;465.0;11101029237000
1385531540553;450.0;11101091279000
1385531540678;480.0;11101216157000
1385531540709;495.0;11101247377000
1385531540834;510.0;11101372590000
1385531540934;525.0;11101472200000
1385531540998;540.0;11101536561000
1385531541061;555.0;11101599214000
1385531541123;600.0;11101661744000
1385531541155;630.0;11101692994000
1385531541217;615.0;11101755586000
1385531541280;600.0;11101817933000
1385531541374;585.0;11101912202000
1385531541436;555.0;11101974183000
1385531541605;525.0;11102101075000
1385531541662;540.0;11102200502000
1385531541787;555.0;11102325685000
1385531541949;570.0;11102487001000
1385531541983;585.0;11102521119000
1385531542172;570.0;11102709993000
1385531542211;555.0;11102749421000
1385531542337;540.0;11102875184000
1385531542375;525.0;11102913057000
1385531542942;540.0;11103480470000
1385531542975;555.0;11103513185000
1385531543037;540.0;11103575715000
1385531543179;555.0;11103717378000
1385531543293;540.0;11103827394000
1385531543374;555.0;11103912629000
1385531543812;570.0;11104349763000
1385531543873;585.0;11104411683000
1385531544038;600.0;11104576051000
1385531544200;585.0;11104738038000
1385531544277;600.0;11104815767000
1385531544311;630.0;11104849153000
1385531544498;645.0;11105036622000
1385531544531;660.0;11105068818000
1385531544686;675.0;11105224214000
1385531544748;690.0;11105286653000
1385531544873;675.0;11105411622000
1385531544942;690.0;11105480531000
1385531544975;705.0;11105513185000
1385531545037;690.0;11105575715000
1385531545100;675.0;11105638246000
1385531545374;690.0;11105912202000
1385531545405;720.0;11105942964000
1385531545468;735.0;11106005830000
1385531545655;750.0;11106192781000
1385531545686;780.0;11106224214000
1385531545748;795.0;11106286531000
1385531545812;810.0;11106350099000
1385531545899;855.0;11106437043000
1385531546037;870.0;11106575654000
1385531546069;885.0;11106606813000
1385531546132;900.0;11106669893000
1385531546259;870.0;11106796479000
1385531546420;825.0;11106958497000
1385531546483;810.0;11107021119000
1385531546514;750.0;11107052400000
1385531546576;675.0;11107114747000
1385531546639;630.0;11107177430000
1385531546733;600.0;11107271638000
1385531546796;570.0;11107334169000
1385531546858;585.0;11107395906000
1385531546920;600.0;11107458467000
1385531547022;555.0;11107560151000
1385531547171;540.0;11107709626000
1385531547216;525.0;11107754701000
1385531547255;510.0;11107793306000
1385531547298;495.0;11107835572000
1385531547459;480.0;11107997438000
1385531547522;435.0;11108060090000
1385531547584;420.0;11108122590000
1385531547678;375.0;11108216218000
1385531547748;330.0;11108286439000
1385531547912;300.0;11108450746000
1385531550826;330.0;11111364717000
1385531550890;435.0;11111428132000
1385531550959;630.0;11111497377000
1385531550991;840.0;11111528779000
1385531551054;780.0;11111592225000
1385531551161;690.0;11111699342000
1385531551194;570.0;11111731965000
1385531551225;465.0;11111763734000
1385531551287;405.0;11111825593000
1385531551343;390.0;11111881227000
1385531551383;360.0;11111920747000
1385531551483;375.0;11112021119000
1385531551514;390.0;11112052339000
1385531551546;405.0;11112083772000
1385531551608;420.0;11112145845000
1385531551670;450.0;11112208436000
1385531551733;465.0;11112271608000
1385531551764;480.0;11112302339000
1385531551889;495.0;11112427675000
1385531552054;480.0;11112591768000
1385531552694;465.0;11113231874000
1385531552725;450.0;11113263398000
1385531552756;435.0;11113294099000
1385531552881;420.0;11113419465000
1385531552949;405.0;11113487642000
1385531552983;390.0;11113521058000
1385531553046;375.0;11113583986000
1385531553201;360.0;11113739717000
1385531553264;345.0;11113802308000
1385531553420;330.0;11113958589000
1385531553483;315.0;11114021547000
1385531553545;300.0;11114083436000
1385531553608;285.0;11114145997000
1385531553665;270.0;11114203126000
1385531553701;255.0;11114239717000
1385531553810;240.0;11114347993000
1385531553865;225.0;11114403199000
1385531553929;210.0;11114466829000
1385531554678;195.0;11115215516000
1385531554873;180.0;11115411714000
1385531555100;165.0;11115638124000
1385531555303;150.0;11115841066000
1385531555467;135.0;11116005250000
1385531555654;120.0;11116192750000
1385531555686;105.0;11116224183000
1385531555905;90.0;11116442842000
1385531556257;75.0;11116795015000
1385531556713;60.0;11117251436000
1385531557241;45.0;11117778962000
1385531557507;30.0;11118045076000
1385531557794;15.0;11118332399000
1385531560998;30.0;11121536622000
1385531561155;15.0;11121693635000
1385531561623;30.0;11122161622000
1385531562070;15.0;11122606965000
1385531563718;30.0;11124255861000
1385531564059;15.0;11124597322000
1385531564756;30.0;11125293824000
1385531565883;45.0;11126420961000
1385531566467;60.0;11127005403000
1385531566748;75.0;11127286622000
1385531566905;90.0;11127442750000
1385531566975;75.0;11127513215000
1385531567069;90.0;11127606935000
1385531567193;75.0;11127731782000
1385531567319;90.0;11127856965000
1385531567356;105.0;11127894380000
1385531567514;120.0;11128052125000
1385531567733;135.0;11128270875000
1385531567858;150.0;11128396058000
1385531568085;165.0;11128623079000
1385531568178;180.0;11128716371000
1385531568241;195.0;11128779207000
1385531568311;210.0;11128849031000
1385531568405;225.0;11128943300000
1385531568467;240.0;11129005494000
1385531568701;255.0;11129239717000
1385531568733;270.0;11129271455000
1385531568795;285.0;11129333558000
1385531568921;300.0;11129459047000
1385531568959;315.0;11129497682000
1385531569030;330.0;11129568605000
1385531569222;345.0;11129760682000
1385531569264;360.0;11129802278000
1385531569429;375.0;11129967134000
1385531569850;360.0;11130388032000
1385531569949;345.0;11130487519000
1385531570015;330.0;11130552858000
1385531570499;345.0;11131036927000
1385531570717;330.0;11131255525000
1385531570843;315.0;11131380769000
1385531570991;300.0;11131528871000
1385531571413;315.0;11131950654000
1385531571608;300.0;11132146608000
1385531571734;285.0;11132271302000
1385531571795;270.0;11132333528000
1385531571826;255.0;11132364778000
1385531572004;240.0;11132541169000
1385531572663;225.0;11133201204000
1385531572787;210.0;11133325715000
1385531573014;195.0;11133552247000
1385531573108;210.0;11133646119000
1385531573397;195.0;11133935060000
1385531573554;180.0;11134092317000
1385531573717;165.0;11134255433000
1385531573780;150.0;11134318025000
1385531574007;135.0;11134545015000
1385531574240;120.0;11134778199000
1385531574329;105.0;11134866639000
1385531574444;90.0;11134982728000
1385531574537;75.0;11135075746000
1385531574752;60.0;11135290773000
1385531574968;45.0;11135506501000
1385531575883;30.0;11136419740000
1385531576991;15.0;11137528718000
1385531580121;0.0;11140659913000
1385531580498;15.0;11141036531000
1385531580717;0.0;11141255342000
1385531581287;15.0;11141825654000
1385531581350;0.0;11141888154000
1385531582163;15.0;11142701204000
1385531582225;0.0;11142763215000
1385531582381;15.0;11142919282000
1385531585529;30.0;11146067720000
1385531585983;45.0;11146520906000
1385531589295;60.0;11149833436000
1385531589365;45.0;11149903718000
1385531589459;60.0;11149997499000
1385531589523;45.0;11150060518000
1385531589631;60.0;11150169587000
1385531590007;45.0;11150544893000
1385531590068;60.0;11150606752000
1385531590694;45.0;11151231874000
1385531591123;60.0;11151661531000
1385531591303;75.0;11151841127000
1385531591334;120.0;11151872743000
1385531591397;135.0;11151934907000
1385531591460;165.0;11151998140000
1385531591522;195.0;11152060609000
1385531591553;225.0;11152091371000
1385531591615;240.0;11152153657000
1385531591678;255.0;11152216707000
1385531591740;270.0;11152278749000
1385531591968;285.0;11152505738000
1385531592186;300.0;11152724153000
1385531592217;315.0;11152755372000
1385531592297;330.0;11152835176000
1385531592421;360.0;11152958497000
1385531592452;375.0;11152990175000
1385531592545;360.0;11153083345000
1385531592608;345.0;11153145875000
1385531592764;330.0;11153302156000
1385531592796;315.0;11153334077000
1385531592892;330.0;11153429872000
1385531593116;360.0;11153652559000
1385531593209;375.0;11153747621000
1385531593272;390.0;11153810487000
1385531593336;405.0;11153873842000
1385531593452;390.0;11153989869000
1385531593608;375.0;11154145997000
1385531593670;345.0;11154208467000
1385531594050;360.0;11154588289000
1385531594101;375.0;11154638948000
1385531594202;390.0;11154740480000
1385531594294;405.0;11154832368000
1385531594437;390.0;11154974092000
1385531594554;360.0;11155091768000
1385531594647;345.0;11155185334000
1385531594709;360.0;11155247590000
1385531594928;375.0;11155466218000
1385531595030;390.0;11155567964000
1385531595155;405.0;11155692842000
1385531595280;390.0;11155818330000
1385531595373;375.0;11155911561000
1385531595436;360.0;11155974122000
1385531595498;345.0;11156036653000
1385531595530;330.0;11156067811000
1385531595873;315.0;11156411683000
1385531596038;300.0;11156576082000
1385531596194;285.0;11156731843000
1385531596257;270.0;11156794374000
1385531596413;255.0;11156951143000
1385531596444;240.0;11156981904000
1385531596796;225.0;11157333314000
1385531596858;240.0;11157396089000
1385531596921;225.0;11157459016000
1385531597028;240.0;11157565583000
1385531597272;225.0;11157810579000
1385531597686;240.0;11158224305000
1385531598217;225.0;11158755708000
1385531598248;210.0;11158786622000
1385531598373;225.0;11158911653000
1385531598467;210.0;11159005372000
1385531598593;225.0;11159130983000
1385531598811;240.0;11159349122000
1385531598905;225.0;11159442781000
1385531599069;210.0;11159606996000
1385531599193;195.0;11159731721000
1385531599256;210.0;11159794343000
1385531599681;225.0;11160219484000
1385531599780;240.0;11160318574000
1385531600046;225.0;11160583650000
1385531600241;240.0;11160778779000
1385531600459;255.0;11160997590000
1385531600522;270.0;11161060029000
1385531600615;285.0;11161153718000
1385531600741;270.0;11161278901000
1385531600835;255.0;11161372438000
1385531600967;240.0;11161505403000
1385531601124;255.0;11161662141000
1385531601405;270.0;11161942842000
1385531601498;285.0;11162036653000
1385531601632;270.0;11162169954000
1385531601725;255.0;11162263276000
1385531601850;240.0;11162388246000
1385531601929;225.0;11162466768000
1385531602146;240.0;11162683961000
1385531602414;255.0;11162951936000
1385531602576;240.0;11163114656000
1385531602733;225.0;11163270936000
1385531602889;240.0;11163427278000
1385531603116;225.0;11163654756000
1385531603203;240.0;11163740937000
1385531603444;225.0;11163981813000
1385531603569;210.0;11164107026000
1385531603787;195.0;11164325746000
1385531604045;180.0;11164583558000
1385531604264;165.0;11164802095000
1385531604389;150.0;11164927247000
1385531604507;135.0;11165045076000
1385531604659;120.0;11165196656000
1385531604942;105.0;11165479921000
1385531605811;90.0;11166349092000
1385531605936;105.0;11166474214000
1385531606006;90.0;11166544465000
1385531606100;105.0;11166638612000
1385531606975;90.0;11167513154000
1385531607584;75.0;11168122438000
1385531607808;90.0;11168346650000
1385531607874;75.0;11168412599000
1385531607989;90.0;11168526704000
1385531608584;105.0;11169122560000
1385531609780;90.0;11170318208000
1385531609975;75.0;11170513215000
1385531610287;60.0;11170825654000
1385531610547;45.0;11171085389000
1385531610616;30.0;11171153901000
1385531612170;15.0;11172708497000
1385531612452;30.0;11172990693000
1385531612577;15.0;11173114869000
1385531617483;0.0;11178021486000
1385531617545;15.0;11178083619000
1385531618022;0.0;11178560121000
1385531618436;15.0;11178974092000
1385531619522;0.0;11180060090000
1385531619584;15.0;11180122621000
1385531621741;30.0;11182279420000
1385531621842;15.0;11182380342000
1385531621905;30.0;11182443513000
1385531622412;45.0;11182950715000
1385531623671;60.0;11184209047000
1385531623733;45.0;11184271028000
1385531624069;60.0;11184607362000
1385531624176;45.0;11184714570000
1385531624262;60.0;11184800538000
1385531625608;45.0;11186145814000
1385531627382;30.0;11187919984000
1385531627444;45.0;11187982667000
1385531627578;30.0;11188115602000
1385531628122;15.0;11188655763000
1385531636217;30.0;11196755403000
1385531636342;45.0;11196880281000
1385531636499;60.0;11197036775000
1385531636834;45.0;11197372438000
1385531636998;60.0;11197536683000
1385531637094;75.0;11197632478000
1385531637233;90.0;11197770845000
1385531637326;105.0;11197864778000
1385531637389;120.0;11197927522000
1385531637508;150.0;11198046174000
1385531637546;165.0;11198084657000
1385531637764;180.0;11198302217000
1385531637991;195.0;11198528779000
1385531638084;210.0;11198622529000
1385531638147;225.0;11198685457000
1385531638354;240.0;11198850618000
1385531638701;255.0;11199239717000
1385531638819;270.0;11199357423000
1385531639046;255.0;11199584047000
1385531639076;240.0;11199614686000
1385531639139;225.0;11199677217000
1385531639202;210.0;11199739808000
1385531639265;195.0;11199802736000
1385531639358;180.0;11199896058000
1385531639546;150.0;11200084016000
1385531639576;120.0;11200114564000
1385531639657;105.0;11200195100000
1385531639740;90.0;11200278566000
1385531639772;75.0;11200310060000
1385531639998;60.0;11200536683000
1385531640663;75.0;11201200532000
1385531640912;60.0;11201450563000
1385531641740;75.0;11202278718000
1385531641897;60.0;11202435060000
1385531641967;75.0;11202505738000
1385531642187;60.0;11202725099000
1385531642858;75.0;11203396180000
1385531643616;90.0;11204153779000
1385531643740;75.0;11204278627000
