1386217333290
1386217336765
1386217339004
1386217342048
1386217344823
1386217348101
1386217350442
1386217352970
1386217355291
1386217358064
1386217360023
1386217363262
1386217365150
1386217367737
1386217369874
1386217371718
1386217373944
1386217375945
1386217377965
1386217380100
1386217382452
1386217384662
1386217387080
1386217389577
1386217391639
1386217394297
1386217396524
1386217399988
1386217402235
1386217405163
1386217407360
1386217409411
1386217411699
1386217414060
1386217416997
1386217419643
1386217421967
1386217424150
1386217426232
1386217428603
1386217430943
1386217433097
1386217435353
1386217437683
1386217439579
1386217441609
1386217444165
1386217446741
1386217448969
1386217451193
1386217453492
1386217455954
1386217458232
1386217460232
1386217462704
1386217465042
1386217467516
1386217469701
1386217471843
1386217474141
1386217476171
1386217478180
1386217480500
1386217482415
1386217484816
1386217487524
1386217489637
1386217491924
1386217494138
1386217496540
1386217498807
1386217501031
1386217502978
1386217505710
1386217508078
1386217510458
1386217512860
1386217515495
1386217517339
1386217520667
1386217522696
1386217524766
1386217526940
1386217529227
1386217531384
1386217533657
1386217535720
1386217538569
1386217540853
1386217543218
1386217545296
1386217547408
1386217549674
1386217551620
1386217553897
1386217556244
1386217558398
1386217560601
1386217562496
1386217564793
1386217566668
1386217568662
