1385701602108;0.0;18765708941000
1385701647659;375.0;18837427081000
1385701647774;435.0;18837543536000
1385701647815;480.0;18837583056000
1385701647853;495.0;18837620929000
1385701647947;465.0;18837715686000
1385701647980;450.0;18837748370000
1385701648097;480.0;18837866046000
1385701648135;555.0;18837903796000
1385701648175;720.0;18837943927000
1385701648252;840.0;18838021075000
1385701648283;960.0;18838052142000
1385701648346;945.0;18838114642000
1385701648441;960.0;18838209674000
1385701648535;915.0;18838303515000
1385701648607;900.0;18838375506000
1385701648698;930.0;18838466174000
1385701648825;915.0;18838593768000
1385701648862;900.0;18838630511000
1385701648894;885.0;18838662555000
1385701648980;900.0;18838748187000
1385701649221;930.0;18838989856000
1385701649284;945.0;18839052417000
1385701649346;750.0;18839114733000
1385701649377;435.0;18839145922000
1385701649612;780.0;18839380358000
1385701649643;795.0;18839411486000
1385701649742;720.0;18839510913000
1385701649776;585.0;18839544329000
1385701649849;375.0;18839617236000
1385701649886;15.0;18839653918000
1385701650034;0.0;18839802905000
1385701660936;105.0;18850704882000
1385701661270;750.0;18851038317000
1385701661370;720.0;18851138324000
1385701661432;615.0;18851200824000
1385701661527;555.0;18851295642000
1385701661574;510.0;18851341937000
1385701661619;465.0;18851388263000
1385701661776;480.0;18851544543000
1385701661940;465.0;18851708667000
1385701662042;480.0;18851810992000
1385701662215;465.0;18851983691000
1385701662432;495.0;18852200701000
1385701662494;525.0;18852263201000
1385701662714;510.0;18852482562000
1385701662744;495.0;18852513140000
1385701663160;510.0;18852928637000
1385701663217;525.0;18852984759000
1385701663253;555.0;18853021777000
1385701663315;540.0;18853083392000
1385701663384;555.0;18853152209000
1385701663547;570.0;18853316119000
1385701663800;585.0;18853568988000
1385701663924;570.0;18853692828000
1385701664104;615.0;18853872515000
1385701664135;690.0;18853903796000
1385701664261;720.0;18854028826000
1385701664291;780.0;18854060046000
1385701664322;825.0;18854091265000
1385701664354;915.0;18854122454000
1385701664416;945.0;18854184893000
1385701664479;690.0;18854248126000
1385701664541;660.0;18854310138000
1385701664635;570.0;18854404162000
1385701664722;345.0;18854490313000
1385701664924;420.0;18854692889000
1385701665408;330.0;18855177203000
1385701665471;360.0;18855239856000
1385701665533;375.0;18855302203000
1385701665565;390.0;18855333544000
1385701665637;420.0;18855404711000
1385701665705;450.0;18855474108000
1385701665737;495.0;18855505328000
1385701665881;555.0;18855650012000
1385701665917;825.0;18855685656000
1385701665986;1035.0;18855755267000
1385701666018;1110.0;18855786669000
1385701666112;1005.0;18855880786000
1385701666143;930.0;18855911853000
1385701666174;855.0;18855942797000
1385701666238;780.0;18856006427000
1385701666325;675.0;18856093066000
1385701666363;555.0;18856131457000
1385701666417;525.0;18856185809000
1385701666518;495.0;18856287127000
1385701666612;510.0;18856380481000
1385701666643;495.0;18856411669000
1385701666822;480.0;18856590808000
1385701666854;375.0;18856622424000
1385701666917;330.0;18856685595000
1385701666957;285.0;18856725634000
1385701667034;270.0;18856802264000
1385701667065;255.0;18856833514000
1385701667127;240.0;18856895922000
1385701667222;225.0;18856989794000
1385701667487;210.0;18857255389000
1385701667581;195.0;18857349566000
1385701668223;180.0;18857991809000
1385701668305;165.0;18858073596000
1385701668346;150.0;18858114611000
1385701668409;135.0;18858177325000
1385701668440;105.0;18858209124000
1385701668502;90.0;18858270983000
1385701668565;60.0;18858333361000
1385701668627;30.0;18858395861000
1385701668722;15.0;18858490344000
1385701673879;30.0;18863647204000
1385701673946;15.0;18863714831000
1385701675807;30.0;18865576098000
1385701675869;15.0;18865637988000
1385701676127;30.0;18865895983000
1385701676406;15.0;18866175524000
1385701677378;30.0;18866798144000
1385701677452;15.0;18866872546000
1385701681109;30.0;18870529315000
1385701681179;15.0;18870599597000
1385701681292;30.0;18870713610000
1385701681413;15.0;18870833514000
1385701682165;30.0;18871585559000
1385701682312;15.0;18871733142000
1385701682436;30.0;18871857013000
1385701682499;15.0;18871919940000
1385701684109;30.0;18873529895000
1385701684281;15.0;18873701495000
1385701686921;30.0;18876341998000
1385701686984;15.0;18876403857000
1385701687413;30.0;18876833514000
1385701687913;15.0;18877333789000
1385701688864;30.0;18878284503000
1385701688967;15.0;18878388263000
1385701699915;30.0;18889622393000
1385701704384;45.0;18894091357000
1385701705157;60.0;18894864856000
1385701706298;75.0;18896005816000
1385701706916;90.0;18896622393000
1385701707134;105.0;18896841174000
1385701707400;120.0;18897106951000
1385701707619;135.0;18897326678000
1385701707955;150.0;18897661578000
1385701708353;135.0;18898060290000
1385701708556;120.0;18898263293000
1385701708798;105.0;18898505419000
1385701708971;90.0;18898678790000
1385701709378;75.0;18899085406000
1385701709729;60.0;18899435656000
1385701711267;45.0;18900974108000
1385701712268;30.0;18901975512000
1385701718072;45.0;18907513232000
1385701720111;60.0;18909818652000
1385701720562;75.0;18910269458000
1385701720945;90.0;18910652087000
1385701721329;105.0;18911036547000
1385701722396;90.0;18912104419000
1385701723204;105.0;18912911608000
1385701723423;120.0;18913130358000
1385701723548;135.0;18913255511000
1385701723712;150.0;18913419696000
1385701724314;135.0;18914021075000
1385701724440;150.0;18914147052000
1385701725587;165.0;18915294329000
1385701725651;150.0;18915358050000
1385701725751;165.0;18915458819000
1385701726198;180.0;18915905017000
1385701726717;195.0;18916424639000
1385701726854;180.0;18916560656000
1385701727031;195.0;18916738269000
1385701727376;210.0;18917083514000
1385701727776;195.0;18917482898000
1385701728071;180.0;18917778857000
1385701728635;195.0;18918341418000
1385701728750;180.0;18918453173000
1385701728892;210.0;18918599780000
1385701729111;225.0;18918818560000
1385701729183;240.0;18918890795000
1385701729392;255.0;18919099169000
1385701729455;270.0;18919162036000
1385701729579;285.0;18919286456000
1385701729798;270.0;18919505267000
1385701730220;285.0;18919927264000
1385701730479;300.0;18920185595000
1385701730548;285.0;18920255358000
1385701731783;300.0;18921490252000
1385701731845;285.0;18921552783000
1385701731962;300.0;18921669604000
1385701732291;285.0;18921997638000
1385701732486;270.0;18922193408000
1385701733431;255.0;18923138415000
1385701733924;240.0;18923632128000
1385701734243;255.0;18923950885000
1385701734306;270.0;18924013079000
1385701734431;255.0;18924138263000
1385701734525;270.0;18924232531000
1385701734651;285.0;18924357531000
1385701734948;270.0;18924655871000
1385701735242;285.0;18924874530000
1385701735485;270.0;18925192797000
1385701735579;285.0;18925286700000
1385701735876;270.0;18925583392000
1385701736033;285.0;18925740832000
1385701736204;270.0;18925911486000
1385701736360;255.0;18926067950000
1385701736473;240.0;18926179858000
1385701737042;255.0;18926748584000
1385701737109;270.0;18926816760000
1385701737143;285.0;18926850817000
1385701737290;255.0;18926975573000
1385701737360;240.0;18927067919000
1385701737582;225.0;18927288562000
1385701737736;210.0;18927443011000
1385701738189;195.0;18927896106000
1385701738345;210.0;18928052111000
1385701738407;270.0;18928115191000
1385701738470;375.0;18928177294000
1385701738532;585.0;18928239733000
1385701738563;675.0;18928270953000
1385701738666;690.0;18928373126000
1385701738773;660.0;18928480059000
1385701738837;675.0;18928544390000
1385701738900;645.0;18928607043000
1385701739019;660.0;18928726611000
1385701739181;645.0;18928888293000
1385701739272;615.0;18928979693000
1385701739306;570.0;18929013232000
1385701739337;555.0;18929044757000
1385701739502;600.0;18929209246000
1385701739558;660.0;18929265460000
1385701739596;720.0;18929303363000
1385701739678;690.0;18929381976000
1385701739759;705.0;18929466388000
1385701739790;765.0;18929497699000
1385701739898;750.0;18929605334000
1385701739963;705.0;18929670367000
1385701740030;675.0;18929737323000
1385701740167;765.0;18929875201000
1385701740205;780.0;18929912982000
1385701740260;810.0;18929966937000
1385701740324;870.0;18930030963000
1385701740392;855.0;18930099200000
1385701740503;900.0;18930209002000
1385701740595;945.0;18930302600000
1385701740626;975.0;18930333697000
1385701740657;945.0;18930364825000
1385701740689;825.0;18930396594000
1385701740721;750.0;18930428180000
1385701740823;645.0;18930529834000
1385701740860;540.0;18930567950000
1385701740892;450.0;18930599047000
1385701740972;375.0;18930679461000
1385701741016;330.0;18930724108000
1385701741095;285.0;18930802142000
1385701741127;255.0;18930834552000
1385701741253;225.0;18930960253000
1385701741291;180.0;18930998034000
1385701741322;165.0;18931029162000
1385701741448;150.0;18931154345000
1385701741532;135.0;18931239703000
1385701741563;120.0;18931270892000
1385701742126;105.0;18931833941000
1385701742220;90.0;18931927783000
1385701742282;75.0;18931989764000
1385701742438;60.0;18932146014000
1385701743220;45.0;18932927294000
1385701743501;60.0;18933208880000
1385701743594;45.0;18933302111000
1385701743657;60.0;18933364703000
1385701743751;45.0;18933458789000
1385701744088;60.0;18933795581000
1385701746252;45.0;18935959613000
1385701748157;30.0;18937864642000
1385701749673;15.0;18939380542000
1385701749735;30.0;18939442919000
1385701749829;15.0;18939536700000
1385701750188;30.0;18939895861000
1385701752267;45.0;18941974139000
1385701754376;30.0;18944083483000
1385701761283;45.0;18950990527000
1385701761783;60.0;18951489856000
1385701762006;45.0;18951713153000
1385701763815;60.0;18953392047000
1385701766443;75.0;18956019305000
1385701768226;90.0;18957803576000
1385701768262;105.0;18957838977000
1385701768710;120.0;18958287158000
1385701768781;150.0;18958357501000
1385701768828;180.0;18958404315000
1385701768858;225.0;18958435015000
1385701768921;330.0;18958497699000
1385701768983;405.0;18958559985000
1385701769076;450.0;18958653216000
1385701769181;375.0;18958757312000
1385701769218;255.0;18958794940000
1385701769249;150.0;18958825732000
1385701769349;90.0;18958925708000
1385701769402;75.0;18958979388000
1385701769483;90.0;18959060046000
1385701769546;105.0;18959123187000
1385701769577;135.0;18959153704000
1385701769640;165.0;18959216449000
1385701769828;120.0;18959404589000
1385701769884;75.0;18959460315000
1385701770282;90.0;18959858081000
1385701770457;105.0;18960034381000
1385701770505;120.0;18960079486000
1385701770539;135.0;18960115435000
1385701770790;105.0;18960366351000
1385701770874;90.0;18960450701000
1385701771032;105.0;18960608325000
1385701771422;120.0;18960998248000
1385701771749;105.0;18961326129000
1385701771876;120.0;18961452105000
1385701772248;150.0;18961824786000
1385701772352;165.0;18961927569000
1385701772560;180.0;18962137133000
1385701772593;195.0;18962169360000
1385701772696;180.0;18962272387000
1385701772733;165.0;18962309985000
1385701772858;180.0;18962435138000
1385701772890;195.0;18962466418000
1385701772952;210.0;18962528735000
1385701773014;285.0;18962591174000
1385701773083;420.0;18962659869000
1385701773123;525.0;18962700396000
1385701773210;555.0;18962786761000
1385701773337;495.0;18962912524000
1385701773421;345.0;18962997638000
1385701773452;255.0;18963028765000
1385701773544;180.0;18963120745000
1385701773577;120.0;18963153674000
1385701773622;75.0;18963199237000
1385701773694;60.0;18963270892000
1385701775733;75.0;18965309893000
1385701776945;60.0;18966521624000
1385701780531;45.0;18970107714000
1385701785695;30.0;18974769915000
1385701789140;45.0;18978214282000
1385701790330;60.0;18979404528000
1385701790525;75.0;18979599017000
1385701790657;90.0;18979732104000
1385701790690;120.0;18979763842000
1385701790791;150.0;18979865344000
1385701790915;195.0;18979990527000
1385701790954;315.0;18980029071000
1385701790985;375.0;18980059985000
1385701791017;405.0;18980091418000
1385701791079;420.0;18980153949000
1385701791142;435.0;18980216449000
1385701791204;465.0;18980278735000
1385701791235;480.0;18980310015000
1385701791330;495.0;18980382464000
1385701791391;510.0;18980466296000
1385701791486;525.0;18980560656000
1385701791587;510.0;18980661639000
1385701791752;525.0;18980826403000
1385701791813;540.0;18980888110000
1385701792051;525.0;18981125628000
1385701792189;540.0;18981263354000
1385701792251;555.0;18981325732000
1385701792383;570.0;18981458392000
1385701792509;555.0;18981583575000
1385701792579;570.0;18981654193000
1385701792689;585.0;18981763964000
1385701792759;600.0;18981834002000
1385701792796;630.0;18981870532000
1385701792861;615.0;18981935534000
1385701792947;645.0;18982021624000
1385701793042;630.0;18982116320000
1385701793157;645.0;18982231951000
1385701793189;675.0;18982263659000
1385701793283;765.0;18982357348000
1385701793361;825.0;18982435260000
1385701793438;870.0;18982513263000
1385701793478;900.0;18982552386000
1385701793665;930.0;18982739642000
1385701793728;960.0;18982802905000
1385701793861;915.0;18982935656000
1385701793892;885.0;18982966357000
1385701793955;915.0;18983029559000
1385701794042;930.0;18983115924000
1385701794106;945.0;18983179126000
1385701794191;915.0;18983264575000
1385701794261;900.0;18983336261000
1385701794311;885.0;18983384967000
1385701794361;900.0;18983435382000
1385701794505;930.0;18983579943000
1385701794631;915.0;18983705523000
1385701794665;885.0;18983739794000
1385701794729;855.0;18983803302000
1385701794869;870.0;18983943316000
1385701794993;855.0;18984067797000
1385701795056;720.0;18984130267000
1385701795118;570.0;18984192950000
1385701795210;495.0;18984280719000
1385701795251;465.0;18984325671000
1385701795307;405.0;18984382128000
1385701795345;360.0;18984419451000
1385701795408;330.0;18984482470000
1385701795439;300.0;18984513293000
1385701801361;330.0;18990435473000
1385701801423;315.0;18990497912000
1385701801455;300.0;18990529711000
1385701801534;315.0;18990608844000
1385701801604;330.0;18990677691000
1385701801666;360.0;18990740130000
1385701801720;390.0;18990794024000
1385701801860;405.0;18990934954000
1385701801962;420.0;18991036853000
1385701802180;435.0;18991253741000
1385701802322;465.0;18991396655000
1385701802361;495.0;18991436023000
1385701802448;510.0;18991522509000
1385701802504;540.0;18991577990000
1385701802556;585.0;18991631579000
1385701802699;570.0;18991773791000
1385701802798;585.0;18991873034000
1385701803050;615.0;18992124438000
1385701803098;660.0;18992170977000
1385701803134;750.0;18992208544000
1385701803221;780.0;18992295611000
1385701803317;825.0;18992392321000
1385701803352;840.0;18992427172000
1385701803415;885.0;18992489917000
1385701803448;930.0;18992521624000
1385701803700;945.0;18992774768000
1385701803828;855.0;18992903277000
1385701803874;840.0;18992948046000
1385701803925;825.0;18992999133000
1385701804000;810.0;18993075000000
1385701804040;795.0;18993115313000
1385701804071;780.0;18993145922000
1385701804134;765.0;18993208544000
1385701804228;750.0;18993302386000
1385701804291;735.0;18993365741000
1385701804412;720.0;18993487353000
1385701804447;705.0;18993522021000
1385701804595;690.0;18993670062000
1385701804735;675.0;18993810076000
1385701804862;660.0;18993936877000
1385701804924;645.0;18993998492000
1385701805267;660.0;18994341418000
1385701805557;645.0;18994632128000
1385701805790;630.0;18994864856000
1385701806071;615.0;18995145983000
1385701806166;600.0;18995240618000
1385701806254;585.0;18995327746000
1385701806290;570.0;18995364703000
1385701806384;555.0;18995458880000
1385701806447;540.0;18995521472000
1385701806510;525.0;18995585040000
1385701806558;510.0;18995632769000
1385701806728;495.0;18995803210000
1385701806767;480.0;18995841937000
1385701806900;465.0;18995974292000
1385701806993;450.0;18996067767000
1385701807056;435.0;18996130358000
1385701807118;420.0;18996192889000
1385701807330;405.0;18996342944000
1385701807341;390.0;18996415332000
1385701807376;375.0;18996450701000
1385701807439;360.0;18996514209000
1385701807559;345.0;18996634112000
1385701807618;330.0;18996692767000
1385701807712;315.0;18996786486000
1385701807837;300.0;18996911700000
1385701808032;285.0;18997106829000
1385701808313;270.0;18997388049000
1385701808601;285.0;18997675769000
1385701808695;270.0;18997769885000
1385701808884;285.0;18997959094000
1385701809251;270.0;18998325701000
1385701809540;285.0;18998614764000
1385701809638;270.0;18998712573000
1385701809704;285.0;18998778918000
1385701809929;300.0;18999003985000
1385701810189;285.0;18999263751000
1385701810251;300.0;18999325610000
1385701810313;285.0;18999388171000
1385701810407;270.0;18999482135000
1385701810532;255.0;18999607074000
1385701810607;240.0;18999679583000
1385701810697;255.0;18999771563000
1385701811009;225.0;19000083850000
1385701811040;195.0;19000114703000
1385701811072;180.0;19000146319000
1385701811197;195.0;19000270983000
1385701811290;210.0;19000364703000
1385701811353;225.0;19000427325000
1385701811415;285.0;19000489825000
1385701811509;405.0;19000583361000
1385701811540;525.0;19000614581000
1385701811589;675.0;19000663287000
1385701811689;660.0;19000763201000
1385701811751;450.0;19000825610000
1385701811813;285.0;19000888201000
1385701811846;195.0;19000920428000
1385701811946;150.0;19001021014000
1385701812009;135.0;19001083392000
1385701812608;120.0;19001682727000
1385701813056;105.0;19002130481000
1385701815326;90.0;19004397021000
1385701815416;75.0;19004490618000
1385701815509;60.0;19004583483000
1385701815672;75.0;19004746356000
1385701815829;90.0;19004903796000
1385701815985;75.0;19005060107000
1385701816439;90.0;19005513171000
1385701817438;75.0;19006512866000
1385701817627;90.0;19006701373000
1385701817869;75.0;19006943682000
1385701817978;90.0;19007052539000
1385701820977;105.0;19010052233000
1385701821196;90.0;19010270953000
1385701825837;105.0;19014912066000
1385701826119;90.0;19015193530000
1385701829751;75.0;19018825946000
1385701829970;90.0;19019044574000
1385701831033;75.0;19020107898000
1385701834212;90.0;19023286700000
1385701834462;75.0;19023536639000
1385701834720;90.0;19023794482000
1385701834854;75.0;19023928515000
1385701835110;90.0;19024185199000
1385701835236;75.0;19024310626000
1385701838439;60.0;19027513446000
1385701838602;75.0;19027676989000
1385701838806;60.0;19027880450000
1385701838869;75.0;19027942919000
1385701839181;60.0;19028255877000
1385701839377;75.0;19028451770000
1385701842899;60.0;19031974108000
1385701843647;75.0;19032722125000
1385701843962;60.0;19033036517000
1385701844338;75.0;19033412402000
1385701844438;60.0;19033513140000
1385701846118;75.0;19035192858000
1385701846212;60.0;19035286578000
1385701846431;75.0;19035505816000
1385701846495;60.0;19035569232000
1385701846642;75.0;19035716967000
1385701846806;60.0;19035880419000
1385701847639;45.0;19036714465000
1385701848314;30.0;19037389148000
1385701848470;15.0;19037544451000
1385701849454;0.0;19038529010000
1385701849947;15.0;19039021594000
1385701852587;30.0;19041661914000
1385701853454;45.0;19042528949000
1385701853639;60.0;19042713977000
1385701853736;75.0;19042810382000
1385701853954;60.0;19043029071000
1385701854016;75.0;19043091204000
1385701854236;90.0;19043310626000
1385701854876;105.0;19043950671000
1385701854998;120.0;19044073169000
1385701855165;135.0;19044239764000
1385701855321;120.0;19044396044000
1385701855446;135.0;19044521014000
1385701855697;165.0;19044771350000
1385701855821;180.0;19044896014000
1385701855884;195.0;19044959216000
1385701856001;225.0;19045076129000
1385701856096;210.0;19045170367000
1385701856194;195.0;19045265246000
1385701856252;180.0;19045326495000
1385701856290;150.0;19045364886000
1385701856447;135.0;19045521624000
1385701856565;150.0;19045639636000
1385701856830;165.0;19045904467000
1385701856869;180.0;19045943469000
1385701857055;195.0;19046130175000
1385701857212;180.0;19046286700000
1385701857274;150.0;19046349078000
1385701857306;135.0;19046380175000
1385701857424;120.0;19046498584000
1385701857525;135.0;19046599505000
1385701857808;150.0;19046881854000
1385701857845;180.0;19046920062000
1385701858033;165.0;19047107348000
1385701858095;135.0;19047169329000
1385701858713;150.0;19047787646000
1385701858801;165.0;19047875598000
1385701859001;150.0;19048075701000
1385701859032;135.0;19048106799000
1385701859126;120.0;19048201159000
1385701859190;135.0;19048265094000
1385701859704;150.0;19048778521000
1385701859758;165.0;19048833270000
1385701859954;150.0;19049028826000
1385701860106;135.0;19049149920000
1385701860290;150.0;19049364794000
1385701860509;165.0;19049583972000
1385701860590;195.0;19049664965000
1385701860634;210.0;19049709185000
1385701860672;195.0;19049747302000
1385701860798;180.0;19049872546000
1385701860868;150.0;19049942950000
1385701860900;135.0;19049974292000
1385701860962;105.0;19050036700000
1385701861056;90.0;19050130908000
1385701861118;75.0;19050192981000
1385701861791;90.0;19050865344000
1385701861981;105.0;19051037646000
1385701862072;120.0;19051146350000
1385701862165;135.0;19051239703000
1385701862228;150.0;19051302783000
1385701862351;165.0;19051422076000
1385701862431;180.0;19051506121000
1385701862471;195.0;19051546008000
1385701862526;210.0;19051600421000
1385701862579;225.0;19051654254000
1385701862689;240.0;19051763293000
1385701862783;255.0;19051857257000
1385701863009;270.0;19052083606000
1385701863459;285.0;19052533831000
1385701863948;300.0;19053022753000
1385701864074;285.0;19053147815000
1385701864752;300.0;19053826342000
1385701865041;315.0;19054116076000
1385701865494;330.0;19054568713000
1385701865788;345.0;19054858721000
1385701865893;360.0;19054967089000
1385701866081;375.0;19055154956000
1385701866212;390.0;19055286669000
1385701866602;405.0;19055677386000
1385701867243;420.0;19056317767000
1385701867451;405.0;19056521167000
1385701867649;420.0;19056724078000
1385701868322;435.0;19057396838000
1385701869243;450.0;19058317828000
1385701869524;465.0;19058599108000
1385701869689;480.0;19058763812000
1385701870091;510.0;19059166247000
1385701870180;540.0;19059255236000
1385701870282;525.0;19059357196000
1385701870414;540.0;19059489459000
1385701870983;555.0;19060058123000
1385701871329;540.0;19060403826000
1385701871563;525.0;19060638110000
1385701871807;540.0;19060881488000
1385701872448;525.0;19061522418000
1385701872572;510.0;19061646868000
1385701872886;525.0;19061960131000
1385701873057;540.0;19062131427000
1385701873283;555.0;19062357470000
1385701873375;570.0;19062450579000
1385701873712;585.0;19062787463000
1385701873837;600.0;19062911608000
1385701874001;615.0;19063076190000
1385701874228;630.0;19063302783000
1385701874321;660.0;19063396106000
1385701874448;675.0;19063521014000
1385701874768;690.0;19063843310000
1385701874837;705.0;19063911731000
1385701874931;720.0;19064006121000
1385701875384;705.0;19064458453000
1385701875478;690.0;19064552264000
1385701876158;675.0;19065232409000
1385701876313;660.0;19065388018000
1385701876470;645.0;19065544726000
1385701876532;660.0;19065606921000
1385701876643;675.0;19065718249000
1385701876727;690.0;19065802111000
1385701876837;720.0;19065911639000
1385701876869;735.0;19065943805000
1385701877079;750.0;19066153888000
1385701877267;720.0;19066341723000
1385701877298;705.0;19066372515000
1385701877422;675.0;19066497393000
1385701877510;660.0;19066585192000
1385701877589;645.0;19066664294000
1385701877876;660.0;19066950579000
1385701877907;675.0;19066982531000
1385701877970;660.0;19067045123000
1385701878032;630.0;19067106799000
1385701878095;615.0;19067169451000
1385701878126;585.0;19067200732000
1385701878189;555.0;19067264270000
1385701878323;510.0;19067396991000
1385701878369;465.0;19067443225000
1385701878400;405.0;19067474841000
1385701878462;360.0;19067536608000
1385701878524;330.0;19067599139000
1385701878587;315.0;19067662188000
1385701878678;300.0;19067752825000
1385701878721;285.0;19067795764000
1385701878790;270.0;19067864672000
1385701878916;255.0;19067990252000
1385701879092;270.0;19068166796000
1385701879189;285.0;19068263568000
1385701879695;300.0;19068770312000
1385701879837;315.0;19068912097000
1385701879937;300.0;19069011279000
1385701880206;315.0;19069281176000
1385701880308;300.0;19069382586000
1385701880639;285.0;19069713214000
1385701880750;270.0;19069825518000
1385701880812;255.0;19069886859000
1385701880924;240.0;19069998645000
1385701880980;225.0;19070054278000
1385701881783;210.0;19070857623000
1385701881908;195.0;19070982531000
1385701882064;180.0;19071139270000
1385701882191;165.0;19071265277000
1385701882238;150.0;19071311938000
1385701882400;165.0;19071474993000
1385701882891;150.0;19071966204000
1385701883143;135.0;19072216357000
1385701883322;120.0;19072396533000
1385701884120;105.0;19073194049000
1385701884939;120.0;19074013690000
1385701885368;135.0;19074442919000
1385701885431;120.0;19074505267000
1385701885494;135.0;19074568255000
1385701885869;150.0;19074942858000
1385701886025;165.0;19075099597000
1385701886087;180.0;19075161731000
1385701886212;195.0;19075286639000
1385701886243;210.0;19075317981000
1385701886306;225.0;19075380938000
1385701886475;240.0;19075550036000
1385701886541;255.0;19075615222000
1385701886696;270.0;19075771502000
1385701886749;285.0;19075823992000
1385701886790;300.0;19075864581000
1385701886826;315.0;19075898181000
1385701886878;345.0;19075951800000
1385701886986;375.0;19076055194000
1385701887084;405.0;19076156085000
1385701887298;420.0;19076373126000
1385701887472;435.0;19076546527000
1385701887508;450.0;19076583331000
1385701887713;465.0;19076788378000
1385701887759;495.0;19076834246000
1385701887789;525.0;19076864459000
1385701887852;540.0;19076927172000
1385701887978;555.0;19077052356000
1385701888040;540.0;19077114581000
1385701888198;525.0;19077272326000
1385701888329;540.0;19077404132000
1385701888465;555.0;19077540271000
1385701888533;570.0;19077608142000
1385701888630;585.0;19077705340000
1385701888740;600.0;19077815478000
1385701888907;660.0;19077981799000
1385701888970;675.0;19078044482000
1385701889032;690.0;19078106951000
1385701889064;810.0;19078138720000
1385701889126;840.0;19078200732000
1385701889189;300.0;19078264025000
1385701890182;315.0;19079256427000
1385701890389;375.0;19079463946000
1385701897024;390.0;19086099200000
1385701897087;435.0;19086161669000
1385701897156;450.0;19086230670000
1385701897189;480.0;19086263476000
1385701897275;510.0;19086350482000
1385701897345;435.0;19086419360000
1385701897824;375.0;19086897906000
1385701898299;540.0;19087373858000
1385701898398;870.0;19087472613000
1385701898491;780.0;19087566119000
1385701898532;750.0;19087607074000
1385701898579;705.0;19087654162000
1385701898647;675.0;19087718585000
1385701898688;660.0;19087762957000
1385701898783;630.0;19087857440000
1385701898883;615.0;19087958422000
1385701898915;600.0;19087989581000
1385701898946;585.0;19088020800000
1385701899018;555.0;19088091540000
1385701899128;525.0;19088201800000
1385701899173;510.0;19088247668000
1385701899204;480.0;19088278888000
1385701899298;495.0;19088373004000
1385701899360;525.0;19088435076000
1385701899532;480.0;19088607043000
1385701899623;465.0;19088697985000
1385701899666;450.0;19088740863000
1385701899696;435.0;19088770709000
1385701899727;420.0;19088802386000
1385701899946;405.0;19089020892000
1385701900009;420.0;19089083483000
1385701900383;405.0;19089458300000
1385701900620;390.0;19089695239000
1385701900666;360.0;19089740557000
1385701900722;345.0;19089797015000
1385701900760;330.0;19089835315000
1385701900807;315.0;19089881823000
1385701900853;300.0;19089927294000
1385701900955;285.0;19090029345000
1385701901023;270.0;19090098010000
1385701901055;255.0;19090130450000
1385701901182;240.0;19090256396000
1385701901267;225.0;19090341662000
1385701901336;195.0;19090410479000
1385701901368;180.0;19090442736000
1385701901399;165.0;19090474108000
1385701901494;150.0;19090568438000
1385701901667;135.0;19090742358000
1385701902001;120.0;19091075824000
1385701902502;105.0;19091576312000
1385701902736;120.0;19091810412000
1385701903124;105.0;19092198870000
1385701903313;120.0;19092388140000
1385701903384;105.0;19092459155000
1385701903616;120.0;19092690234000
1385701903774;135.0;19092849017000
1385701904056;150.0;19093131030000
1385701904150;165.0;19093224749000
1385701904813;150.0;19093888110000
1385701904986;165.0;19094060565000
1385701905776;180.0;19094849536000
1385701905870;195.0;19094944049000
1385701905939;225.0;19095013781000
1385701906049;240.0;19095123248000
1385701906594;255.0;19095669513000
1385701906792;270.0;19095867480000
1385701906836;285.0;19095910601000
1385701906878;300.0;19095953051000
1385701906917;330.0;19095991961000
1385701907016;345.0;19096091937000
1385701907056;360.0;19096131488000
1385701907134;375.0;19096208300000
1385701907172;390.0;19096247119000
1385701907219;405.0;19096293658000
1385701907313;420.0;19096388201000
1385701907345;450.0;19096419940000
1385701907439;465.0;19096513324000
1385701907533;495.0;19096608142000
1385701907657;510.0;19096732196000
1385701907783;525.0;19096857379000
1385701907821;540.0;19096895892000
1385701907854;570.0;19096927905000
1385701907939;600.0;19097013659000
1385701907970;615.0;19097044482000
1385701908244;645.0;19097318774000
1385701908462;675.0;19097536639000
1385701908606;690.0;19097680804000
1385701908658;705.0;19097732867000
1385701908714;735.0;19097788348000
1385701908751;750.0;19097826068000
1385701908782;795.0;19097857226000
1385701908845;840.0;19097920184000
1385701908971;885.0;19098045642000
1385701909009;915.0;19098083575000
1385701909134;945.0;19098208331000
1385701909166;975.0;19098240496000
1385701909228;885.0;19098302325000
1385701909290;810.0;19098364825000
1385701909352;795.0;19098427203000
1385701909384;750.0;19098458392000
1385701909446;630.0;19098520983000
1385701909517;600.0;19098591418000
1385701909633;525.0;19098707476000
1385701909673;465.0;19098748065000
1385701909737;375.0;19098811602000
1385701909830;300.0;19098904528000
1385701909993;360.0;19099067797000
1385701910056;375.0;19099131060000
1385701910147;345.0;19099221820000
1385701910181;300.0;19099255358000
1385701910212;285.0;19099286578000
1385701914314;315.0;19103388354000
1385701914376;345.0;19103451129000
1385701914438;360.0;19103513110000
1385701914470;375.0;19103545153000
1385701914550;390.0;19103624743000
1385701914688;375.0;19103763232000
1385701914751;405.0;19103825610000
1385701914814;420.0;19103888690000
1385701914876;435.0;19103950793000
1385701914970;465.0;19104044543000
1385701915032;495.0;19104106890000
1385701915126;510.0;19104200763000
1385701915213;525.0;19104288012000
1385701915289;570.0;19104363543000
1385701915349;630.0;19104423724000
1385701915391;690.0;19104466052000
1385701915423;735.0;19104497485000
1385701915485;780.0;19104560199000
1385701915526;810.0;19104600634000
1385701915603;870.0;19104677478000
1385701915697;930.0;19104772448000
1385701915753;990.0;19104827868000
1385701915937;915.0;19105011676000
1385701915989;870.0;19105063769000
1385701916032;855.0;19105107196000
1385701916095;825.0;19105169970000
1385701916126;810.0;19105200793000
1385701916189;780.0;19105264086000
1385701916251;750.0;19105325640000
1385701916314;735.0;19105388354000
1385701916345;720.0;19105419665000
1385701916487;735.0;19105561206000
1385701916572;705.0;19105645861000
1385701916642;720.0;19105716784000
1385701916704;705.0;19105778857000
1385701916799;675.0;19105873400000
1385701916861;660.0;19105935656000
1385701916945;615.0;19106020190000
1385701916978;570.0;19106052752000
1385701917009;540.0;19106083483000
1385701917080;525.0;19106154376000
1385701917142;540.0;19106216937000
1385701917392;555.0;19106466357000
1385701917455;570.0;19106529345000
1385701917517;600.0;19106592059000
1385701917626;585.0;19106701525000
1385701917767;600.0;19106841418000
1385701917860;630.0;19106935076000
1385701917954;645.0;19107029132000
1385701918018;675.0;19107092578000
1385701918119;690.0;19107193377000
1385701918150;705.0;19107224108000
1385701918181;720.0;19107255389000
1385701918274;765.0;19107349231000
1385701918306;780.0;19107380450000
1385701918338;825.0;19107412646000
1385701918399;900.0;19107474108000
1385701923775;360.0;19112849719000
1385701923868;420.0;19112942828000
1385701923931;435.0;19113005969000
1385701924025;465.0;19113099475000
1385701924087;495.0;19113161700000
1385701924149;555.0;19113224017000
1385701924213;630.0;19113287677000
1385701924268;705.0;19113341723000
1385701924326;810.0;19113400409000
1385701924361;855.0;19113435351000
1385701924423;900.0;19113498095000
1385701924485;960.0;19113560168000
1385701924518;1005.0;19113592791000
1385701924619;960.0;19113693774000
1385701924659;930.0;19113733721000
1385701924696;900.0;19113771014000
1385701924759;840.0;19113833697000
1385701924821;810.0;19113896014000
1385701924862;780.0;19113936236000
1385701925000;735.0;19114075396000
1385701925032;705.0;19114106921000
1385701925097;675.0;19114172107000
1385701925134;660.0;19114209155000
1385701925260;645.0;19114334979000
1385701925431;630.0;19114506030000
1385701925524;615.0;19114599200000
1385701925618;600.0;19114693255000
1385701925666;585.0;19114740435000
1385701925697;570.0;19114771380000
1385701925782;555.0;19114856982000
1385701925814;540.0;19114888690000
1385701925845;525.0;19114919482000
1385701926041;510.0;19115115161000
1385701926173;495.0;19115248156000
1385701926235;480.0;19115310260000
1385701926471;465.0;19115544940000
1385701926579;450.0;19115653552000
1385701926682;435.0;19115756182000
1385701926860;420.0;19115935138000
1385701927157;405.0;19116231860000
1385701927446;450.0;19116521044000
1385701927509;405.0;19116583514000
1385701927665;540.0;19116739825000
1385701927727;405.0;19116802264000
1385701927884;435.0;19116958606000
1385701927915;480.0;19116989917000
1385701927975;510.0;19117038348000
1385701928065;525.0;19117139697000
1385701928174;540.0;19117248492000
1385701928267;585.0;19117341662000
1385701928298;600.0;19117372485000
1385701928329;630.0;19117403704000
1385701928392;675.0;19117466784000
1385701928455;765.0;19117529467000
1385701928696;795.0;19117770953000
1385701928798;780.0;19117872485000
1385701928829;765.0;19117903674000
1385701928893;780.0;19117967425000
1385701929071;810.0;19118146014000
1385701929113;825.0;19118187182000
1385701929213;840.0;19118287677000
1385701929307;855.0;19118381427000
1385701929371;870.0;19118445056000
1385701929418;885.0;19118491931000
1385701929501;870.0;19118575701000
1385701929614;855.0;19118687884000
1385701929657;840.0;19118732196000
1385701929696;825.0;19118770983000
1385701929946;810.0;19119021014000
1385701930080;795.0;19119153094000
1385701930173;780.0;19119248004000
1385701930267;765.0;19119341662000
1385701930431;750.0;19119505847000
1385701930462;735.0;19119536853000
1385701930495;720.0;19119569323000
1385701930643;705.0;19119717273000
1385701930858;720.0;19119929339000
1385701931133;735.0;19120207690000
1385701931166;765.0;19120240466000
1385701931321;825.0;19120395617000
1385701931371;855.0;19120446215000
1385701931414;885.0;19120488574000
1385701931477;870.0;19120552233000
1385701931567;840.0;19120641040000
1385701931672;780.0;19120747363000
1385701931705;750.0;19120780047000
1385701931796;765.0;19120870593000
1385701931893;780.0;19120967852000
1385701932095;810.0;19121169451000
1385701932267;345.0;19121341632000
1385701932567;390.0;19121641619000
1385701932611;570.0;19121685687000
1385701932650;870.0;19121724658000
1385701932712;960.0;19121786669000
1385701932774;915.0;19121849017000
1385701932806;900.0;19121880816000
1385701932931;945.0;19122005816000
1385701932993;885.0;19122067950000
1385701933025;705.0;19122099749000
1385701933087;540.0;19122161517000
1385701933206;825.0;19122280596000
1385701933306;810.0;19122380725000
1385701933343;690.0;19122417285000
1385701933411;615.0;19122483966000
1385701933463;555.0;19122537585000
1385701933501;510.0;19122575732000
1385701933533;495.0;19122607409000
1385701933672;510.0;19122746386000
1385701933768;555.0;19122841784000
1385701933814;585.0;19122888446000
1385701933876;615.0;19122950824000
1385701933907;645.0;19122981890000
1385701934063;690.0;19123138263000
1385701934109;1065.0;19123183947000
1385701934142;1110.0;19123216449000
1385701934267;1095.0;19123341265000
1385701934335;1020.0;19123410266000
1385701934369;915.0;19123443347000
1385701934431;840.0;19123506060000
1385701934462;780.0;19123536883000
1385701934525;735.0;19123599261000
1385701934626;690.0;19123700640000
1385701934657;630.0;19123731951000
1385701934689;615.0;19123764117000
1385701934783;570.0;19123857379000
1385701934891;600.0;19123965533000
1385701934954;720.0;19124029010000
1385701935016;810.0;19124091174000
1385701935080;825.0;19124154528000
1385701935165;750.0;19124239642000
1385701935196;675.0;19124270861000
1385701935259;660.0;19124333575000
1385701935353;615.0;19124427325000
1385701935415;570.0;19124490191000
1385701935509;585.0;19124583575000
1385701935729;600.0;19124803729000
1385701935923;690.0;19124997668000
1385701935954;780.0;19125028796000
1385701936016;795.0;19125091174000
1385701936079;750.0;19125153857000
1385701936166;690.0;19125240130000
1385701936212;645.0;19125287219000
1385701936244;600.0;19125318774000
1385701936314;570.0;19125388629000
1385701936346;540.0;19125420306000
1385701936424;510.0;19125498431000
1385701936595;495.0;19125670153000
1385701936852;510.0;19125927111000
1385701937010;480.0;19126084582000
1385701937111;450.0;19126185473000
1385701937142;420.0;19126216449000
1385701937173;405.0;19126247576000
1385701937254;420.0;19126329303000
1385701937719;435.0;19126794299000
1385701937761;450.0;19126835803000
1385701937798;465.0;19126872607000
1385701937829;480.0;19126903857000
1385701937892;465.0;19126967242000
1385701938065;450.0;19127139453000
1385701938134;435.0;19127208514000
1385701938495;450.0;19127568988000
1385701938797;465.0;19127872119000
1385701938892;450.0;19127966601000
1385701939017;435.0;19128091265000
1385701939566;420.0;19128640582000
1385701939837;405.0;19128911517000
1385701940179;390.0;19129254107000
1385701940321;375.0;19129396014000
1385701940540;360.0;19129614794000
1385701940657;345.0;19129732074000
1385701940784;360.0;19129858416000
1385701940892;390.0;19129966632000
1385701940923;480.0;19129998278000
1385701940985;585.0;19130059985000
1385701941048;705.0;19130123065000
1385701941110;780.0;19130185199000
1385701941356;735.0;19130429431000
1385701941420;690.0;19130494616000
1385701941507;720.0;19130582080000
1385701941718;780.0;19130793048000
1385701941813;825.0;19130888140000
1385701941876;930.0;19130950732000
1385701941938;1065.0;19131013263000
1385701941975;1200.0;19131049975000
1385701942048;1230.0;19131123065000
1385701942244;1065.0;19131318286000
1385701942307;735.0;19131381732000
1385701942345;495.0;19131419451000
1385701942376;360.0;19131450763000
1385701942462;300.0;19131537127000
1385701942524;285.0;19131599017000
1385701942703;300.0;19131778521000
1385701943127;285.0;19132201983000
1385701943166;270.0;19132241168000
1385701943477;255.0;19132552264000
1385701943579;270.0;19132653857000
1385701943666;255.0;19132740832000
1385701943790;240.0;19132864733000
1385701943852;225.0;19132927111000
1385701943915;195.0;19132989611000
1385701943977;180.0;19133052233000
1385701944040;150.0;19133114733000
1385701944134;135.0;19133208483000
1385701944196;120.0;19133270892000
1385701944291;105.0;19133365741000
1385701944408;90.0;19133482379000
1385701944565;75.0;19133639544000
1385701944666;60.0;19133741107000
1385701945798;45.0;19134872638000
1385701946839;30.0;19135913317000
1385701951330;45.0;19140404803000
1385701951415;30.0;19140489764000
1385701952478;15.0;19141552294000
1385701952673;30.0;19141748523000
1385701952757;15.0;19141831897000
1385701962352;30.0;19151427325000
1385701963345;45.0;19152419421000
1385701964181;60.0;19153255847000
1385701964664;75.0;19153738482000
1385701965149;90.0;19154224078000
1385701965572;105.0;19154646441000
1385701965900;120.0;19154974688000
1385701966056;135.0;19155130419000
1385701966212;150.0;19155287158000
1385701966337;165.0;19155411639000
1385701966493;180.0;19155567950000
1385701966556;195.0;19155630511000
1385701966748;210.0;19155822589000
1385701966947;225.0;19156021472000
1385701967017;240.0;19156092028000
1385701967157;255.0;19156231921000
1385701967392;270.0;19156467120000
1385701967454;285.0;19156528826000
1385701967589;300.0;19156664202000
1385701967792;315.0;19156866320000
1385701967886;330.0;19156959948000
1385701968110;315.0;19157185046000
1385701968205;300.0;19157279498000
1385701968392;315.0;19157466967000
1385701968727;300.0;19157802264000
1385701968978;315.0;19158052233000
1385701969041;330.0;19158115252000
1385701969197;315.0;19158271563000
1385701969259;300.0;19158333392000
1385701969415;315.0;19158489733000
1385701969548;300.0;19158622393000
1385701969611;285.0;19158685229000
1385701969712;270.0;19158786639000
1385701969775;255.0;19158849597000
1385701969931;240.0;19159005419000
1385701970035;255.0;19159108874000
1385701970134;240.0;19159208575000
1385701970259;225.0;19159333514000
1385701970493;210.0;19159567919000
1385701970595;195.0;19159670092000
1385701970665;180.0;19159739825000
1385701970696;150.0;19159770739000
1385701970853;135.0;19159927356000
1385701971150;120.0;19160224780000
1385701971322;105.0;19160397021000
1385701971410;90.0;19160484362000
1385701971649;75.0;19160724261000
1385701971896;60.0;19160960376000
1385701972415;45.0;19161490069000
1385701973173;30.0;19162247699000
1385701973235;45.0;19162310046000
1385701973361;30.0;19162436023000
1385701973524;45.0;19162599108000
1385701973594;30.0;19162669329000
1385701974454;15.0;19163528888000
1385701974516;30.0;19163591265000
1385701974586;15.0;19163661608000
1385701974907;30.0;19163981829000
1385701974970;15.0;19164045092000
1385701977204;0.0;19166278735000
1385701977266;15.0;19166341204000
1385701984698;30.0;19173772540000
1385701985784;45.0;19174858783000
1385701986228;60.0;19175302325000
1385701986800;75.0;19175874285000
1385701986892;90.0;19175966906000
1385701987056;105.0;19176130481000
1385701987587;120.0;19176662127000
1385701987891;135.0;19176966265000
1385701988376;150.0;19177450701000
1385701988587;165.0;19177662066000
1385701988665;150.0;19177739917000
1385701988775;165.0;19177849719000
1385701989014;150.0;19178089190000
1385701989099;135.0;19178172290000
1385701989165;120.0;19178239825000
1385701989923;135.0;19178997454000
1385701990335;150.0;19179409564000
1385701990431;165.0;19179506091000
1385701990641;180.0;19179716021000
1385701990736;195.0;19179810138000
1385701990859;210.0;19179934069000
1385701991079;225.0;19180153826000
1385701991204;240.0;19180278949000
1385701991392;225.0;19180466357000
1385701991479;240.0;19180553424000
1385701991782;225.0;19180857135000
1385701992713;240.0;19181787402000
1385701992861;225.0;19181935443000
1385701992955;240.0;19182029254000
1385701993173;255.0;19182247607000
1385701993399;270.0;19182474139000
1385701993541;285.0;19182616473000
1385701993617;300.0;19182692157000
1385701993689;315.0;19182763598000
1385701993938;330.0;19183012347000
1385701993981;345.0;19183054339000
1385701994056;360.0;19183130603000
1385701994184;345.0;19183257006000
1385701994345;360.0;19183419421000
1385701994510;375.0;19183584368000
1385701994829;390.0;19183904223000
1385701995001;405.0;19184075610000
1385701995063;390.0;19184138201000
1385701995282;405.0;19184356921000
1385701995470;420.0;19184544421000
1385701995558;405.0;19184633044000
1385701995735;390.0;19184809771000
1385701996487;375.0;19185560382000
1385701996565;360.0;19185639636000
1385701996986;345.0;19186060351000
1385701997095;360.0;19186169543000
1385701997492;345.0;19186566394000
1385701997628;360.0;19186702868000
1385701998102;375.0;19187177264000
1385701998384;360.0;19187458819000
1385701998923;345.0;19187997760000
1385701999048;360.0;19188122546000
1385701999384;345.0;19188459368000
1385701999938;330.0;19189013140000
1385702000251;315.0;19189325763000
1385702000345;300.0;19189419451000
1385702000542;285.0;19189616137000
1385702001594;270.0;19190665881000
1385702001969;285.0;19191044329000
1385702002666;270.0;19191740374000
1385702003019;255.0;19192093768000
1385702003056;240.0;19192131152000
1385702003118;225.0;19192193011000
1385702003181;210.0;19192256091000
1385702003274;195.0;19192349047000
1385702003399;180.0;19192474261000
1385702003621;165.0;19192696185000
1385702003889;150.0;19192962756000
1385702004274;135.0;19193349108000
1385702004681;120.0;19193755481000
1385702004938;105.0;19194013232000
1385702005282;90.0;19194356951000
1385702005869;75.0;19194944018000
1385702006033;90.0;19195107531000
1385702006157;75.0;19195231799000
1385702006995;90.0;19196069567000
1385702007251;75.0;19196326159000
1385702007313;90.0;19196388140000
1385702007438;75.0;19196513201000
1385702007884;90.0;19196959094000
1385702008540;105.0;19197614703000
1385702008743;120.0;19197817981000
1385702008875;135.0;19197949939000
1385702009235;150.0;19198309954000
1385702009486;165.0;19198560565000
1385702009639;180.0;19198714099000
1385702009704;195.0;19198778888000
1385702009743;210.0;19198817767000
1385702009806;225.0;19198880267000
1385702009869;240.0;19198943316000
1385702009900;255.0;19198974261000
1385702010151;240.0;19199225726000
1385702010290;255.0;19199364672000
1385702010321;285.0;19199395953000
1385702010597;270.0;19199672320000
1385702010743;285.0;19199817584000
1385702010816;300.0;19199890338000
1385702011134;315.0;19200208575000
1385702011411;330.0;19200486315000
1385702011524;315.0;19200598803000
1385702011735;330.0;19200810107000
1385702011954;315.0;19201029162000
1385702012392;300.0;19201466510000
1385702012454;285.0;19201528857000
1385702012517;270.0;19201591357000
1385702012549;240.0;19201623309000
1385702012623;210.0;19201694995000
1385702012696;165.0;19201770678000
1385702012727;150.0;19201802050000
1385702012821;120.0;19201896044000
1385702012853;90.0;19201927386000
1385702012900;75.0;19201974627000
1385702012982;60.0;19202057269000
1385702013081;45.0;19202155383000
1385702014275;30.0;19203349841000
1385702015493;45.0;19204567797000
1385702015566;30.0;19204640368000
1385702017541;45.0;19206615496000
1385702017806;30.0;19206880236000
1385702018087;45.0;19207161761000
1385702018368;30.0;19207442736000
1385702018454;45.0;19207527606000
1385702019462;60.0;19208536608000
1385702019524;45.0;19208599017000
1385702019643;60.0;19208717791000
1385702019899;45.0;19208974200000
1385702019962;60.0;19209036578000
1385702020182;45.0;19209256427000
1385702020947;30.0;19210022052000
1385702021115;45.0;19210190142000
1385702021220;30.0;19210294451000
1385702024446;45.0;19213521258000
1385702024853;60.0;19213927264000
1385702025040;45.0;19214114733000
1385702025173;30.0;19214247424000
1385702029667;15.0;19218741961000
1385702033056;0.0;19222130633000
1385702033142;15.0;19222217425000
1385702033759;0.0;19222833972000
1385702034376;15.0;19223450885000
1385702034470;0.0;19223544451000
1385702034595;15.0;19223669451000
1385702040901;30.0;19229975360000
1385702041064;15.0;19230138415000
1385702041157;30.0;19230231951000
1385702041931;15.0;19231005450000
1385702042001;30.0;19231075824000
1385702046907;15.0;19235982043000
1385702047032;30.0;19236106890000
1385702047423;15.0;19236498126000
1385702047728;30.0;19236802691000
1385702048954;15.0;19238028826000
1385702049124;30.0;19238199176000
1385702049329;15.0;19238403857000
1385702049391;30.0;19238466204000
1385702051595;15.0;19240669604000
1385702051923;30.0;19240997515000
1385702051993;15.0;19241067889000
1385702052212;30.0;19241287219000
1385702052308;15.0;19241382281000
1385702054368;30.0;19243442889000
1385702054430;15.0;19243505358000
1385702054853;30.0;19243928271000
1385702055150;15.0;19244224414000
1385702055571;30.0;19244645953000
1385702058064;15.0;19247138568000
1385702058126;30.0;19247200824000
1385702059579;45.0;19248653796000
1385702059680;30.0;19248755206000
1385702061275;45.0;19250349353000
1385702061431;60.0;19250506121000
1385702061563;75.0;19250638293000
1385702061595;105.0;19250669543000
1385702061697;120.0;19250771594000
1385702062579;135.0;19251653643000
1385702063001;150.0;19252076312000
1385702063267;135.0;19252341693000
1385702063423;150.0;19252497546000
1385702063556;165.0;19252630358000
1385702063587;180.0;19252661761000
1385702063860;195.0;19252935015000
1385702064128;210.0;19253202044000
1385702064165;225.0;19253239886000
1385702064197;240.0;19253271502000
1385702064259;255.0;19253334033000
1385702064290;270.0;19253365222000
1385702064353;300.0;19253427966000
1385702064415;330.0;19253490130000
1385702064556;345.0;19253631121000
1385702064588;360.0;19253662402000
1385702064657;375.0;19253731951000
1385702064814;405.0;19253888720000
1385702064878;420.0;19253952807000
1385702065008;435.0;19254083422000
1385702065071;465.0;19254145983000
1385702065204;450.0;19254278735000
1385702065298;465.0;19254372729000
1385702065368;480.0;19254442889000
1385702065462;495.0;19254536975000
1385702065532;510.0;19254606402000
1385702065635;495.0;19254709124000
1385702065743;525.0;19254818011000
1385702065806;540.0;19254880481000
1385702065962;525.0;19255037036000
1385702066024;555.0;19255099108000
1385702066118;540.0;19255192858000
1385702066423;570.0;19255497607000
1385702066557;555.0;19255631366000
1385702066751;570.0;19255826190000
1385702066907;555.0;19255981829000
1385702066970;570.0;19256044970000
1385702067220;585.0;19256294421000
1385702067282;600.0;19256356890000
1385702067465;615.0;19256539355000
1385702067572;600.0;19256646441000
1385702067673;615.0;19256748034000
1385702067798;600.0;19256872851000
1385702067831;585.0;19256905230000
1385702067923;600.0;19256997943000
1385702067954;615.0;19257028765000
1385702068017;630.0;19257091754000
1385702068234;615.0;19257308886000
1385702068266;660.0;19257341265000
1385702068298;675.0;19257372454000
1385702068392;705.0;19257466326000
1385702068454;690.0;19257528888000
1385702068516;660.0;19257591296000
1385702068572;630.0;19257646411000
1385702068616;600.0;19257691180000
1385702068837;615.0;19257911731000
1385702068932;600.0;19258006427000
1385702069048;615.0;19258122607000
1385702069143;645.0;19258217150000
1385702069181;675.0;19258255511000
1385702069212;705.0;19258287219000
1385702069400;690.0;19258474444000
1385702069430;675.0;19258505389000
1385702069494;645.0;19258568469000
1385702069657;675.0;19258731982000
1385702069720;690.0;19258794421000
1385702069783;720.0;19258857470000
1385702069814;780.0;19258888385000
1385702069875;795.0;19258950549000
1385702069939;810.0;19259013201000
1385702070076;840.0;19259151202000
1385702070110;900.0;19259185138000
1385702070227;930.0;19259301989000
1385702070338;960.0;19259410266000
1385702070399;945.0;19259474078000
1385702070431;930.0;19259505419000
1385702070649;960.0;19259723559000
1385702070694;975.0;19259765033000
1385702070790;840.0;19259864794000
1385702070884;960.0;19259958544000
1385702070962;870.0;19260037005000
1385702070993;810.0;19260067981000
1385702071056;825.0;19260130389000
1385702071086;870.0;19260161608000
1385702071150;915.0;19260224383000
1385702071212;930.0;19260287249000
1385702071275;975.0;19260349963000
1385702071369;960.0;19260444018000
1385702071468;930.0;19260542193000
1385702071502;870.0;19260576831000
1385702071556;810.0;19260631213000
1385702071595;780.0;19260669451000
1385702071665;750.0;19260739733000
1385702071696;735.0;19260770983000
1385702071759;705.0;19260833575000
1385702071933;825.0;19261007983000
1385702071978;900.0;19261052630000
1385702072028;960.0;19261103381000
1385702072064;1005.0;19261138812000
1385702072171;990.0;19261246539000
1385702072327;960.0;19261402331000
1385702072391;930.0;19261466143000
1385702072422;915.0;19261497363000
1385702072634;945.0;19261709155000
1385702072759;960.0;19261833453000
1385702072829;915.0;19261903826000
1385702072860;870.0;19261935138000
1385702072923;840.0;19261997638000
1385702072985;855.0;19262060046000
1385702073016;900.0;19262091296000
1385702073102;930.0;19262176593000
1385702073305;915.0;19262380267000
1385702073369;900.0;19262443286000
1385702073572;885.0;19262646502000
1385702073718;855.0;19262792346000
1385702073751;810.0;19262825793000
1385702073814;765.0;19262888781000
1385702073846;720.0;19262920062000
1385702073990;735.0;19263062060000
1385702074071;765.0;19263146044000
1385702074115;780.0;19263189929000
1385702074353;765.0;19263427294000
1385702074658;750.0;19263732806000
1385702074751;735.0;19263825732000
1385702074782;720.0;19263856951000
1385702074846;690.0;19263919970000
1385702075088;675.0;19264162646000
1385702075143;660.0;19264217456000
1385702075526;690.0;19264600634000
1385702075603;705.0;19264677294000
1385702075735;675.0;19264810015000
1385702075826;645.0;19264897876000
1385702075868;630.0;19264942828000
1385702075962;645.0;19265036608000
1385702076181;630.0;19265255358000
1385702076337;645.0;19265411608000
1385702076524;660.0;19265598925000
1385702076665;645.0;19265739886000
1385702076728;630.0;19265803149000
1385702076790;615.0;19265864825000
1385702076946;630.0;19266020861000
1385702077165;615.0;19266239581000
1385702077228;630.0;19266302539000
1385702077384;645.0;19266458636000
1385702077463;660.0;19266537310000
1385702077782;645.0;19266856860000
1385702077813;630.0;19266888171000
1385702078321;645.0;19267396014000
1385702078384;660.0;19267458453000
1385702078665;645.0;19267739672000
1385702078728;630.0;19267802691000
1385702079001;615.0;19268076190000
1385702079204;600.0;19268278674000
1385702079330;615.0;19268404406000
1385702079423;630.0;19268497607000
1385702079486;615.0;19268560626000
1385702079657;585.0;19268731799000
1385702079745;570.0;19268819476000
1385702080360;555.0;19269435168000
1385702080423;540.0;19269497607000
1385702080536;525.0;19269611529000
1385702080621;510.0;19269695941000
1385702080657;495.0;19269732013000
1385702080822;480.0;19269896441000
1385702080963;465.0;19270038165000
1385702081016;450.0;19270091021000
1385702081118;435.0;19270192981000
1385702081275;420.0;19270349597000
1385702081580;390.0;19270655017000
1385702081986;375.0;19271061084000
1385702082158;360.0;19271233081000
1385702083354;375.0;19272429461000
