1385731427419
1385731428163
1385731428751
1385731429343
1385731429962
1385731430584
1385731431210
1385731431790
1385731432340
1385731432933
1385731433607
1385731434139
1385731434689
1385731435297
1385731435941
1385731436465
1385731437101
1385731437627
1385731438201
1385731438744
1385731439392
1385731439961
1385731440490
1385731441031
1385731441559
1385731442141
1385731442645
1385731443221
1385731443733
1385731444304
1385731444830
1385731445450
1385731446019
1385731446558
1385731447102
1385731447711
1385731448252
1385731448770
1385731449366
1385731450043
1385731450552
1385731451173
1385731451707
1385731452226
1385731452757
1385731453303
1385731453865
1385731454436
1385731454943
1385731455441
1385731456042
