1385529897151;570.0;9446648744000
1385529941907;615.0;9501894136000
1385529941971;795.0;9501958253000
1385529942066;720.0;9502053224000
1385529942112;705.0;9502099153000
1385529942237;720.0;9502224977000
1385529942346;705.0;9502333467000
1385529942409;660.0;9502396455000
1385529942487;690.0;9502474153000
1385529942541;780.0;9502528779000
1385529942587;840.0;9502573640000
1385529942646;885.0;9502633394000
1385529942698;915.0;9502685609000
1385529942760;930.0;9502747377000
1385529942876;915.0;9502863343000
1385529942978;840.0;9502965089000
1385529943035;795.0;9503021821000
1385529943081;750.0;9503068147000
1385529943221;720.0;9503208467000
1385529943253;750.0;9503240175000
1385529943300;705.0;9503287263000
1385529943342;750.0;9503329927000
1385529943390;825.0;9503376802000
1385529943483;765.0;9503470674000
1385529952298;615.0;9512285829000
1385529952384;825.0;9512370698000
1385529952438;840.0;9512425294000
1385529952557;810.0;9512544282000
1385529952604;780.0;9512592042000
1385529952792;765.0;9512779145000
1385529952835;750.0;9512822358000
1385529953058;735.0;9513045076000
1385529953177;690.0;9513163911000
1385529953299;705.0;9513286653000
1385529953362;720.0;9513349092000
1385529953474;780.0;9513461793000
1385529953534;870.0;9513520540000
1385529971068;510.0;9531055421000
1385529971113;450.0;9531100648000
1385529971175;435.0;9531162233000
1385529971338;450.0;9531325532000
1385529971369;465.0;9531357148000
1385529971432;480.0;9531419313000
1385529971526;495.0;9531513520000
1385529971651;510.0;9531638368000
1385529971713;585.0;9531701082000
1385529976980;555.0;9536967500000
1385529977030;375.0;9537017793000
1385529977065;300.0;9537052217000
1385529977128;420.0;9537115205000
1385529977190;510.0;9537177247000
1385529977221;555.0;9537208528000
1385529977284;525.0;9537271547000
1385529977346;405.0;9537333375000
1385529977698;435.0;9537685487000
1385529977760;480.0;9537747895000
1385529977791;525.0;9537778810000
1385529977854;570.0;9537841218000
1385529977885;600.0;9537872438000
1385529977947;585.0;9537934938000
1385529978011;525.0;9537998170000
1385529978073;450.0;9538060182000
1385529978105;405.0;9538091523000
1385529978183;450.0;9538170198000
1385529978290;390.0;9538277803000
1385529984868;405.0;9544854921000
1385529984972;690.0;9544959535000
1385529985061;495.0;9545048890000
1385530013592;840.0;9573580079000
1385530013682;750.0;9573669374000
1385530013713;675.0;9573700654000
1385530013776;705.0;9573763612000
1385530013875;780.0;9573862397000
1385530014698;300.0;9574685518000
1385530014792;345.0;9574779420000
1385530014839;360.0;9574826051000
1385530014903;375.0;9574891023000
1385530014996;555.0;9574983613000
1385530015080;795.0;9575067720000
1385530015151;735.0;9575138246000
1385530015213;660.0;9575200654000
1385530015276;285.0;9575263093000
1385530015338;90.0;9575325776000
1385530015495;75.0;9575482057000
1385530015558;45.0;9575544862000
1385530015697;30.0;9575684968000
1385530015760;15.0;9575747407000
1385530016497;0.0;9576484559000
1385530016671;120.0;9576659120000
1385530052214;435.0;9612200593000
1385530052260;690.0;9612247651000
1385530052323;855.0;9612310121000
1385530052355;885.0;9612341981000
1385530052416;855.0;9612403749000
1385530052479;975.0;9612466462000
1385530052572;810.0;9612559968000
1385530052635;765.0;9612622499000
1385530052706;735.0;9612692842000
1385530052769;750.0;9612755830000
1385530052799;780.0;9612786561000
1385530052893;810.0;9612880555000
1385530052937;840.0;9612923494000
1385530052989;885.0;9612975862000
1385530053041;960.0;9613029054000
1385530053074;1005.0;9613061372000
1385530053184;885.0;9613171724000
1385530053221;720.0;9613208558000
1385530053253;675.0;9613239717000
1385530053494;630.0;9613481660000
1385530053527;585.0;9613513978000
1385530053620;690.0;9613607057000
1385530053653;900.0;9613640046000
1385530053753;870.0;9613740510000
1385530053815;855.0;9613802156000
1385530053909;870.0;9613896547000
1385530053972;900.0;9613959047000
1385530054033;915.0;9614020906000
1385530054065;930.0;9614052186000
1385530054190;915.0;9614177278000
1385530054252;900.0;9614239625000
1385530054316;870.0;9614303254000
1385530054373;825.0;9614358827000
1385530054445;600.0;9614432466000
1385530054493;465.0;9614480500000
1385530054526;435.0;9614513093000
1385530054588;450.0;9614575868000
1385530054753;435.0;9614740358000
1385530054783;405.0;9614770814000
1385530054846;375.0;9614833955000
1385530054909;360.0;9614896058000
1385530055057;345.0;9615044862000
1385530055089;330.0;9615076143000
1385530055321;345.0;9615308442000
1385530055502;360.0;9615489778000
1385530055698;345.0;9615685029000
1385530055729;330.0;9615716737000
1385530055854;315.0;9615841310000
1385530056011;300.0;9615998292000
1385530056565;285.0;9616552156000
1385530056776;270.0;9616763093000
1385530056838;255.0;9616825868000
1385530056995;240.0;9616982362000
1385530057291;225.0;9617278688000
1385530057573;210.0;9617559999000
1385530057892;195.0;9617880220000
1385530058331;180.0;9618318422000
1385530058456;165.0;9618443269000
1385530058553;150.0;9618537935000
1385530058627;135.0;9618614808000
1385530058784;120.0;9618771486000
1385530058995;90.0;9618983033000
1385530059025;60.0;9619012910000
1385530059056;45.0;9619044252000
1385530059119;30.0;9619106904000
1385530059464;15.0;9619451265000
1385530062206;0.0;9622193300000
1385530062269;15.0;9622256501000
1385530062651;0.0;9622638429000
1385530068732;15.0;9628717469000
1385530071393;30.0;9631380372000
1385530072370;45.0;9632356965000
1385530072869;60.0;9632856965000
1385530073479;75.0;9633466340000
1385530073776;90.0;9633763215000
1385530073889;105.0;9633877137000
1385530074089;120.0;9634076631000
1385530074183;135.0;9634170106000
1385530074253;150.0;9634240358000
1385530074314;165.0;9634302156000
1385530074409;180.0;9634396608000
1385530074471;195.0;9634458467000
1385530074534;210.0;9634521028000
1385530074596;225.0;9634583619000
1385530074661;240.0;9634648530000
1385530074698;270.0;9634685029000
1385530074761;285.0;9634748262000
1385530074916;300.0;9634903810000
1385530074979;315.0;9634966340000
1385530075041;330.0;9635028749000
1385530075136;345.0;9635123231000
1385530075399;330.0;9635386811000
1385530075533;345.0;9635520906000
1385530075597;360.0;9635583467000
1385530075718;375.0;9635702790000
1385530076135;360.0;9636121278000
1385530076198;375.0;9636185151000
1385530076354;390.0;9636341218000
1385530076511;375.0;9636497987000
1385530076963;360.0;9636950563000
1385530077354;375.0;9637341554000
1385530080268;390.0;9640255372000
1385530080331;405.0;9640317903000
1385530080455;420.0;9640442872000
1385530080682;405.0;9640669374000
1385530080885;390.0;9640871400000
1385530080925;360.0;9640913026000
1385530080994;345.0;9640981813000
1385530081057;330.0;9641044557000
1385530081197;315.0;9641184877000
1385530081292;300.0;9641279390000
1385530081385;285.0;9641372560000
1385530081604;270.0;9641591768000
1385530081948;255.0;9641935151000
1385530082104;240.0;9642091188000
1385530082322;225.0;9642309907000
1385530082541;210.0;9642528657000
1385530082604;225.0;9642591768000
1385530082677;210.0;9642664094000
1385530082838;225.0;9642825746000
1385530083112;210.0;9643099092000
1385530083174;225.0;9643161561000
1385530083401;240.0;9643388185000
1385530083729;225.0;9643716768000
1385530084041;210.0;9644028749000
1385530084322;225.0;9644309968000
1385530085125;210.0;9645112886000
1385530085182;195.0;9645169526000
1385530085238;180.0;9645224000000
1385530085605;195.0;9645592317000
1385530085635;210.0;9645622346000
1385530085705;240.0;9645692720000
1385530085781;255.0;9645768129000
1385530085831;270.0;9645818940000
1385530085871;285.0;9645858735000
1385530086088;300.0;9646076051000
1385530086221;285.0;9646208253000
1385530086252;270.0;9646239564000
1385530086487;255.0;9646475038000
1385530086526;240.0;9646513398000
1385530086971;225.0;9646958314000
1385530087033;210.0;9647020723000
1385530087096;180.0;9647083741000
1385530087128;165.0;9647115419000
1385530087252;150.0;9647240022000
1385530087314;135.0;9647301942000
1385530087455;150.0;9647442720000
1385530087487;135.0;9647474336000
1385530087651;150.0;9647638215000
1385530087705;180.0;9647692720000
1385530087737;195.0;9647724366000
1385530087971;210.0;9647958467000
1385530088191;225.0;9648177949000
1385530092121;210.0;9652107942000
1385530092886;225.0;9652873506000
1385530103003;210.0;9662989717000
1385530103140;225.0;9663127015000
1385530103347;210.0;9663333833000
1385530103392;195.0;9663377382000
1385530103478;165.0;9663464875000
1385530103580;195.0;9663567872000
1385530103838;225.0;9663825746000
1385530103925;240.0;9663913057000
1385530103963;270.0;9663950441000
1385530103994;285.0;9663981660000
1385530104129;270.0;9664115876000
1385530104331;285.0;9664317964000
1385530104393;270.0;9664380494000
1385530104496;255.0;9664483949000
1385530104542;240.0;9664528993000
1385530104573;225.0;9664559938000
1385530104693;210.0;9664680238000
1385530104761;195.0;9664748323000
1385530104895;180.0;9664882417000
1385530105175;195.0;9665161531000
1385530105210;210.0;9665197511000
1385530105276;225.0;9665263246000
1385530105737;240.0;9665724214000
1385530105893;225.0;9665880800000
1385530105932;210.0;9665919374000
1385530106386;225.0;9666373384000
1385530106706;240.0;9666693055000
1385530107112;255.0;9667099183000
1385530107377;270.0;9667364869000
1385530107534;285.0;9667520997000
1385530107597;270.0;9667584260000
1385530108268;255.0;9668255494000
1385530108372;240.0;9668358644000
1385530108472;225.0;9668459047000
1385530108596;240.0;9668583589000
1385530108698;255.0;9668685151000
1385530108955;270.0;9668942353000
1385530109019;285.0;9669006013000
1385530109081;300.0;9669068055000
1385530109144;315.0;9669131807000
1385530109214;330.0;9669200990000
1385530109245;345.0;9669232393000
1385530109307;360.0;9669294557000
1385530109432;375.0;9669419374000
1385530109463;390.0;9669450563000
1385530109651;405.0;9669638154000
1385530109752;420.0;9669739869000
1385530110128;435.0;9670115266000
1385530110705;450.0;9670690889000
1385530110925;435.0;9670912294000
1385530111096;450.0;9671083741000
1385530111402;435.0;9671388917000
1385530111660;420.0;9671647340000
1385530111718;405.0;9671706117000
1385530111785;390.0;9671772065000
1385530111955;375.0;9671942903000
1385530112145;360.0;9672130983000
1385530112237;345.0;9672224244000
1385530112299;315.0;9672286683000
1385530112362;300.0;9672349153000
1385530112409;270.0;9672396516000
1385530112472;255.0;9672458406000
1385530112502;240.0;9672489686000
1385530112678;225.0;9672665284000
1385530112721;210.0;9672708406000
1385530112759;180.0;9672745973000
1385530112854;165.0;9672841401000
1385530112916;150.0;9672903962000
1385530113135;135.0;9673122743000
1385530113249;120.0;9673233430000
1385530113347;105.0;9673333497000
1385530113799;90.0;9673786683000
1385530114112;75.0;9674099122000
1385530114449;60.0;9674436158000
1385530114994;45.0;9674981874000
1385530115596;30.0;9675583650000
1385530116260;15.0;9676247865000
1385530118987;0.0;9678974458000
1385530119049;15.0;9679036927000
1385530119206;0.0;9679193330000
1385530121300;15.0;9681287416000
1385530121487;0.0;9681474794000
1385530121807;15.0;9681794984000
1385530122245;0.0;9682232362000
1385530122369;15.0;9682356904000
1385530125174;30.0;9685161683000
1385530128215;45.0;9688201783000
1385530128338;60.0;9688326051000
1385530128447;75.0;9688434938000
1385530128480;90.0;9688467408000
1385530128580;105.0;9688567628000
1385530128644;120.0;9688631044000
1385530128683;150.0;9688670625000
1385530128737;195.0;9688724519000
1385530128793;210.0;9688779939000
1385530128907;195.0;9688894288000
1385530129167;210.0;9689154390000
1385530129198;225.0;9689185548000
1385530129323;210.0;9689310518000
1385530129479;225.0;9689466279000
1385530129541;210.0;9689528779000
1385530129604;225.0;9689591859000
1385530129679;240.0;9689666902000
1385530129714;255.0;9689700959000
1385530129807;240.0;9689794679000
1385530129869;225.0;9689856874000
1385530129932;195.0;9689919282000
1385530130369;210.0;9690356935000
1385530130580;225.0;9690567781000
1385530130805;210.0;9690792421000
1385530130846;195.0;9690834169000
1385530130998;180.0;9690985994000
1385530131226;195.0;9691213990000
1385530131299;210.0;9691286531000
1385530131580;225.0;9691567781000
1385530131987;240.0;9691974244000
1385530132526;225.0;9692513643000
1385530132653;210.0;9692638917000
1385530132971;195.0;9692958223000
1385530133143;180.0;9693130311000
1385530133237;165.0;9693224214000
1385530133363;150.0;9693350160000
1385530133573;120.0;9693560090000
1385530133737;105.0;9693724214000
1385530133861;90.0;9693849000000
1385530133973;75.0;9693960572000
1385530134088;60.0;9694075685000
1385530134182;45.0;9694169313000
1385530134245;30.0;9694232972000
1385530137940;45.0;9697927125000
1385530139432;60.0;9699419496000
1385530139495;45.0;9699482087000
1385530139784;60.0;9699771089000
1385530141042;75.0;9701029390000
1385530141809;90.0;9701797029000
1385530141877;75.0;9701864778000
1385530142034;90.0;9702020997000
1385530142097;75.0;9702084382000
1385530142245;90.0;9702232484000
1385530142307;75.0;9702294374000
1385530142432;90.0;9702419465000
1385530143104;105.0;9703091371000
1385530143197;90.0;9703184938000
1385530143518;105.0;9703505311000
1385530147448;120.0;9707435487000
1385530148737;105.0;9708724000000
1385530148800;120.0;9708787080000
1385530149557;105.0;9709544404000
1385530149723;120.0;9709710023000
1385530150011;105.0;9709998018000
1385530150104;120.0;9710091401000
1385530150260;105.0;9710247590000
1385530151049;90.0;9711036500000
1385530151425;75.0;9711412477000
1385530152088;60.0;9712075593000
1385530152988;45.0;9712974580000
1385530153127;60.0;9713114747000
1385530153253;45.0;9713239778000
1385530154871;30.0;9714855806000
1385530155088;45.0;9715075685000
1385530155244;30.0;9715231843000
1385530157026;15.0;9717013154000
1385530168096;30.0;9728083711000
1385530169729;15.0;9729716371000
1385530175112;30.0;9735099000000
1385530176683;45.0;9736670259000
1385530177388;60.0;9737375795000
1385530177770;75.0;9737757783000
1385530178035;90.0;9738022249000
1385530178327;105.0;9738314485000
1385530178473;120.0;9738459871000
1385530178705;135.0;9738692933000
1385530178799;150.0;9738786958000
1385530178924;165.0;9738911836000
1385530178978;180.0;9738966127000
1385530179174;195.0;9739161683000
1385530179237;210.0;9739224702000
1385530179299;225.0;9739286439000
1385530179362;240.0;9739348939000
1385530179424;255.0;9739411592000
1385530179581;270.0;9739568391000
1385530179784;285.0;9739771089000
1385530179980;300.0;9739967317000
1385530180237;315.0;9740224397000
1385530180456;300.0;9740442903000
1385530180799;285.0;9740786653000
1385530180862;300.0;9740849000000
1385530180893;315.0;9740880464000
1385530180956;330.0;9740943879000
1385530181166;345.0;9741153749000
1385530181229;330.0;9741216890000
1385530181330;315.0;9741317628000
1385530181363;300.0;9741350007000
1385530181581;285.0;9741568452000
1385530181644;270.0;9741631868000
1385530181721;255.0;9741708406000
1385530181801;225.0;9741781434000
1385530181861;210.0;9741848970000
1385530181893;195.0;9741880372000
1385530181956;165.0;9741943330000
1385530182018;150.0;9742005281000
1385530182299;135.0;9742286592000
1385530182671;120.0;9742658448000
1385530183049;105.0;9743036775000
1385530183394;90.0;9743381349000
1385530183966;75.0;9743953004000
1385530184369;90.0;9744356935000
1385530184440;105.0;9744427125000
1385530184565;120.0;9744552247000
1385530184596;135.0;9744583375000
1385530184737;150.0;9744724550000
1385530185495;165.0;9745482057000
1385530185589;150.0;9745576295000
1385530185729;165.0;9745716768000
1385530186260;180.0;9746247438000
1385530186417;195.0;9746404573000
1385530186651;210.0;9746638124000
1385530186721;225.0;9746708436000
1385530186753;240.0;9746740205000
1385530186815;255.0;9746802217000
1385530186877;270.0;9746864686000
1385530186940;285.0;9746927217000
1385530187080;300.0;9747067872000
1385530187143;315.0;9747130433000
1385530187268;330.0;9747255922000
1385530187401;360.0;9747388185000
1385530187543;375.0;9747530305000
1385530187641;390.0;9747624665000
1385530187696;405.0;9747683381000
1385530187760;420.0;9747747804000
1385530187831;405.0;9747818757000
1385530187935;390.0;9747922334000
1385530188167;405.0;9748154298000
1385530188198;420.0;9748185090000
1385530188323;435.0;9748310060000
1385530188768;420.0;9748755403000
1385530189541;435.0;9749528688000
1385530189705;420.0;9749692811000
1385530190080;435.0;9750067750000
1385530190206;420.0;9750192933000
1385530190512;435.0;9750498018000
1385530190683;420.0;9750670106000
1385530191308;435.0;9751295869000
1385530191511;420.0;9751498140000
1385530191573;405.0;9751560182000
1385530191636;390.0;9751623170000
1385530192299;405.0;9752286470000
1385530192362;390.0;9752349153000
1385530192455;375.0;9752442933000
1385530192518;360.0;9752505311000
1385530192612;345.0;9752599092000
1385530192838;330.0;9752825715000
1385530192916;345.0;9752903718000
1385530193135;360.0;9753122651000
1385530193292;345.0;9753278810000
1385530193355;330.0;9753342347000
1385530193558;315.0;9753490480000
1385530193662;300.0;9753649537000
1385530193777;315.0;9753763887000
1385530194199;300.0;9754186280000
1385530194276;285.0;9754263673000
1385530194401;270.0;9754388063000
1385530194690;285.0;9754677125000
1385530194878;300.0;9754865175000
1385530195002;315.0;9754989717000
1385530195158;300.0;9755145875000
1385530195284;285.0;9755271058000
1385530196104;270.0;9756091493000
1385530196229;255.0;9756216188000
1385530196698;270.0;9756685029000
1385530196987;255.0;9756974916000
1385530197218;240.0;9757205049000
1385530197440;255.0;9757427186000
1385530197823;270.0;9757809999000
1385530198167;285.0;9758154390000
1385530198354;300.0;9758341859000
1385530198432;315.0;9758419069000
1385530198541;330.0;9758528505000
1385530198877;315.0;9758864656000
1385530198940;330.0;9758927095000
1385530199148;315.0;9759135774000
1385530199221;330.0;9759208497000
1385530199377;345.0;9759364717000
1385530199604;330.0;9759591279000
1385530200127;345.0;9760114778000
1385530200354;360.0;9760341768000
1385530200636;345.0;9760623201000
1385530200862;360.0;9760849122000
1385530201018;375.0;9761005372000
1385530201182;390.0;9761169526000
1385530201316;405.0;9761303254000
1385530201551;390.0;9761537080000
1385530201650;405.0;9761637483000
1385530201940;390.0;9761927247000
1385530202034;405.0;9762021516000
1385530202127;420.0;9762114747000
1385530202346;405.0;9762333589000
1385530202409;390.0;9762395967000
1385530202729;375.0;9762716127000
1385530202948;390.0;9762934968000
1385530203307;375.0;9763294740000
1385530203463;360.0;9763450654000
1385530203580;375.0;9763567872000
1385530203839;390.0;9763826112000
1385530203901;405.0;9763888063000
1385530204031;420.0;9764018617000
1385530204065;450.0;9764052522000
1385530204128;465.0;9764115358000
1385530204284;450.0;9764271058000
1385530204752;465.0;9764739106000
1385530204801;480.0;9764787904000
1385530204917;495.0;9764903779000
1385530205010;510.0;9764997590000
1385530205112;495.0;9765099305000
1385530205214;480.0;9765200685000
1385530205269;465.0;9765256074000
1385530205424;450.0;9765411592000
1385530205564;465.0;9765552125000
1385530205737;480.0;9765724519000
1385530205956;465.0;9765943300000
1385530205987;450.0;9765974183000
1385530206049;435.0;9766036683000
1385530206112;420.0;9766099641000
1385530206206;405.0;9766193574000
1385530206269;390.0;9766256318000
1385530206651;405.0;9766638704000
1385530206738;420.0;9766725404000
1385530206847;435.0;9766834321000
1385530207587;450.0;9767573945000
1385530207620;465.0;9767606935000
1385530207651;480.0;9767638246000
1385530207877;465.0;9767864686000
1385530207971;450.0;9767959077000
1385530208003;435.0;9767989778000
1385530208284;420.0;9768271119000
1385530208526;450.0;9768513856000
1385530208590;480.0;9768576997000
1385530208627;495.0;9768614808000
1385530208729;510.0;9768716127000
1385530208822;495.0;9768809999000
1385530208916;465.0;9768903596000
1385530208947;420.0;9768934907000
1385530208995;405.0;9768982698000
1385530209089;390.0;9769076295000
1385530209159;375.0;9769146608000
1385530209221;345.0;9769208375000
1385530209378;330.0;9769365327000
1385530209471;315.0;9769458925000
1385530209596;300.0;9769583375000
1385530209698;285.0;9769684968000
1385530209761;270.0;9769747834000
1385530209925;255.0;9769911988000
1385530210714;270.0;9770701082000
1385530211142;285.0;9771130128000
1385530211268;300.0;9771255311000
1385530211369;315.0;9771356782000
1385530211432;330.0;9771419893000
1385530211526;345.0;9771513582000
1385530211588;360.0;9771575563000
1385530211651;375.0;9771638215000
1385530211690;390.0;9771677095000
1385530211753;375.0;9771740236000
1385530212346;390.0;9772333802000
1385530212601;405.0;9772588624000
1385530212705;390.0;9772692933000
1385530212950;375.0;9772912568000
1385530213048;360.0;9773035096000
1385530213354;375.0;9773341768000
1385530213573;390.0;9773560029000
1385530213635;405.0;9773622743000
1385530213799;390.0;9773786500000
1385530214246;405.0;9774232850000
1385530214354;420.0;9774341676000
1385530214511;435.0;9774497987000
1385530214972;420.0;9774880372000
1385530214992;405.0;9774958314000
1385530215237;420.0;9775224305000
1385530215299;435.0;9775286592000
1385530215455;420.0;9775442842000
1385530215518;405.0;9775505281000
1385530215580;390.0;9775567872000
1385530215771;375.0;9775711519000
1385530215851;360.0;9775838105000
1385530215898;345.0;9775885865000
1385530215932;330.0;9775920106000
1385530216276;345.0;9776263063000
1385530216401;360.0;9776388246000
1385530216495;375.0;9776482362000
1385530216620;360.0;9776607026000
1385530216690;375.0;9776677308000
1385530217002;390.0;9776989717000
1385530217073;405.0;9777060609000
1385530217103;420.0;9777091157000
1385530217277;435.0;9777263673000
1385530217345;450.0;9777332155000
1385530217440;435.0;9777427278000
1385530217502;420.0;9777489808000
1385530217565;405.0;9777552827000
1385530217838;390.0;9777825715000
1385530217932;405.0;9777919465000
1385530218323;390.0;9778310151000
1385530218385;360.0;9778372529000
1385530218601;345.0;9778589113000
1385530218651;315.0;9778639100000
1385530218708;300.0;9778693910000
1385530218792;285.0;9778779268000
1385530219206;300.0;9779192811000
1385530219393;285.0;9779380525000
1385530219486;300.0;9779473939000
1385530219659;285.0;9779646974000
1385530219823;300.0;9779809999000
1385530219948;315.0;9779935518000
1385530220042;330.0;9780028993000
1385530220104;345.0;9780091890000
1385530220198;330.0;9780185121000
1385530220260;315.0;9780247651000
1385530220323;300.0;9780310060000
1385530220479;285.0;9780466371000
1385530220604;270.0;9780591279000
1385530220730;285.0;9780717256000
1385530220885;300.0;9780872407000
1385530221144;285.0;9781131044000
1385530221182;270.0;9781169496000
1385530221361;255.0;9781348939000
1385530221494;240.0;9781481843000
1385530221721;255.0;9781708650000
1385530222033;240.0;9782020875000
1385530222098;225.0;9782085359000
1385530222635;240.0;9782622621000
1385530222799;255.0;9782786439000
1385530222924;240.0;9782911592000
1385530222987;225.0;9782974733000
1385530223237;210.0;9783224122000
1385530223362;195.0;9783349244000
1385530224240;210.0;9784226838000
1385530224589;225.0;9784576814000
1385530224870;240.0;9784857728000
1385530225315;255.0;9785302156000
1385530225565;270.0;9785552034000
1385530225628;285.0;9785615693000
1385530225745;300.0;9785731965000
1385530225846;315.0;9785833925000
1385530225877;330.0;9785864839000
1385530225972;345.0;9785959474000
1385530226028;360.0;9786014894000
1385530226137;375.0;9786124116000
1385530226174;390.0;9786161622000
1385530226237;405.0;9786224214000
1385530226299;420.0;9786286653000
1385530226393;435.0;9786380281000
1385530226455;450.0;9786442750000
1385530226518;480.0;9786505433000
1385530226580;495.0;9786567964000
1385530226680;510.0;9786667299000
1385530226813;525.0;9786800996000
1385530226921;540.0;9786909150000
1385530226963;555.0;9786951204000
1385530227034;570.0;9787021577000
1385530227120;585.0;9787107698000
1385530227283;570.0;9787270814000
1385530227503;585.0;9787490144000
1385530227672;600.0;9787659822000
1385530227893;615.0;9787880250000
1385530227955;630.0;9787942659000
1385530228237;615.0;9788224092000
1385530228331;630.0;9788318696000
1385530229003;645.0;9788990846000
1385530229096;630.0;9789083497000
1385530229166;615.0;9789153779000
1385530229323;600.0;9789310029000
1385530229386;585.0;9789373109000
1385530229448;570.0;9789435151000
1385530229596;555.0;9789583589000
1385530229635;540.0;9789622438000
1385530229670;525.0;9789657747000
1385530229768;510.0;9789755433000
1385530229830;495.0;9789817720000
1385530229893;465.0;9789880861000
1385530229924;435.0;9789911439000
1385530229987;405.0;9789974519000
1385530230050;375.0;9790037599000
1385530230153;345.0;9790139894000
1385530230199;330.0;9790185457000
1385530230245;315.0;9790231782000
1385530230276;300.0;9790263185000
1385530230338;285.0;9790325685000
1385530230432;270.0;9790419374000
1385530230557;255.0;9790544496000
1385530230651;240.0;9790638063000
1385530230784;225.0;9790770845000
1385530231096;210.0;9791083497000
1385530231261;195.0;9791248170000
1385530231502;180.0;9791489686000
1385530231776;165.0;9791763337000
1385530231995;150.0;9791981965000
1385530232289;135.0;9792277009000
1385530232362;120.0;9792349092000
1385530232644;105.0;9792631471000
1385530232815;90.0;9792802156000
1385530233096;75.0;9793083467000
1385530233260;60.0;9793247957000
1385530233869;45.0;9793856813000
1385530235455;30.0;9795442964000
1385530236393;15.0;9796380891000
1385530243932;30.0;9803919221000
1385530244018;15.0;9804005586000
1385530244144;30.0;9804130922000
1385530245197;45.0;9805184877000
1385530245260;30.0;9805247926000
1385530245392;45.0;9805380250000
1385530246369;60.0;9806356813000
1385530247135;75.0;9807122560000
1385530247581;90.0;9807568330000
1385530247902;105.0;9807889070000
1385530248127;120.0;9808114686000
1385530248252;135.0;9808239717000
1385530248471;150.0;9808458467000
1385530248678;165.0;9808665651000
1385530248763;180.0;9808746186000
1385530248916;195.0;9808903688000
1385530249065;210.0;9809052949000
1385530249172;225.0;9809155153000
1385530249799;240.0;9809786683000
1385530250104;255.0;9810091340000
1385530250393;270.0;9810380464000
1385530250549;255.0;9810536714000
1385530250713;240.0;9810700715000
1385530250838;225.0;9810825502000
1385530251456;240.0;9811443452000
1385530251503;255.0;9811490205000
1385530251565;270.0;9811552095000
1385530251596;285.0;9811583345000
1385530251659;300.0;9811646425000
1385530251760;315.0;9811747621000
1385530251791;330.0;9811778871000
1385530251823;345.0;9811810426000
1385530252010;330.0;9811997560000
1385530252104;315.0;9812091157000
1385530252510;330.0;9812497560000
1385530252542;345.0;9812529451000
1385530252830;360.0;9812817872000
1385530252894;375.0;9812881044000
1385530252987;345.0;9812974122000
1385530253050;315.0;9813037172000
1385530253112;300.0;9813099214000
1385530253143;285.0;9813130403000
1385530253206;270.0;9813193391000
1385530253356;255.0;9813343446000
1385530253424;270.0;9813411836000
1385530253612;285.0;9813599244000
1385530253776;300.0;9813763032000
1385530253940;270.0;9813927797000
1385530253971;240.0;9813958589000
1385530254164;225.0;9814151551000
1385530254214;210.0;9814201173000
1385530254323;195.0;9814309968000
1385530254635;180.0;9814622499000
1385530254800;165.0;9814787263000
1385530254903;150.0;9814889589000
1385530255089;135.0;9815076082000
1385530256268;150.0;9816255464000
1385530257151;165.0;9817138368000
1385530257664;180.0;9817651216000
1385530257963;195.0;9817950685000
1385530258119;210.0;9818106935000
1385530258339;225.0;9818326143000
1385530258410;240.0;9818396730000
1385530258510;255.0;9818497682000
1385530258573;270.0;9818560060000
1385530258635;285.0;9818622438000
1385530258783;300.0;9818770845000
1385530258815;315.0;9818802095000
1385530258846;330.0;9818833284000
1385530258909;360.0;9818896058000
1385530258971;390.0;9818958558000
1385530259024;405.0;9819011750000
1385530259089;420.0;9819075990000
1385530259119;435.0;9819106843000
1385530259667;450.0;9819654847000
1385530259830;465.0;9819817903000
1385530259862;480.0;9819849061000
1385530260181;495.0;9820168519000
1385530260245;510.0;9820231813000
1385530260276;540.0;9820263826000
1385530260339;555.0;9820326234000
1385530260549;525.0;9820536683000
1385530260580;510.0;9820567781000
1385530260680;495.0;9820667970000
1385530260745;510.0;9820731965000
1385530260838;525.0;9820825776000
1385530260995;540.0;9820982576000
1385530261120;555.0;9821107026000
1385530261214;570.0;9821200532000
1385530261272;600.0;9821239717000
1385530261283;630.0;9821271180000
1385530261440;615.0;9821427308000
1385530261502;585.0;9821489625000
1385530261565;570.0;9821552034000
1385530261791;585.0;9821778749000
1385530261822;600.0;9821809968000
1385530261885;615.0;9821872407000
1385530261948;630.0;9821935060000
1385530262041;645.0;9822028688000
1385530262072;660.0;9822059968000
1385530262104;690.0;9822091218000
1385530262166;750.0;9822153810000
1385530262229;780.0;9822216371000
1385530262408;765.0;9822396089000
1385530262468;705.0;9822455873000
1385530262511;645.0;9822498353000
1385530262604;630.0;9822591310000
1385530262768;660.0;9822755403000
1385530262831;690.0;9822818177000
1385530262893;720.0;9822880189000
1385530262955;735.0;9822942781000
1385530263049;750.0;9823036897000
1385530263111;780.0;9823098939000
1385530263224;735.0;9823211122000
1385530263300;705.0;9823284974000
1385530263338;675.0;9823324739000
1385530263409;645.0;9823396058000
1385530263441;630.0;9823428224000
1385530263675;645.0;9823662111000
1385530263752;660.0;9823739595000
1385530263783;690.0;9823770875000
1385530263815;705.0;9823802705000
1385530263877;720.0;9823864686000
1385530263940;765.0;9823927125000
1385530264020;840.0;9824007356000
1385530264065;915.0;9824052400000
1385530264113;930.0;9824100251000
1385530264183;915.0;9824170289000
1385530264214;885.0;9824200654000
1385530264276;840.0;9824263276000
1385530264339;810.0;9824326234000
1385530264370;795.0;9824356996000
1385530264557;810.0;9824544374000
1385530264588;825.0;9824575898000
1385530264651;840.0;9824638582000
1385530264729;870.0;9824716279000
1385530264760;900.0;9824747682000
1385530264823;915.0;9824810792000
1385530264916;945.0;9824903840000
1385530264948;1020.0;9824935090000
1385530264979;1050.0;9824966401000
1385530265174;1005.0;9825131288000
1385530265236;945.0;9825223939000
1385530265274;900.0;9825261873000
1385530265306;855.0;9825294221000
1385530265370;810.0;9825356965000
1385530265432;795.0;9825419252000
1385530265526;780.0;9825513124000
1385530265588;795.0;9825575776000
1385530265651;810.0;9825638124000
1385530265721;825.0;9825708436000
1385530265752;870.0;9825739747000
1385530265816;885.0;9825803285000
1385530265948;825.0;9825935151000
1385530265979;765.0;9825966340000
1385530266041;735.0;9826028749000
1385530266104;705.0;9826091584000
1385530266136;690.0;9826123048000
1385530266198;675.0;9826185151000
1385530266320;690.0;9826307893000
1385530266385;705.0;9826372590000
1385530266417;720.0;9826404481000
1385530266479;765.0;9826466188000
1385530266541;795.0;9826528688000
1385530266604;825.0;9826591188000
1385530266635;870.0;9826622560000
1385530266705;915.0;9826692903000
1385530266768;1020.0;9826755403000
1385530266800;1065.0;9826787141000
1385530266862;990.0;9826849153000
1385530266924;945.0;9826911531000
1385530266987;975.0;9826974153000
1385530267018;1005.0;9827005800000
1385530267080;975.0;9827067811000
1385530267307;990.0;9827294526000
1385530267370;1005.0;9827357240000
1385530267432;930.0;9827419862000
1385530267463;855.0;9827450746000
1385530267526;795.0;9827513215000
1385530267588;750.0;9827575715000
1385530267651;690.0;9827638215000
1385530267690;615.0;9827677186000
1385530267752;570.0;9827739808000
1385530267846;600.0;9827833528000
1385530268020;675.0;9828007509000
1385530268058;825.0;9828045015000
1385530268088;840.0;9828075746000
1385530268152;885.0;9828139100000
1385530268183;915.0;9828170228000
1385530268268;900.0;9828255494000
1385530268299;885.0;9828286622000
1385530268383;840.0;9828366395000
1385530268433;765.0;9828420106000
1385530268471;720.0;9828458467000
1385530268534;705.0;9828521425000
1385530268565;690.0;9828552247000
1385530268628;645.0;9828615083000
1385530268698;570.0;9828685304000
1385530268855;645.0;9828842225000
1385530268942;735.0;9828928529000
1385530268980;765.0;9828966859000
1385530269039;780.0;9829026551000
1385530269136;810.0;9829123567000
1385530269229;750.0;9829216279000
1385530269291;720.0;9829278657000
1385530269354;660.0;9829341279000
1385530269417;585.0;9829404390000
1385530269479;540.0;9829466615000
1385530269510;525.0;9829497438000
1385530269573;495.0;9829560487000
1385530269635;450.0;9829622529000
1385530269777;480.0;9829765046000
1385530269853;555.0;9829835450000
1385530269885;660.0;9829872560000
1385530269916;720.0;9829903901000
1385530269948;750.0;9829935060000
1385530270073;810.0;9830059968000
1385530270153;885.0;9830140535000
1385530270195;900.0;9830179414000
1385530270281;915.0;9830264680000
1385530270354;885.0;9830341432000
1385530270573;915.0;9830560518000
1385530270782;870.0;9830769502000
1385530270823;825.0;9830809968000
1385530270854;795.0;9830841768000
1385530270916;555.0;9830903810000
1385530270948;435.0;9830935670000
1385530271010;390.0;9830997987000
1385530271106;360.0;9831092714000
1385530271145;300.0;9831131562000
1385530272125;285.0;9832112428000
1385530272190;435.0;9832177217000
1385530272222;480.0;9832208925000
1385530272323;465.0;9832310334000
1385530272359;435.0;9832346009000
1385530272456;420.0;9832443788000
1385530272563;300.0;9832550935000
1385530272791;405.0;9832778657000
1385530272823;465.0;9832810304000
1385530272885;510.0;9832872560000
1385530272948;555.0;9832935945000
1385530273010;630.0;9832997407000
1385530273073;705.0;9833060029000
1385530273104;750.0;9833091401000
1385530273167;765.0;9833153962000
1385530273254;750.0;9833241090000
1385530273317;735.0;9833303590000
1385530273354;720.0;9833341371000
1385530273512;645.0;9833499879000
1385530273550;525.0;9833537263000
1385530273624;570.0;9833608979000
1385530273677;675.0;9833656282000
1385530273752;795.0;9833739442000
1385530273791;870.0;9833778566000
1385530273830;945.0;9833817903000
1385530273893;1005.0;9833880952000
1385530273955;1035.0;9833942964000
1385530274104;930.0;9834091462000
1385530274166;870.0;9834153840000
1385530274229;810.0;9834216249000
1385530274260;750.0;9834247407000
1385530274322;645.0;9834309968000
1385530274385;555.0;9834372621000
1385530274510;615.0;9834497377000
1385530274541;690.0;9834528627000
1385530274604;795.0;9834591340000
1385530274667;960.0;9834654573000
1385530274737;1050.0;9834724061000
1385530274831;960.0;9834817994000
1385530274894;885.0;9834881288000
1385530274948;870.0;9834935518000
1385530275090;855.0;9835077119000
1385530275131;825.0;9835116700000
1385530275166;795.0;9835153901000
1385530275229;765.0;9835216310000
1385530275260;750.0;9835247468000
1385530275339;765.0;9835325929000
1385530275432;735.0;9835419404000
1385530275495;720.0;9835482423000
1385530275652;705.0;9835639192000
1385530275768;720.0;9835755250000
1385530275903;735.0;9835890168000
1385530275939;750.0;9835927186000
1385530276003;780.0;9835990297000
1385530276033;825.0;9836020936000
1385530276096;855.0;9836083345000
1385530276299;960.0;9836286287000
1385530276362;915.0;9836349153000
1385530276424;885.0;9836411683000
1385530276487;840.0;9836474427000
1385530276549;825.0;9836536439000
1385530276776;810.0;9836763795000
1385530276995;840.0;9836982057000
1385530277057;870.0;9837044221000
1385530277088;900.0;9837075502000
1385530277221;885.0;9837208497000
1385530277253;840.0;9837240205000
1385530277315;795.0;9837302217000
1385530277377;765.0;9837364564000
1385530277460;750.0;9837447450000
1385530277504;735.0;9837488160000
1385530277541;720.0;9837527894000
1385530277604;690.0;9837591371000
1385530277635;645.0;9837622682000
1385530277706;630.0;9837693696000
1385530277768;615.0;9837755342000
1385530277933;630.0;9837920350000
1385530278005;645.0;9837992341000
1385530278114;630.0;9838101106000
1385530278198;615.0;9838185640000
1385530278269;600.0;9838256105000
1385530278316;585.0;9838302949000
1385530278700;570.0;9838687043000
1385530278768;585.0;9838755159000
1385530278950;600.0;9838912843000
1385530278996;615.0;9838983552000
1385530279129;585.0;9839116121000
1385530279370;570.0;9839357850000
1385530279463;555.0;9839450715000
1385530279526;540.0;9839513582000
1385530279840;555.0;9839827485000
1385530279931;540.0;9839918916000
1385530279981;525.0;9839969056000
1385530280018;510.0;9840005281000
1385530280206;525.0;9840193483000
1385530280424;510.0;9840411744000
1385530280455;495.0;9840442872000
1385530280518;480.0;9840505372000
1385530280680;495.0;9840667451000
1385530280901;480.0;9840888276000
1385530280963;465.0;9840950746000
1385530281026;450.0;9841013704000
1385530281182;465.0;9841169404000
1385530281246;450.0;9841233186000
1385530281346;435.0;9841333284000
1385530281410;420.0;9841397065000
1385530281503;405.0;9841490083000
1385530281775;390.0;9841762727000
1385530281854;375.0;9841841371000
1385530282073;390.0;9842060151000
1385530282135;375.0;9842122590000
1385530282229;345.0;9842216188000
1385530282305;300.0;9842292421000
1385530282347;270.0;9842333986000
1385530282416;255.0;9842403810000
1385530282510;240.0;9842497621000
1385530282592;225.0;9842579316000
1385530282627;210.0;9842614717000
1385530282729;195.0;9842716768000
1385530282791;180.0;9842778932000
1385530282947;165.0;9842934938000
1385530283441;150.0;9843427827000
1385530284331;135.0;9844318361000
1385530285760;150.0;9845747590000
1385530285924;165.0;9845910646000
1385530286056;180.0;9846044343000
1385530286120;195.0;9846106965000
1385530286221;210.0;9846208436000
1385530286284;225.0;9846271455000
1385530286440;210.0;9846427278000
1385530286698;225.0;9846685487000
1385530286760;240.0;9846747560000
1385530286824;255.0;9846811006000
1385530287002;270.0;9846989839000
1385530287096;285.0;9847083345000
1385530287246;300.0;9847232942000
1385530287502;285.0;9847489778000
1385530287534;270.0;9847521028000
1385530287596;255.0;9847583467000
1385530287823;270.0;9847810090000
1385530287948;285.0;9847934907000
1385530287979;300.0;9847966279000
1385530288104;315.0;9848091249000
1385530288260;300.0;9848247621000
1385530288323;270.0;9848310121000
1385530288424;255.0;9848411653000
1385530288549;240.0;9848536622000
1385530288648;225.0;9848635408000
1385530288728;240.0;9848715486000
1385530289046;255.0;9849033937000
1385530289089;270.0;9849076753000
1385530289229;255.0;9849216737000
1385530289798;270.0;9849785585000
1385530289918;285.0;9849905824000
1385530289984;315.0;9849971589000
1385530290038;330.0;9850025575000
1385530290128;315.0;9850115876000
1385530290174;300.0;9850162202000
1385530290362;315.0;9850349183000
1385530290425;300.0;9850412477000
1385530290488;315.0;9850475007000
1385530290581;330.0;9850568025000
1385530290649;360.0;9850635957000
1385530290683;390.0;9850670259000
1385530290808;405.0;9850794923000
1385530291026;390.0;9851013032000
1385530291096;360.0;9851083497000
1385530291190;345.0;9851177369000
1385530291252;330.0;9851239625000
1385530291315;300.0;9851302736000
1385530291346;285.0;9851333406000
1385530291533;300.0;9851520875000
1385530291565;315.0;9851552095000
1385530291698;345.0;9851684053000
1385530291922;315.0;9851909791000
1385530291955;285.0;9851942750000
1385530292018;270.0;9852005342000
1385530292143;255.0;9852130342000
1385530292174;225.0;9852161531000
1385530292237;210.0;9852224092000
1385530292355;195.0;9852342683000
1385530292727;180.0;9852714509000
1385530292791;165.0;9852778779000
1385530293354;180.0;9853341279000
1385530293449;195.0;9853436006000
1385530293612;210.0;9853599092000
1385530293761;225.0;9853748414000
1385530293799;240.0;9853786653000
1385530293831;255.0;9853818025000
1385530293893;270.0;9853880372000
1385530293955;285.0;9853942903000
1385530294042;300.0;9854029817000
1385530294080;330.0;9854067506000
1385530294238;345.0;9854225251000
1385530294348;435.0;9854334871000
1385530294437;465.0;9854424531000
1385530294485;480.0;9854472810000
1385530294557;510.0;9854544618000
1385530294634;540.0;9854622407000
1385530294688;555.0;9854675874000
1385530294768;585.0;9854755922000
1385530294814;615.0;9854801301000
1385530294854;645.0;9854841279000
1385530294957;630.0;9854943727000
1385530295120;645.0;9855107026000
1385530295182;690.0;9855169374000
1385530295213;750.0;9855200685000
1385530295276;780.0;9855263246000
1385530295379;825.0;9855367372000
1385530295445;885.0;9855433076000
1385530295497;975.0;9855483979000
1385530295533;1050.0;9855521211000
1385530295565;1185.0;9855552675000
1385530295627;1275.0;9855614808000
1385530295669;1290.0;9855655824000
1385530295769;1125.0;9855755983000
1385530295831;900.0;9855818391000
1385530295908;720.0;9855895967000
1385530295941;615.0;9855928102000
1385530296040;660.0;9856027314000
1385530296079;840.0;9856066163000
1385530296112;975.0;9856099061000
1385530296174;870.0;9856161500000
1385530296237;585.0;9856224092000
1385530296268;510.0;9856255433000
1385530296330;570.0;9856317903000
1385530296393;735.0;9856380616000
1385530296455;765.0;9856442842000
1385530296549;630.0;9856536592000
1385530296612;555.0;9856599092000
1385530296683;465.0;9856669770000
1385530297612;495.0;9857599153000
1385530297651;810.0;9857638032000
1385530297713;1005.0;9857700532000
1385530297776;1260.0;9857763337000
1385530297838;1365.0;9857825624000
1385530297932;1215.0;9857919404000
1385530298003;1050.0;9857990236000
1385530298135;930.0;9858122407000
1385530298177;840.0;9858164552000
1385530298222;750.0;9858209382000
1385530298314;765.0;9858302034000
1385530298377;855.0;9858364778000
1385530298440;915.0;9858427858000
1385530298502;960.0;9858489686000
1385530298534;1020.0;9858520875000
1385530298666;1050.0;9858653779000
1385530298698;1125.0;9858685121000
1385530298761;1245.0;9858748170000
1385530298822;960.0;9858809907000
1385530298916;705.0;9858903596000
1385530298954;615.0;9858941285000
1385530299001;555.0;9858988130000
1385530299101;720.0;9859085878000
1385530299174;900.0;9859161622000
1385530299206;1005.0;9859193788000
1385530299268;1020.0;9859255494000
1385530299330;975.0;9859317781000
1385530299362;915.0;9859349000000
1385530299424;765.0;9859411592000
1385530299487;735.0;9859474672000
1385530299550;795.0;9859537263000
1385530299581;810.0;9859568116000
1385530299643;720.0;9859630891000
1385530299753;525.0;9859740083000
1385530300057;420.0;9860044557000
1385530300151;450.0;9860138124000
1385530300232;660.0;9860219697000
1385530300285;870.0;9860273164000
1385530300373;810.0;9860360597000
1385530300471;690.0;9860458406000
1385530300533;675.0;9860520845000
1385530300596;645.0;9860583406000
1385530300752;675.0;9860739595000
1385530300900;1095.0;9860887635000
1385530300940;1155.0;9860927247000
1385530301033;1125.0;9861020967000
1385530301096;1065.0;9861083497000
1385530301128;960.0;9861115876000
1385530301237;870.0;9861224061000
1385530301268;840.0;9861255403000
1385530301302;825.0;9861287935000
1385530301482;855.0;9861467866000
1385530301558;870.0;9861545442000
1385530301596;885.0;9861583467000
1385530301627;900.0;9861614717000
1385530301698;885.0;9861685151000
1385530301760;810.0;9861747499000
1385530301791;750.0;9861778627000
1385530301854;705.0;9861841340000
1385530301916;675.0;9861903779000
1385530302042;660.0;9862029023000
1385530302072;645.0;9862059907000
1385530302135;660.0;9862122590000
1385530302260;630.0;9862247499000
1385530302291;600.0;9862278779000
1385530302354;585.0;9862341340000
1385530302416;570.0;9862403871000
1385530302510;540.0;9862497468000
1385530302706;525.0;9862693116000
1385530302862;510.0;9862849550000
1385530303080;525.0;9863067720000
1385530303595;540.0;9863582490000
1385530303628;555.0;9863615175000
1385530303743;540.0;9863730409000
1385530303815;525.0;9863802247000
1385530304252;510.0;9864239686000
1385530304284;495.0;9864271455000
1385530304471;480.0;9864458375000
1385530304502;465.0;9864489625000
1385530304566;450.0;9864553254000
1385530304713;435.0;9864700593000
1385530304971;420.0;9864958314000
1385530305003;405.0;9864990175000
1385530305065;390.0;9865052217000
1385530305128;375.0;9865115236000
1385530305440;360.0;9865427156000
1385530305917;375.0;9865904145000
1385530306010;360.0;9865997407000
1385530306309;345.0;9866297029000
1385530306439;330.0;9866427278000
1385530306627;345.0;9866614778000
1385530306663;360.0;9866650758000
1385530306729;375.0;9866716340000
1385530306791;405.0;9866778779000
1385530306823;420.0;9866810090000
1385530306948;405.0;9866935090000
1385530307072;375.0;9867060029000
1385530307104;360.0;9867091249000
1385530307166;345.0;9867153749000
1385530307229;330.0;9867216157000
1385530307291;300.0;9867278657000
1385530307324;270.0;9867310975000
1385530307409;240.0;9867395997000
1385530307440;225.0;9867427186000
1385530307502;210.0;9867489839000
1385530307565;180.0;9867552888000
1385530307596;165.0;9867583558000
1385530307761;150.0;9867747499000
1385530307893;135.0;9867880616000
1385530308510;120.0;9868497529000
1385530309229;105.0;9869216890000
1385530310222;90.0;9870209047000
1385530311363;105.0;9871350190000
1385530311846;90.0;9871833497000
1385530311877;105.0;9871864686000
1385530311971;90.0;9871958589000
1385530312190;105.0;9872177125000
1385530312377;90.0;9872364595000
1385530312792;75.0;9872779664000
1385530312971;60.0;9872958894000
1385530313096;45.0;9873083406000
1385530313315;30.0;9873302247000
1385530316244;15.0;9876231904000
1385530316690;30.0;9876677217000
1385530316784;15.0;9876771089000
1385530316846;30.0;9876833345000
1385530318604;15.0;9878591371000
1385530318738;30.0;9878725435000
1385530319166;15.0;9879153718000
1385530319385;30.0;9879372499000
1385530319706;15.0;9879693086000
1385530320075;30.0;9880062349000
1385530322742;45.0;9882730012000
1385530323463;60.0;9883450563000
1385530323807;75.0;9883794435000
1385530324370;90.0;9884357148000
1385530324627;105.0;9884614686000
1385530324917;120.0;9884904786000
1385530325151;135.0;9885138276000
1385530325538;150.0;9885517823000
1385530325637;165.0;9885624727000
1385530325807;180.0;9885794557000
1385530325901;195.0;9885888276000
1385530326072;210.0;9886059297000
1385530326229;225.0;9886216432000
1385530326331;240.0;9886318422000
1385530326376;255.0;9886363282000
1385530326422;270.0;9886409364000
1385530326455;285.0;9886442750000
1385530326519;300.0;9886505830000
1385530326580;315.0;9886567872000
1385530326612;330.0;9886598970000
1385530326682;345.0;9886669709000
1385530326744;360.0;9886731752000
1385530326807;375.0;9886794374000
1385530326839;390.0;9886826783000
1385530326946;405.0;9886934022000
1385530326979;420.0;9886966310000
1385530327010;435.0;9886997621000
1385530327072;420.0;9887059999000
1385530327166;435.0;9887153779000
1385530327229;450.0;9887216249000
1385530327354;480.0;9887341279000
1385530327385;495.0;9887372407000
1385530327463;510.0;9887450898000
1385530327627;525.0;9887614808000
1385530327698;540.0;9887685121000
1385530327729;555.0;9887716340000
1385530327792;540.0;9887779329000
1385530327948;525.0;9887934999000
1385530328049;510.0;9888036653000
1385530328355;525.0;9888341279000
1385530328407;540.0;9888394349000
1385530328502;555.0;9888489686000
1385530328627;570.0;9888614808000
1385530328665;585.0;9888652314000
1385530328783;570.0;9888770814000
1385530328878;555.0;9888865632000
1385530328933;525.0;9888920106000
1385530328978;510.0;9888965028000
1385530329011;495.0;9888998140000
1385530329092;480.0;9889080201000
1385530329494;495.0;9889481813000
1385530329656;480.0;9889643098000
1385530329721;465.0;9889708436000
1385530329846;450.0;9889833650000
1385530329878;435.0;9889865327000
1385530329946;420.0;9889933686000
1385530330024;405.0;9890011720000
1385530330346;420.0;9890333497000
1385530330565;405.0;9890552308000
1385530330597;390.0;9890584077000
1385530330663;375.0;9890650758000
1385530330729;360.0;9890716371000
1385530330760;345.0;9890747560000
1385530330893;330.0;9890881257000
1385530330942;315.0;9890928621000
1385530331604;300.0;9891591249000
1385530331676;285.0;9891663118000
1385530331762;270.0;9891749299000
1385530331862;255.0;9891849153000
1385530331925;240.0;9891912111000
1385530332206;225.0;9892192994000
1385530332362;210.0;9892349519000
1385530332424;195.0;9892411683000
1385530332636;180.0;9892623170000
1385530332705;165.0;9892692903000
1385530332768;150.0;9892755464000
1385530332862;135.0;9892849092000
1385530332987;120.0;9892974061000
1385530333205;105.0;9893192872000
1385530333424;90.0;9893411592000
1385530333643;75.0;9893630952000
1385530334268;60.0;9894255403000
1385530334925;45.0;9894912111000
1385530335690;30.0;9895677095000
1385530337627;15.0;9897614808000
1385530337792;30.0;9897779268000
1385530337854;15.0;9897841432000
1385530337917;30.0;9897904298000
1385530338010;15.0;9897997377000
1385530345136;30.0;9905123353000
1385530346080;45.0;9906067933000
1385530346362;30.0;9906349122000
1385530346456;45.0;9906443300000
1385530348565;30.0;9908552217000
1385530350565;45.0;9910552186000
1385530350823;60.0;9910810151000
1385530350885;75.0;9910872499000
1385530350948;90.0;9910935090000
1385530351073;105.0;9911060670000
1385530351104;120.0;9911091432000
1385530351231;135.0;9911218415000
1385530351321;150.0;9911308412000
1385530351370;165.0;9911357270000
1385530351401;180.0;9911388643000
1385530351495;195.0;9911481996000
1385530351620;210.0;9911607087000
1385530351690;225.0;9911677430000
1385530352284;240.0;9912271028000
1385530352565;255.0;9912552125000
1385530352823;240.0;9912810060000
1385530353236;255.0;9913224244000
1385530353268;270.0;9913255800000
1385530353425;285.0;9913412507000
1385530353535;300.0;9913521760000
1385530353580;315.0;9913567872000
1385530353795;300.0;9913782014000
1385530354331;315.0;9914317964000
1385530354363;330.0;9914350099000
1385530354437;375.0;9914421571000
1385530354533;390.0;9914520845000
1385530354596;375.0;9914583436000
1385530354664;345.0;9914651399000
1385530354698;330.0;9914685273000
1385530354760;315.0;9914747804000
1385530355081;330.0;9915067903000
1385530355340;345.0;9915326936000
1385530355377;360.0;9915364747000
1385530355440;345.0;9915427552000
1385530355479;330.0;9915466340000
1385530355541;315.0;9915528840000
1385530355635;300.0;9915622468000
1385530355768;285.0;9915755281000
1385530355995;270.0;9915982820000
1385530356074;285.0;9916060060000
1385530356104;300.0;9916091920000
1385530356387;315.0;9916374330000
1385530356959;330.0;9916946382000
1385530357037;345.0;9917024934000
1385530357125;360.0;9917113099000
1385530357186;375.0;9917173311000
1385530357249;390.0;9917237001000
1385530357525;375.0;9917512971000
1385530357611;360.0;9917599031000
1385530357870;375.0;9917857423000
1385530357963;390.0;9917950776000
1385530358119;405.0;9918106904000
1385530358151;435.0;9918138612000
1385530358182;450.0;9918169404000
1385530358339;435.0;9918327150000
1385530358409;420.0;9918396119000
1385530358477;405.0;9918460817000
1385530358838;420.0;9918825563000
1385530358870;435.0;9918857423000
1385530358901;450.0;9918888124000
1385530359026;480.0;9919013093000
1385530359102;510.0;9919089387000
1385530359197;495.0;9919184907000
1385530359230;480.0;9919217317000
1385530359323;450.0;9919310579000
1385530359370;420.0;9919356996000
1385530359401;405.0;9919388185000
1385530359463;390.0;9919450654000
1385530359557;375.0;9919544313000
1385530359620;360.0;9919606935000
1385530359753;375.0;9919740571000
1385530360002;360.0;9919989869000
1385530360065;345.0;9920052766000
1385530360127;330.0;9920114656000
1385530360190;315.0;9920177766000
1385530360221;300.0;9920208497000
1385530360339;285.0;9920326265000
1385530360402;270.0;9920389375000
1385530360781;285.0;9920768617000
1385530360816;330.0;9920803346000
1385530360893;345.0;9920880403000
1385530360956;360.0;9920943544000
1385530361049;345.0;9921036622000
1385530361135;330.0;9921115571000
1385530361221;315.0;9921208955000
1385530361275;300.0;9921262941000
1385530361531;285.0;9921432466000
1385530361667;315.0;9921654725000
1385530361712;330.0;9921699556000
1385530361987;315.0;9921973970000
1385530362018;300.0;9922005403000
1385530362049;285.0;9922036836000
1385530362112;270.0;9922099611000
1385530362182;255.0;9922169587000
1385530362550;270.0;9922537690000
1385530362940;255.0;9922927308000
1385530363215;240.0;9923202485000
1385530363331;225.0;9923318238000
1385530363306;240.0;9923563569000
1385530363655;225.0;9923912507000
1385530363750;195.0;9924007173000
1385530363956;180.0;9924213563000
1385530364235;195.0;9924492341000
1385530364506;180.0;9924763032000
1385530364647;165.0;9924904237000
1385530364943;180.0;9925200654000
1385530365162;195.0;9925419770000
1385530365263;210.0;9925520967000
1385530365483;225.0;9925740388000
1385530365772;240.0;9926029115000
1385530365912;255.0;9926169313000
1385530365943;270.0;9926200837000
1385530366006;285.0;9926263490000
1385530366193;300.0;9926450532000
1385530366224;315.0;9926481935000
1385530366443;330.0;9926700532000
1385530366696;345.0;9926953279000
1385530366881;360.0;9927139009000
1385530366912;420.0;9927169343000
1385530366944;435.0;9927200807000
1385530366983;450.0;9927239839000
1385530367139;480.0;9927395997000
1385530367170;510.0;9927427247000
1385530367202;525.0;9927458955000
1385530367264;540.0;9927520967000
1385530367326;555.0;9927583345000
1385530367394;570.0;9927651399000
1385530367490;585.0;9927747560000
1385530367553;600.0;9927810121000
1385530367585;630.0;9927842164000
1385530367672;675.0;9927929841000
1385530367709;705.0;9927966340000
1385530367772;750.0;9928028901000
1385530367804;780.0;9928060640000
1385530367906;795.0;9928163057000
1385530367973;810.0;9928230928000
1385530368006;840.0;9928263704000
1385530368038;870.0;9928294404000
1385530368140;885.0;9928396730000
1385530368178;900.0;9928434999000
1385530368272;930.0;9928528779000
1385530368303;945.0;9928560151000
1385530368436;960.0;9928693483000
1385530368494;975.0;9928750612000
1385530368531;990.0;9928787935000
1385530368600;1005.0;9928857515000
1385530368867;990.0;9929124025000
1385530368951;975.0;9929208558000
1385530368983;960.0;9929239839000
1385530369077;975.0;9929334108000
1385530369212;960.0;9929468599000
1385530369319;930.0;9929576692000
1385530369383;915.0;9929633088000
1385530369516;900.0;9929773561000
1385530369595;915.0;9929852052000
1385530369631;945.0;9929888185000
1385530369694;975.0;9929950776000
1385530369756;990.0;9930013154000
1385530369850;1005.0;9930107057000
1385530369988;990.0;9930245363000
1385530370022;975.0;9930278901000
1385530370084;960.0;9930341279000
1385530370177;945.0;9930435090000
1385530370436;930.0;9930692842000
1385530370599;900.0;9930856416000
1385530370655;885.0;9930911805000
1385530370686;870.0;9930942872000
1385530370748;855.0;9931005342000
1385530370811;840.0;9931067903000
1385530370843;810.0;9931100007000
1385530370946;780.0;9931202302000
1385530370983;765.0;9931240052000
1385530371077;735.0;9931333741000
1385530371139;720.0;9931396028000
1385530371202;690.0;9931459077000
1385530371233;660.0;9931489869000
1385530371295;615.0;9931552278000
1385530371359;555.0;9931615907000
1385530371489;495.0;9931746156000
1385530371547;435.0;9931804841000
1385530371606;405.0;9931863252000
1385530371669;390.0;9931918245000
1385530371701;360.0;9931958375000
1385530371732;330.0;9931989595000
1385530371795;315.0;9932052247000
1385530371857;300.0;9932114717000
1385530372002;315.0;9932257295000
1385530372443;300.0;9932700563000
1385530372506;285.0;9932763246000
1385530372568;270.0;9932825532000
1385530372631;255.0;9932888124000
1385530372777;240.0;9933034456000
1385530372811;225.0;9933067872000
1385530372904;210.0;9933161592000
1385530373123;195.0;9933380433000
1385530373280;180.0;9933537599000
1385530373412;165.0;9933669496000
1385530373443;150.0;9933700685000
1385530373628;135.0;9933883149000
1385530373752;120.0;9934009370000
1385530373947;105.0;9934204194000
1385530374280;90.0;9934537050000
1385530374631;75.0;9934888215000
1385530375060;60.0;9935317750000
1385530375412;45.0;9935669404000
1385530376038;30.0;9936294893000
1385530378147;15.0;9938403779000
1385530378272;30.0;9938529176000
1385530378498;15.0;9938755311000
1385530379022;30.0;9939278840000
1385530379154;15.0;9939411500000
1385530380960;30.0;9941217347000
1385530382529;45.0;9942786683000
1385530383029;60.0;9943286683000
1385530383506;75.0;9943763093000
1385530383670;90.0;9943927339000
1385530383943;105.0;9944200441000
1385530384224;120.0;9944481752000
1385530384623;135.0;9944880220000
1385530384967;150.0;9945224153000
1385530385686;165.0;9945942964000
1385530387162;150.0;9947419252000
1385530387826;135.0;9948083619000
1385530388725;120.0;9948981935000
1385530388902;105.0;9949159028000
1385530389178;90.0;9949435121000
1385530389593;75.0;9949849611000
1385530390030;60.0;9950286744000
1385530390311;45.0;9950567842000
1385530390756;30.0;9951013673000
1385530391481;15.0;9951737916000
1385530396273;30.0;9956529786000
1385530398358;45.0;9958614961000
1385530399265;60.0;9959522187000
1385530400115;75.0;9960372499000
1385530400436;90.0;9960692781000
1385530400769;105.0;9961026399000
1385530401155;120.0;9961412141000
1385530401312;135.0;9961568818000
1385530401608;150.0;9961864656000
1385530401639;165.0;9961895936000
1385530402213;180.0;9962470216000
1385530402293;210.0;9962550477000
1385530402334;270.0;9962591279000
1385530402365;300.0;9962622682000
1385530402436;330.0;9962692994000
1385530402468;345.0;9962725160000
1385530402545;360.0;9962802156000
1385530402627;375.0;9962884065000
1385530402684;390.0;9962941285000
1385530402752;420.0;9963009370000
1385530402819;435.0;9963076387000
1385530402850;450.0;9963107057000
1385530402945;465.0;9963202180000
1385530403045;480.0;9963302339000
1385530403076;495.0;9963333436000
1385530403162;525.0;9963419557000
1385530403605;540.0;9963862733000
1385530403726;525.0;9963982454000
1385530403871;510.0;9964128541000
1385530403944;525.0;9964200898000
1385530404043;540.0;9964300599000
1385530404076;555.0;9964333558000
1385530404295;540.0;9964552247000
1385530404428;525.0;9964685518000
1385530404740;540.0;9964997499000
1385530405311;525.0;9965568513000
1385530405639;510.0;9965896150000
1385530405927;495.0;9966184846000
1385530406032;480.0;9966288728000
1385530406131;465.0;9966388246000
1385530406194;450.0;9966451509000
1385530406225;435.0;9966481904000
1385530406350;420.0;9966607545000
1385530406421;405.0;9966677766000
1385530406484;390.0;9966741212000
1385530406590;375.0;9966847810000
1385530406636;360.0;9966893861000
1385530406780;345.0;9967036866000
1385530406842;330.0;9967099244000
1385530406904;315.0;9967161653000
1385530406967;300.0;9967224092000
1385530407061;285.0;9967317933000
1385530407123;270.0;9967380586000
1385530407280;255.0;9967536683000
1385530407443;240.0;9967700654000
1385530407772;225.0;9968030030000
1385530408085;210.0;9968341859000
1385530408719;195.0;9968975709000
1385530408795;210.0;9969052186000
1385530409395;225.0;9969652253000
1385530409678;240.0;9969935029000
1385530409710;255.0;9969966737000
1385530409772;270.0;9970028871000
1385530409834;285.0;9970091249000
1385530409897;315.0;9970154115000
1385530409935;330.0;9970192750000
1385530410070;345.0;9970326478000
1385530410129;390.0;9970386262000
1385530410170;405.0;9970427675000
1385530410201;420.0;9970458589000
1385530410264;390.0;9970520936000
1385530410326;345.0;9970583345000
1385530410461;315.0;9970718019000
1385530410515;300.0;9970772310000
1385530410615;315.0;9970872499000
1385530410710;345.0;9970966829000
1385530410772;360.0;9971029664000
1385530410834;390.0;9971091157000
1385530410928;405.0;9971185090000
1385530410991;420.0;9971248140000
1385530411053;435.0;9971310579000
1385530411115;420.0;9971372407000
1385530411209;405.0;9971466371000
1385530411272;360.0;9971528840000
1385530411334;345.0;9971591188000
1385530411498;330.0;9971755372000
1385530411592;345.0;9971849092000
1385530411654;360.0;9971911592000
1385530411749;405.0;9972006013000
1385530411779;435.0;9972036622000
1385530411811;450.0;9972067903000
1385530411873;465.0;9972130372000
1385530411936;510.0;9972192903000
1385530412053;495.0;9972310762000
1385530412202;420.0;9972459077000
1385530412264;390.0;9972520936000
1385530412461;405.0;9972718568000
1385530412530;420.0;9972786958000
1385530412592;435.0;9972848970000
1385530412654;465.0;9972911470000
1385530412717;480.0;9972974153000
1385530412811;510.0;9973067933000
1385530412874;540.0;9973130952000
1385530412935;525.0;9973192689000
1385530412975;495.0;9973231691000
1385530413060;480.0;9973317079000
1385530413110;450.0;9973366487000
1385530413239;420.0;9973464753000
1385530413289;405.0;9973546998000
1385530413490;420.0;9973747743000
1385530413522;435.0;9973778871000
1385530413584;465.0;9973841310000
1385530413678;480.0;9973935426000
1385530413710;495.0;9973967378000
1385530413765;525.0;9974021821000
1385530413803;555.0;9974060060000
1385530413992;540.0;9974249147000
1385530414043;510.0;9974300477000
1385530414084;480.0;9974341523000
1385530414154;465.0;9974411500000
1385530414311;450.0;9974567750000
1385530414412;465.0;9974669343000
1385530414475;480.0;9974731904000
1385530414537;510.0;9974794496000
1385530414568;525.0;9974825746000
1385530414631;555.0;9974888063000
1385530414694;600.0;9974951173000
1385530414756;645.0;9975013185000
1385530414874;630.0;9975131440000
1385530414913;600.0;9975169313000
1385530414982;585.0;9975239625000
1385530415039;555.0;9975296144000
1385530415233;540.0;9975489717000
1385530415428;555.0;9975685609000
1385530415522;570.0;9975778993000
1385530415585;600.0;9975841951000
1385530415677;645.0;9975933839000
1385530415710;660.0;9975966645000
1385530415803;675.0;9976060029000
1385530415896;660.0;9976153779000
1385530416099;630.0;9976356691000
1385530416130;615.0;9976387849000
1385530416256;630.0;9976513124000
1385530416287;645.0;9976544465000
1385530416350;675.0;9976606874000
1385530416421;690.0;9976678407000
1385530416467;720.0;9976724733000
1385530416529;750.0;9976786714000
1385530416561;765.0;9976818147000
1385530416686;750.0;9976942903000
1385530416749;735.0;9977005891000
1385530416780;675.0;9977036653000
1385530416842;645.0;9977099641000
1385530416905;630.0;9977162568000
1385530417008;615.0;9977264039000
1385530417045;600.0;9977302247000
1385530417170;615.0;9977427613000
1385530417459;630.0;9977716310000
1385530417596;615.0;9977853303000
1385530417660;600.0;9977917817000
1385530417708;585.0;9977965272000
1385530417759;570.0;9978015565000
1385530417795;555.0;9978052217000
1385530418187;570.0;9978443788000
1385530418412;585.0;9978669282000
1385530418569;600.0;9978825715000
1385530418670;585.0;9978927675000
1385530418913;600.0;9979170106000
1385530419000;615.0;9979257478000
1385530419100;630.0;9979357698000
1385530419131;645.0;9979388002000
1385530419162;660.0;9979419313000
1385530419287;675.0;9979544526000
1385530419350;660.0;9979606813000
1385530419451;645.0;9979708497000
1385530419514;630.0;9979770936000
1385530419546;600.0;9979802766000
1385530419608;585.0;9979864808000
1385530419980;600.0;9980237336000
1385530420030;615.0;9980287446000
1385530420154;630.0;9980411561000
1385530420342;615.0;9980599519000
1385530420395;600.0;9980652498000
1385530420459;585.0;9980716401000
1385530420490;570.0;9980747651000
1385530420553;555.0;9980809938000
1385530420835;570.0;9981092012000
1385530420897;585.0;9981153810000
1385530421115;600.0;9981372529000
1385530421209;585.0;9981466340000
1385530421334;570.0;9981591371000
1385530421402;555.0;9981659761000
1385530421436;540.0;9981693300000
1385530421604;525.0;9981861634000
1385530421725;540.0;9981981996000
1385530422147;525.0;9982404298000
1385530422209;510.0;9982466310000
1385530422272;495.0;9982528718000
1385530422374;465.0;9982631349000
1385530422467;450.0;9982724702000
1385530422689;435.0;9982946321000
1385530422725;420.0;9982981965000
1385530422756;405.0;9983013734000
1385530422819;375.0;9983076173000
1385530422881;345.0;9983138124000
1385530422944;300.0;9983201722000
1385530422999;255.0;9983255891000
1385530423058;210.0;9983315553000
1385530423093;180.0;9983349885000
1385530423155;150.0;9983412233000
1385530423217;135.0;9983474244000
1385530423248;120.0;9983505464000
1385530423311;105.0;9983567903000
1385530423475;90.0;9983732454000
1385530423600;105.0;9983857423000
1385530425210;90.0;9985466951000
1385530428692;75.0;9988949037000
1385530429045;60.0;9989302125000
1385530429187;45.0;9989444337000
1385530429426;30.0;9989683320000
1385530430115;15.0;9990372682000
1385530430179;30.0;9990435884000
1385530430240;15.0;9990497407000
1385530430401;30.0;9990658601000
1385530431444;15.0;9991700685000
1385530431546;30.0;9991802797000
1385530431670;15.0;9991927736000
1385530431764;30.0;9992020936000
1385530436803;45.0;9997060182000
1385530436865;30.0;9997122682000
1385530437303;45.0;9997560701000
1385530437365;30.0;9997622682000
1385530437436;45.0;9997693452000
1385530438467;60.0;9998724122000
1385530438742;75.0;9998999147000
1385530439140;90.0;9999396241000
1385530439585;105.0;9999842317000
1385530439849;120.0;10000106782000
1385530440108;135.0;10000365113000
1385530440412;150.0;10000669465000
1385530440506;165.0;10000763154000
1385530440941;180.0;10001199067000
1385530441086;195.0;10001343751000
1385530441143;225.0;10001400178000
1385530441036;240.0;10001567659000
1385530441132;255.0;10001664186000
1385530441171;285.0;10001702729000
1385530441238;300.0;10001770112000
1385530441278;315.0;10001809907000
1385530441496;330.0;10002028688000
1385530441537;360.0;10002069032000
1385530441599;390.0;10002131318000
1385530441638;405.0;10002170015000
1385530441723;435.0;10002255250000
1385530441784;450.0;10002315858000
1385530441950;465.0;10002482209000
1385530442044;480.0;10002576204000
1385530442075;495.0;10002606813000
1385530442107;510.0;10002639100000
1385530442200;540.0;10002731996000
1385530442231;555.0;10002763093000
1385530442294;570.0;10002826173000
1385530442388;585.0;10002919862000
1385530442450;600.0;10002981935000
1385530442551;585.0;10003083436000
1385530442778;555.0;10003310518000
1385530442888;570.0;10003419496000
1385530443044;555.0;10003575654000
1385530443107;570.0;10003638765000
1385530443208;585.0;10003739839000
1385530443294;600.0;10003825807000
1385530443333;615.0;10003864930000
1385530443434;600.0;10003966005000
1385530443661;585.0;10004193483000
1385530443709;570.0;10004240693000
1385530443747;540.0;10004279359000
1385530443872;525.0;10004403749000
1385530443942;510.0;10004474183000
1385530444099;525.0;10004630555000
1385530444395;510.0;10004927217000
1385530444489;480.0;10005021180000
1385530444551;465.0;10005083436000
1385530444614;450.0;10005145875000
1385530444645;435.0;10005177125000
1385530444770;420.0;10005302369000
1385530444864;405.0;10005395875000
1385530444927;390.0;10005458497000
1385530445434;375.0;10005966157000
1385530445497;360.0;10006028871000
1385530445528;345.0;10006060060000
1385530445590;330.0;10006122438000
1385530445653;315.0;10006184907000
1385530445778;300.0;10006310029000
1385530446044;285.0;10006576448000
1385530446119;300.0;10006651185000
1385530446426;270.0;10006958650000
1385530446458;255.0;10006990083000
1385530446552;240.0;10007083497000
1385530446645;225.0;10007177308000
1385530446911;210.0;10007442842000
1385530447036;225.0;10007567872000
1385530447100;210.0;10007631440000
1385530447214;195.0;10007746217000
1385530447247;180.0;10007778810000
1385530447458;165.0;10007989778000
1385530447489;150.0;10008021058000
1385530447583;135.0;10008114686000
1385530447739;120.0;10008270936000
1385530447865;105.0;10008397065000
1385530448108;90.0;10008639253000
1385530448434;75.0;10008965577000
1385530448755;60.0;10009286561000
1385530449474;45.0;10010005433000
1385530450418;30.0;10010950502000
1385530451333;15.0;10011864747000
1385530460512;30.0;10021044435000
1385530460575;15.0;10021106996000
1385530460637;30.0;10021169374000
1385530461177;15.0;10021709138000
1385530461239;30.0;10021770814000
1385530461302;15.0;10021834413000
1385530461395;30.0;10021927278000
1385530462466;45.0;10022997468000
1385530462529;60.0;10023060670000
1385530462560;75.0;10023091981000
1385530462622;90.0;10023154390000
1385530462684;120.0;10023216401000
1385530462747;135.0;10023278810000
1385530462778;165.0;10023309999000
1385530462897;180.0;10023429231000
1385530462997;210.0;10023528871000
1385530463028;225.0;10023560090000
1385530463060;240.0;10023591737000
1385530463250;255.0;10023781770000
1385530463460;285.0;10023990236000
1385530463591;300.0;10024122529000
1385530463731;315.0;10024263246000
1385530463950;330.0;10024481874000
1385530464176;345.0;10024708406000
1385530464239;360.0;10024770906000
1385530464390;375.0;10024917787000
1385530464458;390.0;10024990083000
1385530464742;375.0;10025272310000
1385530464839;390.0;10025370698000
1385530464914;405.0;10025445039000
1385530464950;420.0;10025481935000
1385530465044;435.0;10025575746000
1385530465106;450.0;10025638185000
1385530465177;480.0;10025708528000
1385530465333;495.0;10025864839000
1385530465395;525.0;10025927125000
1385530465458;630.0;10025989686000
1385530465934;345.0;10026466401000
1385530465997;390.0;10026528810000
1385530466091;345.0;10026622651000
1385530466161;285.0;10026692933000
1385530466505;510.0;10027036775000
1385530466536;750.0;10027067872000
1385530466598;900.0;10027130220000
1385530466662;870.0;10027193727000
1385530466786;840.0;10027318452000
1385530466818;810.0;10027349153000
1385530466912;780.0;10027443971000
1385530466944;765.0;10027475984000
1385530467200;795.0;10027731965000
1385530467263;810.0;10027794954000
1385530467325;825.0;10027856843000
1385530467419;840.0;10027951204000
1385530467450;870.0;10027981965000
1385530467481;885.0;10028013215000
1385530467544;855.0;10028075624000
1385530467701;825.0;10028232911000
1385530467786;780.0;10028317842000
1385530467818;735.0;10028349214000
1385530467920;705.0;10028451631000
1385530467997;720.0;10028528688000
1385530468028;735.0;10028559938000
1385530468091;750.0;10028622529000
1385530468192;780.0;10028724183000
1385530468224;690.0;10028755525000
1385530468255;645.0;10028786622000
1385530468856;540.0;10029388002000
1385530468957;885.0;10029489564000
1385530469052;870.0;10029583589000
1385530469154;885.0;10029686006000
1385530469247;840.0;10029778749000
1385530469309;690.0;10029841371000
1385530469372;735.0;10029903840000
1385530469473;900.0;10029980287000
1385530469482;975.0;10030013826000
1385530469544;915.0;10030075593000
1385530469575;840.0;10030106843000
1385530469637;765.0;10030169282000
1385530469701;750.0;10030232393000
1385530469762;765.0;10030294435000
1385530469825;750.0;10030356874000
1385530469856;735.0;10030388154000
1385530469989;720.0;10030520997000
1385530470021;705.0;10030553163000
1385530470131;690.0;10030662751000
1385530470169;675.0;10030700685000
1385530470294;660.0;10030826173000
1385530470356;645.0;10030888276000
1385530470419;630.0;10030951204000
1385530470481;600.0;10031013398000
1385530470544;570.0;10031076143000
1385530470575;540.0;10031106904000
1385530470638;510.0;10031169526000
1385530470701;495.0;10031232545000
1385530470763;465.0;10031294526000
1385530470794;420.0;10031325898000
1385530470857;390.0;10031388093000
1385530470919;360.0;10031450807000
1385530470982;315.0;10031513734000
1385530471013;270.0;10031544526000
1385530471194;225.0;10031725862000
1385530471239;150.0;10031765290000
1385530471273;105.0;10031804872000
1385530471309;90.0;10031841188000
1385530471372;75.0;10031903901000
1385530472911;60.0;10033442903000
1385530473747;45.0;10034278871000
1385530474231;30.0;10034763307000
1385530474888;15.0;10035419740000
1385530474919;30.0;10035450685000
1385530475013;15.0;10035544496000
1385530479700;0.0;10040231935000
1385530479919;15.0;10040450776000
1385530480044;0.0;10040575654000
1385530480146;15.0;10040677675000
1385530480989;0.0;10041521058000
1385530481083;15.0;10041615236000
1385530481591;0.0;10042122926000
1385530481654;15.0;10042185029000
1385530484411;30.0;10044942872000
1385530484505;15.0;10045036836000
1385530484567;30.0;10045099153000
1385530484630;15.0;10045161805000
1385530484869;30.0;10045400972000
1385530485802;45.0;10046333497000
1385530486372;60.0;10046903840000
1385530486723;75.0;10047255281000
1385530486786;90.0;10047317933000
1385530486881;105.0;10047413118000
1385530487155;120.0;10047686769000
1385530487349;135.0;10047880830000
1385530487442;150.0;10047973970000
1385530487639;165.0;10048170381000
1385530487677;180.0;10048208589000
1385530487990;165.0;10048521577000
1385530488270;180.0;10048802217000
1385530488333;165.0;10048865205000
1385530488395;180.0;10048927430000
1385530488599;195.0;10049130464000
1385530488770;180.0;10049302186000
1385530489540;195.0;10050072419000
1385530489584;210.0;10050116090000
1385530489864;195.0;10050396028000
1385530490145;210.0;10050677186000
1385530490474;225.0;10051005403000
1385530490667;210.0;10051199067000
1385530491208;225.0;10051739808000
1385530491645;210.0;10052177217000
1385530491770;195.0;10052302766000
1385530491880;180.0;10052411592000
1385530492200;195.0;10052731965000
1385530492325;180.0;10052856996000
1385530492481;165.0;10053013032000
1385530492661;150.0;10053191499000
1385530492794;135.0;10053325746000
1385530492919;120.0;10053451478000
1385530493255;105.0;10053787507000
1385530493372;90.0;10053904420000
1385530493486;75.0;10054018556000
1385530493841;60.0;10054373597000
1385530494248;45.0;10054779268000
1385530495092;30.0;10055623780000
1385530497745;15.0;10058270814000
1385530497833;30.0;10058364808000
1385530499497;45.0;10060028779000
1385530500181;60.0;10060712312000
1385530501169;75.0;10061700532000
1385530501833;90.0;10062364747000
1385530501989;105.0;10062520875000
1385530502255;120.0;10062786531000
1385530502428;135.0;10062959138000
1385530502497;150.0;10063028840000
1385530502654;165.0;10063186036000
1385530502818;180.0;10063349672000
1385530502911;195.0;10063442933000
1385530503036;210.0;10063568208000
1385530503192;225.0;10063724092000
1385530503317;240.0;10063849092000
1385530503474;255.0;10064005922000
1385530503746;270.0;10064278535000
1385530503810;285.0;10064341829000
1385530503972;300.0;10064504182000
1385530504019;315.0;10064551606000
1385530504224;330.0;10064756501000
1385530504262;345.0;10064794008000
1385530504356;360.0;10064888246000
1385530504452;375.0;10064983369000
1385530504645;390.0;10065177217000
1385530504708;405.0;10065239656000
1385530504739;435.0;10065270997000
1385530504864;465.0;10065396486000
1385530504927;480.0;10065459169000
1385530504982;495.0;10065513520000
1385530505140;510.0;10065671937000
1385530505177;525.0;10065709138000
1385530505233;570.0;10065756593000
1385530505317;585.0;10065849092000
1385530505348;630.0;10065880250000
1385530505411;645.0;10065943300000
1385530505473;630.0;10066005433000
1385530505568;660.0;10066100343000
1385530505655;705.0;10066186280000
1385530505695;765.0;10066226106000
1385530505762;780.0;10066294404000
1385530505794;795.0;10066326265000
1385530505856;825.0;10066388093000
1385530505959;840.0;10066490449000
1385530506028;855.0;10066559938000
1385530506092;885.0;10066623506000
1385530506152;915.0;10066683442000
1385530506184;945.0;10066716249000
1385530506247;495.0;10066778718000
1385530506309;405.0;10066841249000
1385530506341;330.0;10066872529000
1385530506403;315.0;10066935029000
1385530506466;360.0;10066997560000
1385530506529;390.0;10067060548000
1385530506559;405.0;10067091310000
1385530506622;420.0;10067153901000
1385530506685;435.0;10067216890000
1385530506747;510.0;10067278688000
1385530506914;405.0;10067444886000
1385530507013;375.0;10067544587000
1385530507091;345.0;10067622895000
1385530507170;330.0;10067702211000
1385530507274;345.0;10067804902000
1385530507341;360.0;10067872651000
1385530507403;405.0;10067935151000
1385530507466;450.0;10067997529000
1385530507529;510.0;10068060548000
1385530507559;705.0;10068091310000
1385530507635;690.0;10068167299000
1385530507669;675.0;10068200776000
1385530507794;630.0;10068325746000
1385530507856;600.0;10068388093000
1385530507888;585.0;10068420442000
1385530508052;570.0;10068584047000
1385530508119;555.0;10068651368000
1385530508216;570.0;10068747560000
1385530508278;555.0;10068810090000
1385530508341;570.0;10068872651000
1385530508403;600.0;10068935121000
1385530508473;630.0;10069004915000
1385530508521;660.0;10069053010000
1385530508559;675.0;10069091371000
1385530509265;660.0;10069310090000
1385530509291;675.0;10069486726000
1385530509324;630.0;10069663606000
1385530509341;645.0;10069770936000
1385530509347;675.0;10069819032000
1385530509371;735.0;10069903566000
1385530509403;780.0;10069935060000
1385530509434;810.0;10069966310000
1385530509582;840.0;10070114045000
1385530509621;870.0;10070153291000
1385530509778;855.0;10070309999000
1385530509998;870.0;10070529512000
1385530510059;885.0;10070591432000
1385530510161;930.0;10070693025000
1385530510223;945.0;10070755250000
1385530510286;960.0;10070818391000
1385530510317;975.0;10070849000000
1385530510522;960.0;10071053651000
1385530510653;945.0;10071185029000
1385530510778;930.0;10071310060000
1385530510841;915.0;10071372590000
1385530510872;900.0;10071403749000
1385530510938;885.0;10071468110000
1385530511037;855.0;10071568269000
1385530511105;840.0;10071637025000
1385530511145;825.0;10071677461000
1385530511177;810.0;10071708467000
1385530511209;795.0;10071740693000
1385530511295;780.0;10071826875000
1385530511333;765.0;10071864625000
1385530511434;750.0;10071966188000
1385530511497;735.0;10072029329000
1385530511559;720.0;10072091371000
1385530511591;690.0;10072122621000
1385530511653;645.0;10072185304000
1385530511715;615.0;10072247438000
1385530511810;600.0;10072341737000
1385530511841;585.0;10072372529000
1385530511872;570.0;10072404390000
1385530511935;555.0;10072466279000
1385530512020;540.0;10072552308000
1385530512119;525.0;10072650911000
1385530512153;510.0;10072685029000
1385530512308;495.0;10072835328000
1385530512346;480.0;10072878144000
1385530512443;465.0;10072974611000
1385530512473;450.0;10073005342000
1385530512598;435.0;10073130311000
1385530512661;420.0;10073192903000
1385530512723;405.0;10073255342000
1385530512755;390.0;10073286622000
1385530513099;375.0;10073630372000
1385530513388;360.0;10073920045000
1385530513482;345.0;10074013826000
1385530513552;330.0;10074084321000
1385530513583;315.0;10074114839000
1385530513646;300.0;10074178193000
1385530513762;285.0;10074294374000
1385530513919;270.0;10074450715000
1385530514082;255.0;10074614595000
1385530514382;270.0;10074913392000
1385530514450;285.0;10074982301000
1385530514575;300.0;10075106782000
1385530515021;315.0;10075553132000
1385530515083;330.0;10075615266000
1385530515192;390.0;10075724397000
1385530515255;420.0;10075786439000
1385530515317;465.0;10075849000000
1385530515411;435.0;10075943025000
1385530515473;405.0;10076005281000
1385530515536;375.0;10076067811000
1385530515598;360.0;10076130403000
1385530515692;345.0;10076224214000
1385530515856;330.0;10076388154000
1385530515981;360.0;10076513032000
1385530516012;390.0;10076544282000
1385530516075;420.0;10076606782000
1385530516177;450.0;10076708528000
1385530516209;480.0;10076740724000
1385530516264;555.0;10076795228000
1385530516299;570.0;10076831208000
1385530516364;510.0;10076895875000
1385530516426;480.0;10076958467000
1385530516458;435.0;10076989900000
1385530516520;405.0;10077052308000
1385530516583;375.0;10077114717000
1385530516677;390.0;10077208467000
1385530516739;375.0;10077271058000
1385530516801;360.0;10077333436000
1385530516895;375.0;10077427247000
1385530516958;405.0;10077490113000
1385530517021;435.0;10077552675000
1385530517083;480.0;10077615144000
1385530517176;570.0;10077708314000
1385530517239;585.0;10077770997000
1385530517301;540.0;10077833345000
1385530517395;480.0;10077927095000
1385530517458;435.0;10077989778000
1385530517520;405.0;10078052247000
1385530517709;390.0;10078240785000
1385530517756;375.0;10078287965000
1385530517919;405.0;10078450654000
1385530517951;435.0;10078482515000
1385530518012;450.0;10078544343000
1385530518075;480.0;10078606904000
1385530518145;540.0;10078677278000
1385530518177;615.0;10078708528000
1385530518239;630.0;10078771028000
1385530518333;585.0;10078864656000
1385530518365;510.0;10078896974000
1385530518435;465.0;10078966645000
1385530518536;450.0;10079067842000
1385530518568;435.0;10079099580000
1385530518631;405.0;10079162477000
1385530518716;375.0;10079248048000
1385530518792;390.0;10079323884000
1385530518856;405.0;10079388215000
1385530518888;420.0;10079420411000
1385530518997;435.0;10079528779000
1385530519028;465.0;10079560121000
1385530519060;510.0;10079592042000
1385530519127;540.0;10079659700000
1385530519192;525.0;10079724122000
1385530519224;495.0;10079755372000
1385530519287;450.0;10079818879000
1385530519415;405.0;10079912874000
1385530519426;390.0;10079958314000
1385530519457;375.0;10079989564000
1385530519520;345.0;10080052125000
1385530519551;330.0;10080083375000
1385530519677;345.0;10080208589000
1385530519740;375.0;10080271852000
1385530519842;390.0;10080373170000
1385530519880;435.0;10080411805000
1385530519911;480.0;10080443391000
1385530519942;540.0;10080474000000
1385530520005;645.0;10080537111000
1385530520067;720.0;10080599153000
1385530520137;765.0;10080668519000
1385530520169;795.0;10080701020000
1385530520231;750.0;10080763124000
1385530520294;720.0;10080825685000
1385530520492;735.0;10081023103000
1385530520622;750.0;10081153993000
1385530520685;780.0;10081217286000
1385530520740;885.0;10081271547000
1385530520786;1005.0;10081317842000
1385530520848;1110.0;10081380372000
1385530520880;1170.0;10081411927000
1385530520951;1275.0;10081482637000
1385530521036;1350.0;10081567903000
1385530521091;1410.0;10081623262000
1385530521170;1260.0;10081694978000
1385530521248;1155.0;10081779908000
1385530521303;1110.0;10081834077000
1385530521380;1095.0;10081911592000
1385530521443;1080.0;10081974122000
1385530521545;1035.0;10082076295000
1385530521653;1110.0;10082184663000
1385530521685;1170.0;10082216707000
1385530521778;900.0;10082309968000
1385530521841;735.0;10082372468000
1385530521872;630.0;10082403627000
1385530521934;570.0;10082466249000
1385530521997;660.0;10082528840000
1385530522059;900.0;10082591188000
1385530522135;1305.0;10082666810000
1385530522263;1275.0;10082794954000
1385530522325;1230.0;10082857301000
1385530522387;1215.0;10082919343000
1385530522450;1155.0;10082982301000
1385530522482;1050.0;10083013612000
1385530522582;900.0;10083114534000
1385530522614;870.0;10083145875000
1385530522677;1125.0;10083208589000
1385530522772;855.0;10083303407000
1385530522880;930.0;10083411561000
1385530522942;1365.0;10083474092000
1385530523005;1320.0;10083537172000
1385530523036;1200.0;10083567903000
1385530523198;1170.0;10083729921000
1385530523240;1020.0;10083771974000
1385530523278;795.0;10083810121000
1385530523309;645.0;10083841279000
1385530523372;585.0;10083903688000
1385530523434;540.0;10083966310000
1385530523607;585.0;10084138765000
1385530523688;735.0;10084220491000
1385530523732;945.0;10084263948000
1385530523831;1140.0;10084363374000
1385530523864;1260.0;10084395906000
1385530523927;870.0;10084458986000
1385530523989;915.0;10084520906000
1385530524051;1245.0;10084583345000
1385530524083;1275.0;10084615144000
1385530524153;1215.0;10084684755000
1385530524216;1200.0;10084747590000
1385530524279;1230.0;10084811067000
1385530524335;1260.0;10084866395000
1385530524372;1320.0;10084903688000
1385530524482;975.0;10085014222000
1385530524529;660.0;10085061342000
1385530524560;615.0;10085091829000
1385530524653;600.0;10085184999000
1385530524716;555.0;10085247560000
1385530524747;510.0;10085278810000
1385530524809;495.0;10085341310000
1385530524872;735.0;10085403810000
1385530524935;1215.0;10085466798000
1385530524966;1260.0;10085498170000
1385530525021;1275.0;10085552797000
1385530525058;1260.0;10085590028000
1385530525090;1185.0;10085622438000
1385530525162;1095.0;10085693208000
1385530525257;1200.0;10085788240000
1385530525355;1245.0;10085886842000
1385530525419;900.0;10085951204000
1385530525482;540.0;10086013002000
1385530525544;405.0;10086075624000
1385530525575;285.0;10086106874000
1385530525637;315.0;10086169404000
1385530525700;375.0;10086231752000
1385530525771;435.0;10086302919000
1385530525867;675.0;10086399446000
1385530525927;1155.0;10086459230000
1385530525966;1260.0;10086498140000
1385530526028;1215.0;10086560121000
1385530526091;1170.0;10086622468000
1385530526162;1200.0;10086693544000
1385530526192;1245.0;10086724061000
1385530526294;1200.0;10086825685000
1385530526326;885.0;10086857942000
1385530526381;735.0;10086912202000
1385530526427;450.0;10086959016000
1385530526505;330.0;10087036866000
1385530526536;300.0;10087067964000
1385530526598;390.0;10087130311000
1385530526630;405.0;10087161592000
1385530526692;495.0;10087224061000
1385530526779;885.0;10087310853000
1385530526810;1320.0;10087341798000
1385530526872;1140.0;10087403688000
1385530526903;1035.0;10087435060000
1385530526967;855.0;10087498445000
1385530527028;675.0;10087560029000
1385530527090;660.0;10087622438000
1385530527127;570.0;10087658937000
1385530527161;525.0;10087693300000
1385530527255;540.0;10087786683000
1385530527341;600.0;10087872895000
1385530527380;675.0;10087912324000
1385530527418;765.0;10087950593000
1385530527528;750.0;10088060029000
1385530527591;600.0;10088122590000
1385530527622;420.0;10088153810000
1385530527685;330.0;10088216768000
1385530527748;315.0;10088279634000
1385530527809;330.0;10088341279000
1385530527872;315.0;10088403810000
1385530527923;270.0;10088455110000
1385530527967;240.0;10088498750000
1385530528044;225.0;10088574891000
1385530528138;210.0;10088669770000
1385530528231;195.0;10088763032000
1385530528356;180.0;10088888246000
1385530528419;165.0;10088951173000
1385530528659;150.0;10089191133000
1385530528711;105.0;10089243562000
1385530528755;90.0;10089286927000
1385530528786;75.0;10089317872000
1385530528911;60.0;10089442811000
1385530529006;45.0;10089537568000
1385530529184;30.0;10089716401000
1385530529747;15.0;10090278871000
1385530529934;30.0;10090465669000
