1386165188049
1386165190265
1386165192391
1386165194777
1386165196654
1386165198883
1386165200617
1386165202681
1386165204519
1386165206387
1386165208286
1386165210185
1386165211681
1386165213901
1386165215852
1386165217937
1386165219567
1386165221755
1386165223396
1386165225367
1386165227525
1386165229537
1386165231155
1386165233315
1386165235204
1386165237060
1386165239188
1386165241211
1386165242882
1386165245236
1386165247114
1386165249178
1386165251243
1386165253668
1386165255288
1386165257507
1386165259365
1386165261419
1386165263524
1386165265547
1386165267488
1386165269500
1386165271935
1386165273876
1386165275671
1386165277880
1386165279707
1386165282216
1386165284093
1386165286302
1386165288140
1386165290163
1386165291969
1386165294002
1386165295736
1386165297852
1386165300082
1386165302105
1386165304098
1386165306399
1386165307988
1386165310052
1386165311901
1386165314254
1386165316123
1386165318630
1386165320510
1386165322730
1386165324906
1386165327073
1386165328932
1386165331202
1386165332958
1386165335331
1386165337034
1386165339315
1386165341112
1386165343672
1386165345282
1386165347420
1386165349020
1386165351094
1386165352911
1386165355047
1386165356813
1386165359032
1386165360615
1386165362925
1386165364503
1386165366650
1386165368405
1386165370624
1386165372267
1386165374867
1386165376622
1386165378935
1386165380917
1386165382940
1386165384944
1386165387318
1386165389010
1386165390971
