1386164291260
1386164292209
1386164292766
1386164293426
1386164294139
1386164294777
1386164295429
1386164296090
1386164296740
1386164297369
1386164298020
1386164298652
1386164299259
1386164299858
1386164300529
1386164301127
1386164301778
1386164302398
1386164303017
1386164303594
1386164304202
1386164304843
1386164305576
1386164306164
1386164306783
1386164307433
1386164308083
1386164308713
1386164309353
1386164309942
1386164310519
1386164311202
1386164311810
1386164312449
1386164313029
1386164313649
1386164314349
1386164314968
1386164315599
1386164316206
1386164316795
1386164317456
1386164318049
1386164318673
1386164319233
1386164319965
1386164320583
1386164321204
1386164321719
1386164322422
1386164323134
