1385468958638;6.0;32963551620002
1385468958649;10.0;32963656884002
1385468958715;14.0;32963706502002
1385468958721;10.0;32963761090002
1385468958798;8.0;32963865495002
1385468958850;6.0;32963917383002
1385468959008;12.0;32964075272002
1385468959059;10.0;32964125926002
1385468959109;8.0;32964176208002
1385468959210;6.0;32964275585002
1385468959369;8.0;32964436586002
1385468959425;2.0;32964487811001
1385468959474;8.0;32964541282002
1385468959582;6.0;32964648543001
1385468959630;2.0;32964698119001
1385468959681;0.0;32964748021001
1385468959800;4.0;32964861676002
1385468959839;6.0;32964906272002
1385468959949;8.0;32965016160002
1385468959999;2.0;32965065816002
1385468960051;4.0;32965117846001
1385468960157;6.0;32965223992002
1385468960208;8.0;32965275950002
1385468960314;6.0;32965381158002
1385468960368;4.0;32965435534002
1385468960418;2.0;32965485404002
1385468960468;4.0;32965535284002
1385468960570;2.0;32965637567002
1385468960627;4.0;32965692675002
1385468960678;0.0;32965745798002
1385468960729;2.0;32965795943002
1385468960783;0.0;32965849058001
1385468960881;2.0;32965948148001
1385468961039;0.0;32966105872002
1385468961089;2.0;32966156249002
1385468961249;0.0;32966315572002
1385468961351;2.0;32966417834001
1385468961459;6.0;32966525824002
1385468961509;2.0;32966575978002
1385468961565;4.0;32966631346002
1385468961618;2.0;32966685692002
1385468961671;6.0;32966738067001
1385468961723;12.0;32966788575001
1385468961878;14.0;32966945715002
1385468961930;10.0;32966996833002
1385468961979;12.0;32967046557002
1385468962030;10.0;32967096110002
1385468962131;6.0;32967198505001
1385468962289;4.0;32967356400002
1385468962349;6.0;32967415787002
1385468962399;10.0;32967465800002
1385468962448;12.0;32967515505002
1385468962558;10.0;32967619041001
1385468962609;6.0;32967676666002
1385468962660;2.0;32967726858002
1385468962766;6.0;32967831953002
1385468962869;4.0;32967935933002
1385468962972;8.0;32968039155001
1385468963080;10.0;32968146943002
1385468963129;12.0;32968196517002
1385468963190;6.0;32968255138002
1385468963338;0.0;32968405569002
1385468963392;4.0;32968459025001
1385468963605;6.0;32968672118002
1385468963712;10.0;32968779450001
1385468963771;8.0;32968837799001
1385468963822;12.0;32968888358001
1385468963873;8.0;32968938961001
1385468963929;10.0;32968995808002
1385468963978;8.0;32969045468002
1385468964031;4.0;32969098029001
1385468964079;8.0;32969145883002
1385468964240;10.0;32969307146002
1385468964289;6.0;32969356618002
1385468964340;4.0;32969406837002
1385468964448;2.0;32969515417002
1385468964548;6.0;32969615465002
1385468964601;8.0;32969668261001
1385468964656;6.0;32969719319001
1385468964707;4.0;32969773981002
1385468964759;2.0;32969825996002
1385468964810;4.0;32969876816002
1385468964863;6.0;32969930445002
1385468964919;10.0;32969986113002
1385468965020;4.0;32970087755002
1385468965073;2.0;32970138713001
1385468965126;6.0;32970193812002
1385468965230;8.0;32970297288002
1385468965329;6.0;32970395966002
1385468965382;4.0;32970448589001
1385468965432;6.0;32970498432001
1385468965485;4.0;32970549575001
1385468965536;6.0;32970602992002
1385468965639;4.0;32970706323002
1385468965695;2.0;32970761200002
1385468965803;8.0;32970868733001
1385468966008;6.0;32971075772002
1385468966059;4.0;32971126353002
1385468966114;8.0;32971180255002
1385468966174;4.0;32971239083001
1385468966275;10.0;32971338754001
1385468966329;6.0;32971396344002
1385468966378;14.0;32971445803002
1385468966433;16.0;32971498644001
1385468966479;10.0;32971546006002
1385468966533;8.0;32971599900001
1385468966585;4.0;32971650738002
1385468966641;2.0;32971707871001
1385468966740;0.0;32971807414002
1385468966798;2.0;32971865569002
1385468966851;6.0;32971917810001
1385468966900;8.0;32971966749002
1385468966948;10.0;32972015753002
1385468967003;14.0;32972069311001
1385468967052;8.0;32972118748001
1385468967160;6.0;32972227220002
1385468967224;8.0;32972287949001
1385468967268;12.0;32972335699002
1385468967318;8.0;32972385587002
1385468967480;4.0;32972547448002
1385468967536;8.0;32972602315002
1385468967585;2.0;32972652322002
1385468967638;8.0;32972705559002
1385468967689;6.0;32972756143002
1385468967738;8.0;32972805621002
1385468967792;10.0;32972855706002
1385468967844;6.0;32972909955001
1385468967891;8.0;32972958287001
1385468967998;10.0;32973065694002
1385468968049;14.0;32973116050002
1385468968105;10.0;32973171645002
1385468968209;6.0;32973275687002
1385468968261;10.0;32973327932001
1385468968312;14.0;32973378713001
1385468968365;12.0;32973432513002
1385468968418;6.0;32973485615002
1385468968470;8.0;32973536456002
1385468968523;6.0;32973590148002
1385468968630;4.0;32973697695002
1385468968681;2.0;32973748173001
1385468968741;4.0;32973806846002
1385468968788;8.0;32973855803002
1385468968839;12.0;32973906085002
1385468968894;4.0;32973960655002
1385468968999;6.0;32974065669002
1385468969050;2.0;32974117357002
1385468969101;4.0;32974168074001
1385468969150;2.0;32974217275002
1385468969209;6.0;32974275526002
1385468969308;8.0;32974375596002
1385468969362;6.0;32974428953001
1385468969408;4.0;32974475267002
1385468969460;6.0;32974527474002
1385468969511;4.0;32974577837001
1385468969565;0.0;32974632391002
1385468969770;2.0;32974835968002
1385468969822;0.0;32974889129001
1385468969976;2.0;32975043670002
1385468970029;6.0;32975096113002
1385468970183;2.0;32975249859001
1385468970241;0.0;32975307963001
1385468970446;4.0;32975512922002
1385468970549;8.0;32975615947002
1385468970603;14.0;32975669069001
1385468970653;16.0;32975719086001
1385468970712;18.0;32975776996002
1385468970759;14.0;32975826566002
1385468970810;12.0;32975877029002
1385468970868;8.0;32975935086002
1385468970920;12.0;32975986269002
1385468970970;10.0;32976036512002
1385468971018;6.0;32976085439002
1385468971124;2.0;32976190393002
1385468971180;4.0;32976246657002
1385468971229;6.0;32976295990002
1385468971279;2.0;32976346399002
1385468971335;0.0;32976401327002
1385468971389;6.0;32976456036002
1385468971439;2.0;32976505715002
1385468971490;6.0;32976557633002
1385468971542;4.0;32976608611001
1385468971601;10.0;32976666754002
1385468971699;12.0;32976766373002
1385468971809;8.0;32976876059002
1385468971908;6.0;32976975307002
1385468972012;4.0;32977077610002
1385468972121;10.0;32977187847001
1385468972169;12.0;32977235807002
1385468972282;10.0;32977348220001
1385468972334;8.0;32977400380002
1385468972381;4.0;32977447952001
1385468972440;2.0;32977506404002
1385468972490;0.0;32977556436002
1385468972850;2.0;32977917208002
1385468973010;0.0;32978076578002
1385468973162;2.0;32978228815001
1385468973320;0.0;32978386431002
1385468973379;4.0;32978445028002
1385468973480;8.0;32978545881002
1385468973528;6.0;32978595475002
1385468973681;8.0;32978747351002
1385468973788;10.0;32978855660002
1385468973840;12.0;32978906439002
1385468973941;14.0;32979008555001
1385468974001;24.0;32979067237002
1385468974100;18.0;32979166694002
1385468974159;16.0;32979225690002
1385468974208;10.0;32979275429002
1385468974259;12.0;32979326081002
1385468974311;16.0;32979378174001
1385468974411;18.0;32979477774002
1385468974467;20.0;32979533636002
1385468974522;14.0;32979587077002
1385468974569;10.0;32979635970002
1385468974728;12.0;32979795498002
1385468974781;6.0;32979848238001
1385468974835;4.0;32979899794001
1385468974886;8.0;32979952446002
1385468974989;12.0;32980055965002
1385468975043;10.0;32980109916001
1385468975098;8.0;32980165639002
1385468975150;10.0;32980217660002
1385468975258;8.0;32980323385002
1385468975308;12.0;32980375535002
1385468975359;10.0;32980426245002
1385468975523;8.0;32980588447001
1385468975570;12.0;32980637164002
1385468975679;8.0;32980745983002
1385468975728;6.0;32980795562002
1385468975779;4.0;32980845940002
1385468975829;6.0;32980896240002
1385468975883;8.0;32980948394001
1385468975980;2.0;32981047978001
1385468976040;0.0;32981106417002
1385468976139;2.0;32981206321002
1385468976190;4.0;32981256416002
1385468976245;2.0;32981309675001
1385468976299;4.0;32981365515002
1385468976350;0.0;32981417624002
1385468976506;2.0;32981573042002
1385468976608;0.0;32981675663002
1385468976929;2.0;32981995970002
1385468977132;0.0;32982198226001
1385468977289;2.0;32982356251002
1385468977338;0.0;32982405816002
1385468977501;4.0;32982568301001
1385468977551;2.0;32982618289001
1385468977609;4.0;32982676324002
1385468977711;6.0;32982776970002
1385468977922;12.0;32982988520001
1385468978078;8.0;32983145563002
1385468978128;2.0;32983195645002
1385468978178;6.0;32983245663002
1385468978234;4.0;32983301112002
1385468978282;6.0;32983349058001
1385468978440;4.0;32983506971002
1385468978551;8.0;32983615122002
1385468978600;12.0;32983666556002
1385468978649;20.0;32983716110002
1385468978701;22.0;32983767769002
1385468978751;24.0;32983818184001
1385468978811;28.0;32983877050002
1385468978859;30.0;32983925633002
1385468978909;32.0;32983976106002
1385468978961;30.0;32984027169002
1385468979013;24.0;32984079868001
1385468979073;18.0;32984138614001
1385468979120;14.0;32984187481002
1385468979171;10.0;32984238229001
1385468979279;8.0;32984346166002
1385468979328;10.0;32984395762002
1385468979599;12.0;32984666434002
1385468979700;10.0;32984766496002
1385468979749;12.0;32984815994002
1385468979803;6.0;32984870197002
1385468979858;2.0;32984925587002
1385468979910;4.0;32984977672002
1385468979964;2.0;32985028524001
1385468980019;4.0;32985086772002
1385468980069;6.0;32985136703002
1385468980119;10.0;32985186157002
1385468980173;16.0;32985240186002
1385468980229;12.0;32985296015002
1385468980281;8.0;32985347966001
1385468980383;10.0;32985448158001
1385468980436;12.0;32985503533002
1385468980489;18.0;32985556089002
1385468980540;14.0;32985606548002
1385468980593;12.0;32985659901001
1385468980653;10.0;32985719054001
1385468980701;12.0;32985768004001
1385468980811;16.0;32985877271002
1385468980859;18.0;32985925932002
1385468980909;14.0;32985976886002
1385468980958;16.0;32986025595002
1385468981009;12.0;32986076094002
1385468981063;10.0;32986130465002
1385468981111;12.0;32986178698001
1385468981170;10.0;32986236889002
1385468981221;8.0;32986287681002
1385468981272;10.0;32986337761002
1385468981327;2.0;32986392487002
1385468981378;6.0;32986445667002
1385468981488;12.0;32986550527002
1385468981531;10.0;32986598264001
1385468981581;8.0;32986648192001
1385468981689;10.0;32986756036002
1385468981739;12.0;32986806201002
1385468981789;10.0;32986856035002
1385468981838;8.0;32986905483002
1385468981888;6.0;32986955516002
1385468981943;8.0;32987009746001
1385468981997;10.0;32987057938001
1385468982049;12.0;32987115784002
1385468982099;16.0;32987166182002
1385468982150;10.0;32987216702002
1385468982198;6.0;32987265537002
1385468982257;12.0;32987320350002
1385468982300;8.0;32987367875001
1385468982351;14.0;32987418276001
1385468982410;12.0;32987476733002
1385468982459;8.0;32987526421002
1385468982509;12.0;32987576217002
1385468982569;10.0;32987635728002
1385468982618;6.0;32987685607002
1385468982929;4.0;32987996102002
1385468982978;8.0;32988045556002
1385468983082;6.0;32988148782001
1385468983191;8.0;32988257298002
1385468983239;6.0;32988306253002
1385468983295;4.0;32988356767002
1385468983399;6.0;32988465859002
1385468983450;10.0;32988515737002
1385468983501;8.0;32988568112001
1385468983551;10.0;32988618392001
1385468983610;4.0;32988676859002
1385468983709;6.0;32988776547002
1385468983765;10.0;32988831772002
1385468983819;16.0;32988886159002
1385468983873;12.0;32988939291001
1385468983922;16.0;32988988829001
1385468983980;8.0;32989046911002
1385468984029;6.0;32989096664002
1385468984080;2.0;32989146891002
1385468984139;4.0;32989205432002
1385468984188;6.0;32989255529002
1385468984238;8.0;32989305739002
1385468984289;10.0;32989355789002
1385468984340;12.0;32989407775002
1385468984391;10.0;32989458080001
1385468984449;8.0;32989516305002
1385468984499;6.0;32989566137002
1385468984548;8.0;32989615637002
1385468984598;12.0;32989665750002
1385468984655;14.0;32989719334001
1385468984701;12.0;32989768071001
1385468984809;10.0;32989876399002
1385468984911;8.0;32989976998002
1385468985014;10.0;32990081363002
1385468985121;6.0;32990187939001
1385468985171;4.0;32990237966001
1385468985230;0.0;32990296508002
1385468985338;2.0;32990404982002
1385468985591;6.0;32990657751002
1385468985649;10.0;32990715926002
1385468985699;12.0;32990766130002
1385468985749;14.0;32990816684002
1385468985798;16.0;32990865543002
1385468985851;14.0;32990918617001
1385468985902;12.0;32990969090001
1385468985961;10.0;32991027335002
1385468986007;14.0;32991074361002
1385468986118;12.0;32991185396002
1385468986171;10.0;32991237269002
1385468986218;4.0;32991285561002
1385468986272;8.0;32991339515001
1385468986339;4.0;32991403346002
1385468986381;10.0;32991448130001
1385468986489;14.0;32991556091002
1385468986590;12.0;32991656331002
1385468986692;10.0;32991759288001
1385468986753;12.0;32991818297001
1385468986801;8.0;32991868401001
1385468986902;4.0;32991968220001
1385468986960;2.0;32992025532002
1385468987006;4.0;32992072110002
1385468987058;8.0;32992125505002
1385468987162;4.0;32992228912001
1385468987319;8.0;32992386125002
1385468987474;10.0;32992541182002
1385468987530;12.0;32992597499002
1385468987639;10.0;32992706383002
1385468987690;6.0;32992756587002
1385468987739;4.0;32992806009002
1385468987798;6.0;32992864965002
1385468987848;8.0;32992914836002
1385468987901;10.0;32992967922001
1385468988059;12.0;32993126987002
1385468988110;14.0;32993176671002
1385468988166;12.0;32993232479002
1385468988269;8.0;32993335300002
1385468988320;2.0;32993387611002
1385468988427;0.0;32993493028002
1385468988479;2.0;32993545926002
1385468988529;4.0;32993596317002
1385468988579;8.0;32993646226002
1385468988634;6.0;32993700509002
1385468988688;10.0;32993755448002
1385468988791;8.0;32993858454001
1385468988899;4.0;32993966122002
1385468989005;0.0;32994070899002
1385468989162;2.0;32994228443001
1385468989211;0.0;32994277945001
1385468989262;6.0;32994328260001
1385468989318;4.0;32994385253002
1385468989373;6.0;32994436502002
1385468989425;4.0;32994489710001
1385468989483;6.0;32994548523001
1385468989577;12.0;32994644629002
1385468989629;8.0;32994696462002
1385468989681;4.0;32994747169002
1385468989783;0.0;32994850527002
1385468989891;4.0;32994958308001
1385468989941;6.0;32995007969001
1385468989991;8.0;32995058051001
1385468990049;12.0;32995116406002
1385468990098;10.0;32995165788002
1385468990206;12.0;32995272448002
1385468990259;10.0;32995326244002
1385468990311;8.0;32995378277001
1385468990361;10.0;32995428188001
1385468990411;8.0;32995478077001
1385468990516;4.0;32995583664002
1385468990619;8.0;32995685825002
1385468990672;6.0;32995738688001
1385468990723;4.0;32995789211001
1385468990771;0.0;32995838317001
1385468990929;6.0;32995996813002
1385468991035;10.0;32996101035002
1385468991146;8.0;32996208622001
1385468991192;4.0;32996258670001
1385468991301;10.0;32996366118002
1385468991349;12.0;32996415956002
1385468991398;10.0;32996465610002
1385468991502;6.0;32996569187001
1385468991566;8.0;32996630233002
1385468991610;6.0;32996677231002
1385468991660;4.0;32996727100002
1385468991718;8.0;32996785656002
1385468991769;6.0;32996835972002
1385468991819;8.0;32996885880002
1385468991921;6.0;32996988904001
1385468992029;8.0;32997096744002
1385468992081;10.0;32997147422002
1385468992141;12.0;32997206731002
1385468992238;10.0;32997305873002
1385468992293;8.0;32997358561001
1385468992340;4.0;32997407826001
1385468992455;0.0;32997513573002
1385468992496;2.0;32997563560002
1385468992549;4.0;32997616154002
1385468992599;6.0;32997665921002
1385468992654;0.0;32997719910001
1385468992760;2.0;32997827740002
1385468992870;4.0;32997936381002
1385468992918;6.0;32997985834002
1385468992968;4.0;32998035682002
1385468993019;6.0;32998085721002
1385468993123;10.0;32998189079001
1385468993172;12.0;32998238802001
1385468993238;14.0;32998297149002
1385468993276;12.0;32998343991002
1385468993330;10.0;32998396480002
1385468993433;8.0;32998500445002
1385468993541;6.0;32998608334001
1385468993590;4.0;32998657331002
1385468993641;6.0;32998708026001
1385468993699;10.0;32998765950002
1385468993748;12.0;32998815598002
1385468993799;10.0;32998865959002
1385468993848;6.0;32998915566002
1385468993901;4.0;32998966115002
1385468993954;10.0;32999019388001
1385468994065;8.0;32999127224002
1385468994109;12.0;32999175966002
1385468994159;4.0;32999226346002
1385468994209;2.0;32999276193002
1385468994263;4.0;32999330233002
1385468994318;0.0;32999385455002
1385468994373;6.0;32999439060001
1385468994485;2.0;32999546354002
1385468994529;0.0;32999595933002
1385468994688;2.0;32999755453002
1385468994840;8.0;32999907591002
1385468994899;6.0;32999966147002
1385468995052;0.0;33000119833001
1385468995109;2.0;33000175741002
1385468995161;4.0;33000227962001
1385468995269;6.0;33000336040002
1385468995321;4.0;33000386926002
1385468995368;6.0;33000435466002
1385468995420;8.0;33000486874002
1385468995521;6.0;33000588218001
1385468995571;8.0;33000638399001
1385468995729;4.0;33000796459002
1385468995789;10.0;33000855150002
1385468995840;8.0;33000906149002
1385468995993;2.0;33001058817001
1385468996049;0.0;33001116170002
1385468996100;6.0;33001166760002
1385468996149;4.0;33001216445002
1385468996206;2.0;33001271383002
1385468996259;4.0;33001326032002
1385468996308;10.0;33001375388002
1385468996360;14.0;33001427318002
1385468996466;12.0;33001532667002
1385468996521;6.0;33001586800002
1385468996570;2.0;33001636021002
1385468996731;8.0;33001798094001
1385468996781;6.0;33001848087001
1385468996840;8.0;33001906351002
1385468996890;4.0;33001956713002
1385468996945;6.0;33002006738002
1385468996997;8.0;33002060726002
1385468997151;6.0;33002217620002
1385468997200;2.0;33002267756002
1385468997308;0.0;33002375598002
1385468997362;2.0;33002428170001
1385468997409;6.0;33002476026002
1385468997461;8.0;33002528433001
1385468997511;10.0;33002578560001
1385468997571;6.0;33002637450002
1385468997670;8.0;33002736778002
1385468997724;10.0;33002791613002
1385468997832;14.0;33002898731001
1385468997881;12.0;33002948045001
1385468997933;14.0;33002999177001
1385468997983;8.0;33003048534001
1385468998088;6.0;33003155771002
1385468998139;12.0;33003205962002
1385468998188;14.0;33003255448002
1385468998292;16.0;33003358593001
1385468998342;12.0;33003408430001
1385468998397;14.0;33003464181002
1385468998449;16.0;33003516581002
1385468998499;14.0;33003566351002
1385468998554;22.0;33003621122002
1385468998609;28.0;33003676013002
1385468998659;32.0;33003725577002
1385468998710;42.0;33003777538002
1385468998816;48.0;33003882782002
1385468998921;50.0;33003986574002
1385468998969;46.0;33004035818002
1385468999024;44.0;33004090271002
1385468999081;36.0;33004148313001
1385468999181;38.0;33004248226001
1385468999241;36.0;33004306573002
1385468999288;40.0;33004355500002
1385468999339;42.0;33004406084002
1385468999389;44.0;33004455943002
1385468999492;46.0;33004559000001
1385468999599;52.0;33004666845002
1385468999711;54.0;33004776649002
1385468999759;52.0;33004826124002
1385468999862;50.0;33004928717001
1385468999911;46.0;33004978120001
1385468999961;50.0;33005028331001
1385469000021;54.0;33005087309002
1385469000069;52.0;33005135895002
1385469000119;50.0;33005186261002
1385469000175;48.0;33005241562002
1385469000333;42.0;33005399117001
1385469000381;40.0;33005447868001
1385469000489;38.0;33005555773002
1385469000538;44.0;33005605828002
1385469000642;46.0;33005709469001
1385469000747;38.0;33005814883002
1385469000803;40.0;33005867216002
1385469000850;42.0;33005916974002
1385469000959;46.0;33006025798002
1385469001063;44.0;33006128680001
1385469001112;40.0;33006178700001
1385469001171;38.0;33006237026002
1385469001219;40.0;33006286327002
1385469001270;38.0;33006336691002
1385469001325;40.0;33006391750002
1385469001429;38.0;33006495880002
1385469001481;42.0;33006548764001
1385469001541;44.0;33006607258002
1385469001640;48.0;33006706875002
1385469001695;44.0;33006762645002
1385469001851;46.0;33006918546001
1385469001897;50.0;33006965219002
1385469001951;46.0;33007017960001
1385469002058;48.0;33007125583002
1385469002266;46.0;33007333414002
1385469002322;44.0;33007387739002
1385469002367;40.0;33007434312002
1385469002479;42.0;33007545612002
1385469002579;36.0;33007645807002
1385469002740;38.0;33007807204002
1385469002791;42.0;33007858423001
1385469002841;40.0;33007907491002
1385469002948;44.0;33008015396002
1385469003100;46.0;33008167492002
1385469003211;48.0;33008276725002
1385469003309;46.0;33008376274002
1385469003365;42.0;33008431349002
1385469003419;46.0;33008486057002
1385469003468;48.0;33008535568002
1385469003520;50.0;33008587780002
1385469003571;52.0;33008637853001
1385469003631;48.0;33008697204002
1385469003730;42.0;33008796804002
1385469003779;40.0;33008845955002
1385469003834;42.0;33008900200002
1385469003882;46.0;33008949084001
1385469004040;42.0;33009106905002
1385469004099;46.0;33009162818002
1385469004144;44.0;33009211339002
1385469004252;42.0;33009318501001
1385469004302;44.0;33009368885001
1385469004351;46.0;33009418015001
1385469004409;48.0;33009476297002
1385469004460;44.0;33009527567002
1385469004568;48.0;33009631207002
1385469004619;44.0;33009685977002
1385469004672;46.0;33009738388001
1385469004723;44.0;33009789765001
1385469004770;38.0;33009837619002
1385469004829;40.0;33009895760002
1385469004936;36.0;33010000713002
1385469004978;40.0;33010045597002
1385469005082;44.0;33010148831001
1385469005137;50.0;33010204618002
1385469005240;46.0;33010306709002
1385469005295;44.0;33010361408002
1385469005452;40.0;33010517927001
1385469005551;44.0;33010617704002
1385469005609;40.0;33010675805002
1385469005659;48.0;33010725920002
1385469005763;46.0;33010829879001
1385469005824;42.0;33010889888001
1385469005871;40.0;33010938492001
1385469005930;42.0;33010996799002
1385469006029;44.0;33011096194002
1385469006079;46.0;33011146003002
1385469006240;44.0;33011307755002
1385469006290;40.0;33011357250002
1385469006340;42.0;33011407658002
1385469006400;46.0;33011466235002
1385469006454;38.0;33011516732002
1385469006500;40.0;33011566260002
1385469006554;44.0;33011620229002
1385469006608;40.0;33011675518002
1385469006662;50.0;33011728606001
1385469006766;54.0;33011832781002
1385469006818;50.0;33011885511002
1385469006919;48.0;33011986110002
1385469007021;44.0;33012088239001
1385469007130;42.0;33012196618002
1385469007179;40.0;33012246040002
1385469007230;44.0;33012296739002
1385469007284;46.0;33012351019002
1385469007338;48.0;33012405650002
1385469007443;52.0;33012508060001
1385469007491;48.0;33012558048001
1385469007549;44.0;33012616439002
1385469007648;42.0;33012715975002
1385469007704;48.0;33012771207002
1385469007758;46.0;33012825820002
1385469007813;48.0;33012878892001
1385469007911;42.0;33012978115001
1385469008070;38.0;33013136305002
1385469008173;40.0;33013239339001
1385469008222;36.0;33013289356001
1385469008281;40.0;33013347373002
1385469008439;38.0;33013502134002
1385469008538;40.0;33013605621002
1385469008592;42.0;33013659395001
1385469008647;38.0;33013714072002
1385469008697;40.0;33013764516002
1385469008751;34.0;33013817258002
1385469008800;40.0;33013866733002
1385469008855;38.0;33013921852002
1385469008909;40.0;33013975756002
1385469008958;42.0;33014025570002
1385469009008;46.0;33014075497002
1385469009123;42.0;33014187371002
1385469009169;46.0;33014236027002
1385469009222;44.0;33014286613002
1385469009323;48.0;33014390208002
1385469009379;46.0;33014445859002
1385469009431;44.0;33014497967001
1385469009481;40.0;33014548143001
1385469009688;42.0;33014755614002
1385469009739;40.0;33014806299002
1385469009792;42.0;33014858998001
1385469009852;46.0;33014917680002
1385469009950;48.0;33015017006002
1385469010011;52.0;33015076254002
1385469010058;48.0;33015125616002
1385469010164;50.0;33015226565002
1385469010210;44.0;33015277757002
1385469010261;40.0;33015327964001
1385469010319;38.0;33015386273002
1385469010419;46.0;33015486207002
1385469010474;52.0;33015541137002
1385469010528;50.0;33015595894002
1385469010580;48.0;33015644958002
1385469010630;46.0;33015697531002
1385469010683;42.0;33015747955001
1385469010790;40.0;33015856710002
1385469010897;42.0;33015961522002
1385469010949;44.0;33016015808002
1385469010998;42.0;33016064756002
1385469011050;44.0;33016117275002
1385469011210;42.0;33016276822002
1385469011313;46.0;33016380199002
1385469011368;48.0;33016435436002
1385469011521;44.0;33016588144001
1385469011577;46.0;33016643566002
1385469011629;44.0;33016695748002
1385469011680;42.0;33016746352002
1385469011729;40.0;33016796062002
1385469011782;42.0;33016849310001
1385469011846;44.0;33016907791002
1385469011887;42.0;33016954710002
1385469012099;40.0;33017165956002
1385469012152;42.0;33017219761001
1385469012212;44.0;33017278076001
1385469012366;48.0;33017433511002
1385469012418;46.0;33017485730002
1385469012469;48.0;33017535946002
1385469012524;46.0;33017590963002
1385469012578;40.0;33017645832002
1385469012634;44.0;33017700427002
1385469012680;40.0;33017747524002
1385469012732;38.0;33017798904001
1385469012789;36.0;33017855913002
1385469012838;40.0;33017905543002
1385469012889;38.0;33017956100002
1385469012939;40.0;33018006383002
1385469012989;46.0;33018055998002
1385469013040;48.0;33018107703002
1385469013152;46.0;33018217367002
1385469013208;42.0;33018266109002
1385469013249;38.0;33018316224002
1385469013303;36.0;33018370557002
1385469013513;38.0;33018579017001
1385469013569;40.0;33018636246002
1385469013618;44.0;33018685624002
1385469013669;46.0;33018736160002
1385469013725;50.0;33018791339002
1385469013891;48.0;33018957442002
1385469013941;46.0;33019007820001
1385469013990;50.0;33019057044002
1385469014045;52.0;33019112239002
1385469014149;46.0;33019216186002
1385469014199;52.0;33019266046002
1385469014301;54.0;33019368172001
1385469014363;52.0;33019429151001
1385469014410;50.0;33019475863002
1385469014459;52.0;33019525744002
1385469014562;54.0;33019629725001
1385469014618;56.0;33019685308002
1385469014673;54.0;33019738505001
1385469014723;56.0;33019788337001
1385469014776;58.0;33019843452002
1385469014928;54.0;33019995504002
1385469014979;52.0;33020046044002
1385469015033;50.0;33020099233001
1385469015190;48.0;33020256951002
1385469015251;50.0;33020315770002
1385469015348;48.0;33020415452002
1385469015460;52.0;33020519719001
1385469015502;48.0;33020568006001
1385469015609;44.0;33020676206002
1385469015667;42.0;33020726528002
1385469015710;46.0;33020776325002
1385469015759;48.0;33020826007002
1385469015861;46.0;33020928332001
1385469015921;48.0;33020987011002
1385469015969;52.0;33021036118002
1385469016019;54.0;33021086305002
1385469016076;48.0;33021142804002
1385469016128;50.0;33021195827002
1385469016184;46.0;33021248890001
1385469016284;52.0;33021349354001
1385469016336;50.0;33021402849002
1385469016390;52.0;33021456982002
1385469016440;54.0;33021506773002
1385469016494;50.0;33021561213002
1385469016598;54.0;33021665567002
1385469016652;52.0;33021718241001
1385469016701;56.0;33021768001001
1385469016756;50.0;33021822584002
1385469016808;48.0;33021875690002
1385469016859;52.0;33021925873002
1385469016910;48.0;33021976233002
1385469016960;54.0;33022025779002
1385469017062;48.0;33022128384001
1385469017117;50.0;33022184012002
1385469017168;48.0;33022235789002
1385469017269;52.0;33022335762002
1385469017326;50.0;33022389936001
1385469017378;48.0;33022445489002
1385469017430;50.0;33022497362002
1385469017481;48.0;33022547687002
1385469017539;50.0;33022606147002
1385469017639;48.0;33022706092002
1385469017689;50.0;33022755779002
1385469017793;44.0;33022859528001
1385469017853;46.0;33022917789002
1385469017900;48.0;33022966697002
1385469017951;50.0;33023018089001
1385469017999;44.0;33023066267002
1385469018055;48.0;33023121020002
1385469018161;46.0;33023228213001
1385469018211;52.0;33023278524001
1385469018262;50.0;33023328268001
1385469018316;48.0;33023382644002
1385469018368;54.0;33023435448002
1385469018419;50.0;33023486326002
1385469018519;52.0;33023585950002
1385469018621;50.0;33023688418001
1385469018682;46.0;33023747460002
1385469018729;48.0;33023796178002
1385469018779;46.0;33023846415002
1385469018938;48.0;33024005716002
1385469018990;50.0;33024057774002
1385469019041;52.0;33024108140001
1385469019100;56.0;33024166594002
1385469019150;58.0;33024217096002
1385469019199;54.0;33024266695002
1385469019248;48.0;33024315578002
1385469019355;50.0;33024419732001
1385469019408;46.0;33024475351002
1385469019463;48.0;33024527975001
1385469019569;46.0;33024635613002
1385469019619;54.0;33024686345002
1385469019670;48.0;33024736802002
1385469019723;52.0;33024789739001
1385469019779;50.0;33024845642002
1385469019831;48.0;33024898223001
1385469019942;50.0;33025006113002
1385469019989;52.0;33025056359002
1385469020038;54.0;33025105614002
1385469020095;50.0;33025160577002
1385469020251;48.0;33025317967001
1385469020310;54.0;33025376902002
1385469020409;50.0;33025476128002
1385469020459;54.0;33025526082002
1385469020514;50.0;33025580237002
1385469020571;54.0;33025638050001
1385469020617;60.0;33025685010002
1385469020670;62.0;33025737726002
1385469020723;66.0;33025788990001
1385469020778;62.0;33025845363002
1385469020828;60.0;33025895462002
1385469020885;56.0;33025949797001
1385469020928;54.0;33025995374002
1385469020986;50.0;33026048870001
1385469021030;54.0;33026097150002
1385469021080;56.0;33026147605002
1385469021139;58.0;33026205729002
1385469021189;60.0;33026256053002
1385469021238;56.0;33026305536002
1385469021290;54.0;33026356184002
1385469021550;50.0;33026616892002
1385469021608;52.0;33026674927002
1385469021659;56.0;33026726078002
1385469021709;58.0;33026775959002
1385469021866;56.0;33026934173002
1385469021920;58.0;33026986872002
1385469022080;62.0;33027146575002
1385469022129;64.0;33027195412002
1385469022177;68.0;33027245229002
1385469022233;58.0;33027299237001
1385469022341;50.0;33027406293002
1385469022389;52.0;33027456284002
1385469022440;56.0;33027506654002
1385469022492;54.0;33027559701001
1385469022552;56.0;33027618162001
1385469022600;54.0;33027667214002
1385469022652;48.0;33027718323001
1385469022759;50.0;33027825934002
1385469022813;60.0;33027880251002
1385469022863;56.0;33027926416002
1385469022912;54.0;33027979361001
1385469022971;48.0;33028038152001
1385469023020;46.0;33028087479002
1385469023129;52.0;33028195827002
1385469023180;50.0;33028246430002
1385469023228;52.0;33028295543002
1385469023390;56.0;33028457110002
1385469023491;52.0;33028557532002
1385469023601;48.0;33028665565002
1385469023698;56.0;33028765597002
1385469023752;52.0;33028818846001
1385469023803;50.0;33028868824001
1385469023908;48.0;33028975598002
1385469023959;46.0;33029026050002
1385469024009;44.0;33029075831002
1385469024068;46.0;33029134077002
1385469024121;44.0;33029188181001
1385469024170;40.0;33029237322002
1385469024220;36.0;33029287741002
1385469024279;38.0;33029346124002
1385469024330;44.0;33029396296002
1385469024378;54.0;33029445451002
1385469024429;64.0;33029496017002
1385469024479;68.0;33029546054002
1385469024530;76.0;33029597952001
1385469024581;82.0;33029648145001
1385469024686;86.0;33029753604002
1385469024739;88.0;33029806481002
1385469024795;94.0;33029861762002
1385469024843;100.0;33029910536002
1385469024898;102.0;33029965797002
1385469024952;98.0;33030018857001
1385469025000;96.0;33030067923001
1385469025059;98.0;33030126316002
1385469025110;92.0;33030175718002
1385469025160;90.0;33030227103002
1385469025209;94.0;33030275642002
1385469025260;92.0;33030326517002
1385469025312;94.0;33030378974001
1385469025368;92.0;33030434845002
1385469025419;96.0;33030486553002
1385469025470;98.0;33030537113002
1385469025526;104.0;33030592859002
1385469025578;106.0;33030645924002
1385469025683;110.0;33030748787001
1385469025731;112.0;33030797964001
1385469025837;116.0;33030904134002
1385469025888;114.0;33030955671002
1385469025993;118.0;33031060383002
1385469026098;116.0;33031165447002
1385469026148;112.0;33031215192002
1385469026201;106.0;33031267807001
1385469026259;104.0;33031326306002
1385469026315;96.0;33031376959002
1385469026358;94.0;33031425750002
1385469026465;92.0;33031529432001
1385469026572;86.0;33031637488002
1385469026680;84.0;33031746064002
1385469026729;86.0;33031796020002
1385469026779;94.0;33031846213002
1385469026833;100.0;33031899875001
1385469026940;98.0;33032007384002
1385469026991;96.0;33032057837001
1385469027051;92.0;33032117349002
1385469027203;94.0;33032269933001
1385469027267;98.0;33032328240001
1385469027310;100.0;33032377534002
1385469027362;104.0;33032429341001
1385469027416;106.0;33032482948002
1385469027468;108.0;33032535576002
1385469027519;110.0;33032586043002
1385469027673;108.0;33032739438001
1385469027833;110.0;33032899002001
1385469027888;104.0;33032955231002
1385469027938;110.0;33033005447002
1385469027988;112.0;33033055497002
1385469028045;110.0;33033109670001
1385469028092;114.0;33033159016001
1385469028200;118.0;33033267293002
1385469028249;122.0;33033316610002
1385469028310;124.0;33033375446002
1385469028359;122.0;33033426500002
1385469028408;118.0;33033475574002
1385469028569;116.0;33033636495002
1385469028619;120.0;33033686507002
1385469028673;118.0;33033737073002
1385469028724;116.0;33033790792002
1385469028782;118.0;33033848954001
1385469028829;116.0;33033895876002
1385469028883;120.0;33033949233001
1385469028931;116.0;33033998270001
1385469028991;120.0;33034057399002
1385469029149;124.0;33034210600002
1385469029199;120.0;33034265874002
1385469029304;118.0;33034367563002
1385469029400;120.0;33034467159002
1385469029460;114.0;33034525541002
1385469029509;120.0;33034575458002
1385469029559;124.0;33034626092002
1385469029661;122.0;33034728753001
1385469029818;120.0;33034885652002
1385469029870;118.0;33034936517002
1385469029918;120.0;33034985758002
1385469029973;118.0;33035039096001
1385469030080;124.0;33035147320002
1385469030239;120.0;33035305477002
1385469030290;116.0;33035356424002
1385469030341;110.0;33035406808002
1385469030392;114.0;33035459319001
1385469030499;116.0;33035566953002
1385469030605;120.0;33035672094002
1385469030658;122.0;33035725467002
1385469030758;124.0;33035825435002
1385469030811;120.0;33035878374001
1385469030863;116.0;33035928900001
1385469030970;114.0;33036036322002
1385469031029;116.0;33036095945002
1385469031069;114.0;33036135830002
1385469031124;116.0;33036190643002
1385469031178;118.0;33036245636002
1385469031231;114.0;33036297969001
1385469031280;120.0;33036347428002
1385469031331;116.0;33036397768002
1385469031390;124.0;33036456700002
1385469031650;120.0;33036717539002
1385469031707;118.0;33036768145001
1385469031809;116.0;33036875733002
1385469031860;120.0;33036926495002
1385469031909;118.0;33036976230002
1385469032012;116.0;33037079142001
1385469032120;114.0;33037186902002
1385469032171;110.0;33037237692002
1385469032228;112.0;33037295484002
1385469032278;114.0;33037345516002
1385469032329;112.0;33037395550002
1385469032379;116.0;33037446000002
1385469032436;118.0;33037501260002
1385469032482;116.0;33037548615001
1385469032590;114.0;33037657375002
1385469032641;120.0;33037707086002
1385469032695;116.0;33037761643002
1385469032749;118.0;33037815955002
1385469032848;112.0;33037915579002
1385469032901;110.0;33037967955001
1385469032950;112.0;33038017633002
1385469033009;118.0;33038075963002
1385469033058;122.0;33038125526002
1385469033108;120.0;33038175712002
1385469033208;116.0;33038275513002
1385469033260;114.0;33038327711002
1385469033316;110.0;33038381615002
1385469033419;112.0;33038485968002
1385469033469;110.0;33038536356002
1385469033524;114.0;33038591254002
1385469033574;116.0;33038641340002
1385469033628;118.0;33038695489002
1385469033681;122.0;33038748031001
1385469033780;112.0;33038847218002
1385469033836;118.0;33038902498002
1385469033888;122.0;33038955443002
1385469033939;120.0;33039006205002
1385469033988;114.0;33039055551002
1385469034041;112.0;33039108011001
1385469034091;118.0;33039158428001
1385469034151;122.0;33039217080002
1385469034202;116.0;33039268733001
1385469034249;118.0;33039316462002
1385469034305;116.0;33039371550002
1385469034362;114.0;33039428352001
1385469034411;120.0;33039478592001
1385469034463;112.0;33039528834001
1385469034521;116.0;33039587497002
1385469034620;124.0;33039687055002
1385469034728;120.0;33039795461002
1385469034784;118.0;33039849476001
1385469034881;114.0;33039948605001
1385469034989;116.0;33040056095002
1385469035040;114.0;33040107288002
1385469035140;118.0;33040206585002
1385469035195;108.0;33040259944001
1385469035297;112.0;33040364939002
1385469035350;118.0;33040417693002
1385469035409;116.0;33040475856002
1385469035458;120.0;33040522890002
1385469035508;112.0;33040575715002
1385469035613;114.0;33040678704001
1385469035717;120.0;33040784715002
1385469035820;114.0;33040886855002
1385469035928;112.0;33040995773002
1385469035983;114.0;33041048986001
1385469036081;116.0;33041147860001
1385469036130;118.0;33041197745002
1385469036190;116.0;33041256637002
1385469036289;122.0;33041356403002
1385469036339;118.0;33041406371002
1385469036444;122.0;33041510507002
1385469036500;116.0;33041567259002
1385469036549;118.0;33041616346002
1385469036599;116.0;33041666751002
1385469036659;122.0;33041725350002
1385469036709;120.0;33041775785002
1385469036763;122.0;33041828926001
1385469036812;124.0;33041878600001
1385469037020;120.0;33042086802002
1385469037078;122.0;33042144977002
1385469037128;120.0;33042195468002
1385469037178;118.0;33042245512002
1385469037339;110.0;33042406175002
1385469037449;108.0;33042515002002
1385469037493;112.0;33042560269002
1385469037552;118.0;33042618729001
1385469037601;124.0;33042668144001
1385469037651;122.0;33042718400001
1385469037707;116.0;33042774236002
1385469037760;114.0;33042826686002
1385469037810;108.0;33042876690002
1385469037866;110.0;33042931855002
1385469037928;106.0;33042986628002
1385469038021;112.0;33043087656002
1385469038071;110.0;33043137864001
1385469038181;112.0;33043246146002
1385469038228;104.0;33043295799002
1385469038285;110.0;33043351292002
1385469038346;112.0;33043410934002
1385469038390;116.0;33043457685002
1385469038442;122.0;33043507716002
1385469038490;120.0;33043557574002
1385469038549;118.0;33043615704002
1385469038598;110.0;33043665842002
1385469038655;104.0;33043720618002
1385469038703;98.0;33043769896001
1385469038762;84.0;33043828275001
1385469038810;78.0;33043877518002
1385469038861;72.0;33043927711002
1385469038920;70.0;33043986394002
1385469038969;58.0;33044036151002
1385469039019;56.0;33044086004002
1385469039128;48.0;33044195717002
1385469039231;46.0;33044298019001
1385469039282;38.0;33044347972001
1385469039339;44.0;33044405987002
1385469039388;38.0;33044455451002
1385469039440;40.0;33044506495002
1385469039488;36.0;33044555525002
1385469039593;42.0;33044658901001
1385469039640;40.0;33044707743002
1385469039699;42.0;33044766041002
1385469039798;28.0;33044865543002
1385469039899;26.0;33044966129002
1385469039951;24.0;33045018289001
1385469040002;22.0;33045068637001
1385469040063;16.0;33045127408002
1385469040159;18.0;33045226297002
1385469040268;20.0;33045335579002
1385469040318;24.0;33045385484002
1385469040377;22.0;33045442949002
1385469040417;16.0;33045484755002
1385469040471;20.0;33045537786002
1385469040529;18.0;33045595785002
1385469040630;22.0;33045696230002
1385469040732;18.0;33045799374001
1385469040791;20.0;33045857638002
1385469040840;14.0;33045907301002
1385469040949;12.0;33046015663002
1385469040999;8.0;33046065663002
1385469041048;16.0;33046115801002
1385469041099;12.0;33046165979002
1385469041210;18.0;33046277565002
1385469041260;14.0;33046327014002
1385469041310;22.0;33046377031002
1385469041418;24.0;33046485445002
1385469041470;18.0;33046535570002
1385469041518;16.0;33046585647002
1385469041571;14.0;33046638864001
1385469041631;10.0;33046697421002
1385469041679;8.0;33046746434002
1385469041730;10.0;33046797120002
1385469041786;8.0;33046851566002
1385469041838;12.0;33046905570002
1385469041888;14.0;33046955480002
1385469041939;12.0;33047006209002
1385469041992;16.0;33047058836001
1385469042052;14.0;33047117635002
1385469042100;16.0;33047167025002
1385469042205;12.0;33047272610002
1385469042421;18.0;33047487681002
1385469042468;20.0;33047534188002
1385469042519;18.0;33047586649002
1385469042624;12.0;33047691338002
1385469042729;14.0;33047795795002
1385469042831;18.0;33047898365001
1385469042887;16.0;33047954147002
1385469043040;18.0;33048106383002
1385469043093;20.0;33048159906001
1385469043203;16.0;33048267804001
1385469043309;14.0;33048376200002
1385469043360;16.0;33048425948002
1385469043408;18.0;33048475927002
1385469043472;20.0;33048530912002
1385469043523;22.0;33048589148001
1385469043617;24.0;33048685077002
1385469043671;22.0;33048737868001
1385469043720;16.0;33048787237002
1385469043776;6.0;33048843162002
1385469043829;10.0;33048895840002
1385469043878;12.0;33048945464002
1385469043929;10.0;33048995959002
1385469043981;8.0;33049048491001
1385469044031;10.0;33049098622001
1385469044142;14.0;33049207509002
1385469044249;12.0;33049315458002
1385469044305;14.0;33049370844002
1385469044410;18.0;33049477575002
1385469044460;16.0;33049527344002
1385469044510;18.0;33049577488002
1385469044569;14.0;33049636199002
1385469044618;8.0;33049685628002
1385469044721;10.0;33049785630002
1385469044774;14.0;33049839261001
1385469044824;16.0;33049889575001
1385469044885;18.0;33049947777002
1385469044980;20.0;33050047061002
1385469045039;22.0;33050105384002
1385469045089;20.0;33050155763002
1385469045138;26.0;33050205577002
1385469045242;22.0;33050308745001
1385469045301;24.0;33050367234002
1385469045349;18.0;33050416493002
1385469045399;20.0;33050466657002
1385469045458;16.0;33050524788002
1385469045509;22.0;33050576177002
1385469045558;18.0;33050625511002
1385469045614;22.0;33050679701001
1385469045661;20.0;33050728574001
1385469045720;18.0;33050786611002
1385469045771;16.0;33050837241002
1385469045874;14.0;33050941481002
1385469045929;12.0;33050995998002
1385469045981;14.0;33051046389002
1385469046099;18.0;33051161323002
1385469046139;22.0;33051206514002
1385469046192;24.0;33051257399002
1385469046350;18.0;33051415712002
1385469046398;16.0;33051465874002
1385469046507;14.0;33051574448002
1385469046559;16.0;33051626176002
1385469046613;18.0;33051676714002
1385469046669;14.0;33051735250002
1385469046720;12.0;33051786667002
1385469046769;14.0;33051835774002
1385469046821;20.0;33051888295001
1385469046979;22.0;33052046422002
1385469047029;18.0;33052096088002
1385469047084;22.0;33052151227002
1385469047144;16.0;33052210335002
1385469047191;12.0;33052258020001
1385469047241;18.0;33052308500001
1385469047350;20.0;33052416991002
1385469047399;18.0;33052466371002
1385469047459;16.0;33052525610002
1385469047508;14.0;33052575477002
1385469047611;16.0;33052677747002
1385469047769;14.0;33052835911002
1385469047823;10.0;33052887800001
1385469047990;8.0;33053047149002
1385469048030;16.0;33053097474002
1385469048081;14.0;33053147977001
1385469048189;16.0;33053256007002
1385469048239;22.0;33053305967002
1385469048295;26.0;33053360345002
1385469048348;28.0;33053415610002
1385469048402;24.0;33053468316001
1385469048456;18.0;33053518588001
1385469048555;16.0;33053622427002
1385469048609;8.0;33053675804002
1385469048659;10.0;33053726447002
1385469048708;6.0;33053775706002
1385469048762;8.0;33053829336001
1385469048820;10.0;33053887560002
1385469048867;12.0;33053934660002
1385469048921;14.0;33053987696002
1385469048979;18.0;33054045847002
1385469049080;20.0;33054146259002
1385469049129;14.0;33054195987002
1385469049181;16.0;33054248472001
1385469049231;10.0;33054298434001
1385469049290;4.0;33054356938002
1385469049342;10.0;33054407189002
1385469049389;8.0;33054456224002
1385469049440;12.0;33054507337002
1385469049493;10.0;33054559282001
1385469049543;12.0;33054609814001
1385469049601;16.0;33054667664002
1385469049654;14.0;33054719693001
1385469049701;8.0;33054767638002
1385469049809;12.0;33054875944002
1385469049860;18.0;33054927183002
1385469049914;20.0;33054979001001
1385469049963;18.0;33055029351001
1385469050017;22.0;33055083802002
1385469050073;18.0;33055139247001
1385469050120;16.0;33055187117002
1385469050179;14.0;33055245436002
1385469050329;18.0;33055395671002
1385469050381;22.0;33055448699001
1385469050491;20.0;33055556570002
1385469050539;22.0;33055606744002
1385469050596;18.0;33055662675002
1385469050649;16.0;33055716405002
1385469050698;18.0;33055765470002
1385469050751;16.0;33055818004001
1385469050801;18.0;33055867664002
1385469050850;16.0;33055917679002
1385469050910;12.0;33055976343002
1385469050958;8.0;33056025494002
1385469051009;10.0;33056075940002
1385469051112;14.0;33056179396001
1385469051172;18.0;33056237804001
1385469051220;16.0;33056287073002
1385469051271;12.0;33056337552002
1385469051332;14.0;33056395878002
1385469051379;16.0;33056445840002
1385469051431;20.0;33056495940002
1385469051531;14.0;33056598842001
1385469051581;10.0;33056648514001
1385469051639;12.0;33056706495002
1385469051689;16.0;33056756289002
1385469051741;22.0;33056806149002
1385469051788;16.0;33056855848002
1385469051843;18.0;33056910210002
1385469051898;10.0;33056965694002
1385469051950;8.0;33057017597002
1385469052000;10.0;33057067588002
1385469052055;6.0;33057121878002
1385469052111;10.0;33057176642002
1385469052208;12.0;33057275636002
1385469052313;16.0;33057379198001
1385469052361;12.0;33057428649001
1385469052519;14.0;33057586270002
1385469052624;8.0;33057690484002
1385469052679;10.0;33057745744002
1385469052732;6.0;33057798345001
1385469052780;4.0;33057847603002
1385469052831;6.0;33057897748002
1385469053003;4.0;33058065103002
1385469053038;2.0;33058105486002
1385469053093;6.0;33058158704001
1385469053141;4.0;33058208204001
1385469053191;6.0;33058258077001
1385469053299;10.0;33058366435002
1385469053398;14.0;33058465551002
1385469053455;18.0;33058518780001
1385469053553;22.0;33058619025001
1385469053618;26.0;33058676897002
1385469053659;30.0;33058726397002
1385469053709;32.0;33058776258002
1385469053771;36.0;33058834806002
1385469053869;50.0;33058935708002
1385469053922;68.0;33058988797001
1385469053975;82.0;33059042389002
1385469054027;100.0;33059094008002
1385469054080;104.0;33059146672002
1385469054129;106.0;33059196065002
1385469054185;118.0;33059251341002
1385469054238;116.0;33059305794002
1385469054297;118.0;33059355514002
1385469054340;106.0;33059407544002
1385469054392;102.0;33059458095001
1385469054551;104.0;33059616182002
1385469054603;108.0;33059670217002
1385469054726;120.0;33059780105002
1385469054761;126.0;33059828096001
1385469054825;144.0;33059884559002
1385469054871;152.0;33059936587002
1385469054920;160.0;33059985790002
1385469054971;162.0;33060036933002
1385469055024;152.0;33060090246002
1385469055081;140.0;33060148235001
1385469055130;126.0;33060197281002
1385469055183;118.0;33060247928001
1385469055240;106.0;33060306079002
