1385468530733;91.0;1385468530518490573
1385468530931;93.0;1385468530721316498
1385468531553;29.0;1385468530921816986
1385468531576;32.0;1385468531123721283
1385468531649;9.0;1385468531324649017
1385468531745;5.0;1385468531526443677
1385468531960;8.0;1385468531929306226
1385468532132;7.0;1385468532130996900
1385468532333;5.0;1385468532331741529
1385468533340;7.0;1385468533339090295
1385468533553;8.0;1385468533540933557
1385468533743;11.0;1385468533742380090
1385468533944;13.0;1385468533943351078
1385468534348;20.0;1385468534346854496
1385468534552;13.0;1385468534548453617
1385468534751;6.0;1385468534749717044
1385468534952;5.0;1385468534950827884
1385468535153;2.0;1385468535152213382
1385468535355;6.0;1385468535353629398
1385468535556;7.0;1385468535555344645
1385468535959;8.0;1385468535958207194
1385468536258;7.0;1385468536159897868
1385468537172;6.0;1385468537167234287
1385468537575;8.0;1385468537570279942
1385468537771;11.0;1385468537770414219
1385468537975;10.0;1385468537972587644
1385468538175;9.0;1385468538173759519
1385468538475;8.0;1385468538375022947
1385468538578;6.0;1385468538577140867
1385468538779;5.0;1385468538778111756
1385468539184;6.0;1385468539181065857
1385468539384;7.0;1385468539381963074
1385468539586;6.0;1385468539583867371
1385468539786;7.0;1385468539784825623
1385468539988;8.0;1385468539986729920
1385468540189;7.0;1385468540187688172
1385468540390;6.0;1385468540389311970
1385468540793;36.0;1385468540792174519
1385468540996;45.0;1385468540994353474
1385468541198;24.0;1385468541195599171
1385468541399;12.0;1385468541396710011
1385468541599;6.0;1385468541598522755
1385468541804;7.0;1385468541800213429
1385468542002;5.0;1385468542001110646
1385468542405;3.0;1385468542403484913
1385468542607;17.0;1385468542605602833
1385468542837;24.0;1385468542806341559
1385468543011;14.0;1385468543008520514
1385468543211;9.0;1385468543209204108
1385468543430;7.0;1385468543411413580
1385468543613;5.0;1385468543612280280
1385468543816;3.0;1385468543813726813
1385468544018;2.0;1385468544015356452
1385468544620;3.0;1385468544619116217
1385468545428;4.0;1385468545425207526
1385468545632;2.0;1385468545627172858
1385468546031;1.0;1385468546029565783
1385468546233;2.0;1385468546230981799
1385468546434;3.0;1385468546432397814
1385468546836;4.0;1385468546835290881
1385468547241;3.0;1385468547238092394
1385468547441;2.0;1385468547439783068
1385468547844;5.0;1385468547842761672
1385468548046;2.0;1385468548044482864
1385468548876;3.0;1385468548849884886
1385468549657;2.0;1385468549655609984
1385468550464;3.0;1385468550461115492
1385468551475;2.0;1385468551468989028
1385468552073;3.0;1385468552072107924
1385468552684;2.0;1385468552676508559
1385468553283;0.0;1385468553281385672
1385468553519;3.0;1385468553482496511
1385468554495;2.0;1385468554490095388
1385468555297;8.0;1385468555295692538
1385468555499;2.0;1385468555497182069
1385468555699;3.0;1385468555698323427
1385468556707;2.0;1385468556705586610
1385468557519;3.0;1385468557512404452
1385468558117;4.0;1385468558115596597
1385468558319;3.0;1385468558317134683
1385468558520;2.0;1385468558518672769
1385468559930;3.0;1385468559928579418
1385468560538;2.0;1385468560533481040
1385468561542;3.0;1385468561539950766
1385468561743;2.0;1385468561741702475
1385468562751;3.0;1385468562748911497
1385468563154;4.0;1385468563151743529
1385468563758;2.0;1385468563755961058
1385468564200;1.0;1385468564158732054
1385468564368;2.0;1385468564361301710
1385468564564;3.0;1385468564561649610
1385468565167;4.0;1385468565165928174
1385468565370;3.0;1385468565367710401
1385468565570;2.0;1385468565568760206
1385468566980;3.0;1385468566978763868
1385468567791;2.0;1385468567785697596
1385468568593;3.0;1385468568589896814
1385468569196;4.0;1385468569194413590
1385468569406;3.0;1385468569397019791
1385468569599;2.0;1385468569597245621
1385468570001;5.0;1385468569999955582
1385468570203;2.0;1385468570201920914
1385468571815;3.0;1385468571813065933
1385468572621;2.0;1385468572619053876
1385468574234;3.0;1385468574230894705
1385468574836;2.0;1385468574834422951
1385468575843;3.0;1385468575842021828
1385468576654;2.0;1385468576648625838
1385468579872;3.0;1385468579870617577
1385468580679;2.0;1385468580676312157
1385468581483;3.0;1385468581481610009
1385468581886;2.0;1385468581884319970
1385468582089;1.0;1385468582086731128
1385468582491;2.0;1385468582488983326
1385468582893;3.0;1385468582891784839
1385468583704;2.0;1385468583698388983
1385468585320;3.0;1385468585310357977
1385468585915;2.0;1385468585913385321
1385468586925;3.0;1385468586921552146
1385468587876;2.0;1385468587726758445
1385468590952;3.0;1385468590949561266
1385468591556;2.0;1385468591554255206
1385468592363;3.0;1385468592360254962
1385468592965;2.0;1385468592963526447
1385468593972;3.0;1385468593970936268
1385468594778;2.0;1385468594776752919
1385468596393;3.0;1385468596388526988
1385468596799;2.0;1385468596792060924
1385468597806;3.0;1385468597799568248
1385468598808;2.0;1385468598805604645
1385468600218;1.0;1385468600215394684
1385468600425;3.0;1385468600416902253
1385468600620;2.0;1385468600618196198
1385468601426;3.0;1385468601424184136
1385468601834;2.0;1385468601828328423
1385468603242;3.0;1385468603237258031
1385468603440;4.0;1385468603438948705
1385468603641;3.0;1385468603639388158
1385468603843;4.0;1385468603841445043
1385468604044;2.0;1385468604042616918
1385468604861;4.0;1385468604848342015
1385468605051;13.0;1385468605049513890
1385468605263;11.0;1385468605251936986
1385468605656;10.0;1385468605653914525
1385468605857;8.0;1385468605855361058
1385468606058;7.0;1385468606057375273
1385468606463;6.0;1385468606460115752
1385468606664;7.0;1385468606661348662
1385468606865;9.0;1385468606863008818
1385468607872;29.0;1385468607869991264
1385468608073;36.0;1385468608071437797
1385468608291;11.0;1385468608272945365
1385468608476;16.0;1385468608474056205
1385468608677;24.0;1385468608675380668
1385468608883;16.0;1385468608877101859
1385468609081;14.0;1385468609078670463
1385468609281;16.0;1385468609279811820
1385468609693;15.0;1385468609682887992
1385468609892;13.0;1385468609884975395
1385468610289;14.0;1385468610287013969
1385468610490;17.0;1385468610488613090
1385468610692;14.0;1385468610689815482
1385468611094;17.0;1385468611092879889
1385468611296;14.0;1385468611294509528
1385468611497;22.0;1385468611495833991
1385468611720;41.0;1385468611697372077
1385468611900;45.0;1385468611898330329
1385468612102;47.0;1385468612100356696
1385468612304;31.0;1385468612301650641
1385468612512;12.0;1385468612503457426
1385468612706;10.0;1385468612704415678
1385468612907;8.0;1385468612905984282
1385468613113;7.0;1385468613107552885
1385468613311;44.0;1385468613309012096
1385468613713;35.0;1385468613711722057
1385468613915;36.0;1385468613913168590
1385468614317;32.0;1385468614315848033
1385468614520;27.0;1385468614517660777
1385468614726;14.0;1385468614719626109
1385468614923;11.0;1385468614920334259
1385468615123;9.0;1385468615121384063
1385468615325;7.0;1385468615323349395
1385468615727;8.0;1385468615726132800
1385468616136;9.0;1385468616128812244
1385468616534;10.0;1385468616531857898
1385468616941;9.0;1385468616935269763
1385468617541;11.0;1385468617539023953
1385468618144;13.0;1385468618142844753
1385468618348;16.0;1385468618344749050
1385468618547;21.0;1385468618545646267
1385468618749;16.0;1385468618747611599
1385468618951;13.0;1385468618948600369
1385468619152;14.0;1385468619150016384
1385468619380;9.0;1385468619351768093
1385468619554;8.0;1385468619552756863
1385468619756;9.0;1385468619754325466
1385468619958;10.0;1385468619955863552
1385468620176;11.0;1385468620157035427
1385468620763;12.0;1385468620761973380
1385468620968;13.0;1385468620963389396
1385468621166;17.0;1385468621164500235
1385468621372;14.0;1385468621367106437
1385468621575;13.0;1385468621568888663
1385468621771;17.0;1385468621769053458
1385468621984;21.0;1385468621970316886
1385468622173;19.0;1385468622171513354
1385468622375;14.0;1385468622373356615
1385468622577;10.0;1385468622574833666
1385468622778;9.0;1385468622775975024
1385468623182;11.0;1385468623178715502
1385468623792;9.0;1385468623783970629
1385468624187;8.0;1385468624185826098
1385468624591;7.0;1385468624589024340
1385468624994;8.0;1385468624991856371
1385468625226;9.0;1385468625193260222
1385468625799;8.0;1385468625797660857
1385468626002;7.0;1385468625999198943
1385468626201;6.0;1385468626200248747
1385468626811;8.0;1385468626805467282
1385468627209;9.0;1385468627207688962
1385468627613;10.0;1385468627610307370
1385468627820;9.0;1385468627811692868
1385468628418;8.0;1385468628416246091
1385468629023;9.0;1385468629020494138
1385468629224;6.0;1385468629221635495
1385468629430;9.0;1385468629424119626
1385468629828;8.0;1385468629826432859
1385468630230;7.0;1385468630229253186
1385468630835;9.0;1385468630833409680
1385468631440;8.0;1385468631438146008
1385468631642;9.0;1385468631639464430
1385468632045;10.0;1385468632042265944
1385468632245;11.0;1385468632243407301
1385468633054;9.0;1385468633050060915
1385468633252;8.0;1385468633250836061
1385468633856;9.0;1385468633854901003
1385468634060;10.0;1385468634056677761
1385468634662;11.0;1385468634661047878
1385468635266;10.0;1385468635265064412
1385468636081;11.0;1385468636070942098
1385468636273;12.0;1385468636271961385
1385468636476;10.0;1385468636473615753
1385468636677;11.0;1385468636675153839
1385468636878;10.0;1385468636876295197
1385468637285;8.0;1385468637280574401
1385468637885;9.0;1385468637883510192
1385468638114;10.0;1385468638086146911
1385468638288;11.0;1385468638286769469
1385468639095;10.0;1385468639092763156
1385468639703;9.0;1385468639696871370
1385468640101;7.0;1385468640099581331
1385468640308;10.0;1385468640302034944
1385468640907;8.0;1385468640905123323
1385468641125;9.0;1385468641106417269
1385468641310;10.0;1385468641308254739
1385468641714;11.0;1385468641711147805
1385468641913;10.0;1385468641912136575
1385468642519;9.0;1385468642517312657
1385468643123;10.0;1385468643121133458
1385468643324;11.0;1385468643322488438
1385468643930;10.0;1385468643926608683
1385468644130;9.0;1385468644128329875
1385468644332;10.0;1385468644329593303
1385468644735;7.0;1385468644732682207
1385468644935;8.0;1385468644933951824
1385468645137;9.0;1385468645135245769
1385468645338;10.0;1385468645336936443
1385468645540;11.0;1385468645538382976
1385468645746;13.0;1385468645739903306
1385468645943;12.0;1385468645941441392
1385468646145;8.0;1385468646142741735
1385468646555;7.0;1385468646545482214
1385468646748;8.0;1385468646747020300
1385468646955;9.0;1385468646949395340
1385468647152;10.0;1385468647150201004
1385468647353;8.0;1385468647351617020
1385468647555;11.0;1385468647553033035
1385468648158;10.0;1385468648157067459
1385468648360;9.0;1385468648358483475
1385468648562;8.0;1385468648560199173
1385468648764;9.0;1385468648761706742
1385468648965;10.0;1385468648962970169
1385468649166;13.0;1385468649163989456
1385468649769;12.0;1385468649768470303
1385468650379;27.0;1385468650373481289
1385468650580;12.0;1385468650575032403
1385468650777;15.0;1385468650775654962
1385468650986;17.0;1385468650977864435
1385468651181;11.0;1385468651178517511
1385468651381;9.0;1385468651379841974
1385468651583;7.0;1385468651581593683
1385468651785;8.0;1385468651782765558
1385468651994;10.0;1385468651984944513
1385468652590;11.0;1385468652588575974
1385468652992;10.0;1385468652991359743
1385468653195;9.0;1385468653193172488
1385468653597;8.0;1385468653595766682
1385468654007;9.0;1385468653999514241
1385468654201;10.0;1385468654200119118
1385468654403;11.0;1385468654401535134
1385468654606;9.0;1385468654602896450
1385468654806;10.0;1385468654804678676
1385468655410;8.0;1385468655408725925
1385468656020;9.0;1385468656013462253
1385468656216;10.0;1385468656214176364
1385468656417;11.0;1385468656415775485
1385468657431;10.0;1385468657423856562
1385468658229;7.0;1385468658228617779
1385468658438;11.0;1385468658431040874
1385468658834;10.0;1385468658832957378
1385468659237;9.0;1385468659235667339
1385468659439;8.0;1385468659437413308
1385468660050;9.0;1385468660042698953
1385468660446;11.0;1385468660444597803
1385468660647;13.0;1385468660646013819
1385468660853;9.0;1385468660847307764
1385468661453;10.0;1385468661451647364
1385468662063;9.0;1385468662057232962
1385468662263;8.0;1385468662257275687
1385468662462;7.0;1385468662458783255
1385468663073;9.0;1385468663064050701
1385468663266;10.0;1385468663264612224
1385468663670;15.0;1385468663667474773
1385468663871;17.0;1385468663868799236
1385468664073;11.0;1385468664070611980
1385468664279;10.0;1385468664272480191
1385468664475;15.0;1385468664473102749
1385468664676;22.0;1385468664674701871
1385468664877;21.0;1385468664876026333
1385468665084;9.0;1385468665077607507
1385468665318;10.0;1385468665279023522
1385468665482;8.0;1385468665479920739
1385468665686;11.0;1385468665682374353
1385468665890;9.0;1385468665883149499
1385468666488;7.0;1385468666487428063
1385468666902;9.0;1385468666890406785
1385468667098;10.0;1385468667092372117
1385468667502;12.0;1385468667495918693
1385468667699;13.0;1385468667696175040
1385468668106;17.0;1385468668099586906
1385468668303;21.0;1385468668300453605
1385468668503;18.0;1385468668501869620
1385468668706;17.0;1385468668703285636
1385468669116;14.0;1385468669107118668
1385468669308;19.0;1385468669307619156
1385468669511;20.0;1385468669509218277
1385468669712;21.0;1385468669710542740
1385468669913;22.0;1385468669911879914
1385468670115;23.0;1385468670113692658
1385468670326;22.0;1385468670314834015
1385468670518;16.0;1385468670516402619
1385468670719;19.0;1385468670717666046
1385468670924;16.0;1385468670919051544
1385468671128;11.0;1385468671121657746
1385468671324;10.0;1385468671321944611
1385468671526;9.0;1385468671523324350
1385468672331;10.0;1385468672329214612
1385468672533;13.0;1385468672530447522
1385468672740;12.0;1385468672731924573
1385468672943;11.0;1385468672933645765
1385468673268;14.0;1385468673134878675
1385468673338;15.0;1385468673336355726
1385468673540;8.0;1385468673537893812
1385468674144;10.0;1385468674142105336
1385468675155;12.0;1385468675149228678
1385468675352;11.0;1385468675350766764
1385468675554;10.0;1385468675551847086
1385468675755;9.0;1385468675753476725
1385468676359;7.0;1385468676357871508
1385468676561;11.0;1385468676559104418
1385468677165;10.0;1385468677163761885
1385468677572;9.0;1385468677566325683
1385468677775;8.0;1385468677769053954
1385468678172;9.0;1385468678170756835
1385468678375;11.0;1385468678372215990
1385468678579;10.0;1385468678574425463
1385468678781;11.0;1385468678776055102
1385468679382;10.0;1385468679379509692
1385468679583;9.0;1385468679580437426
1385468679984;4.0;1385468679983477282
1385468680186;8.0;1385468680184923816
1385468680388;9.0;1385468680386461902
1385468680590;10.0;1385468680588396716
1385468680791;7.0;1385468680789489693
1385468681193;9.0;1385468681192053357
1385468681597;10.0;1385468681594976941
1385468681999;11.0;1385468681997974290
1385468682205;10.0;1385468682200458421
1385468682404;9.0;1385468682400989427
1385468683208;8.0;1385468683206500901
1385468683436;9.0;1385468683407947435
1385468683611;7.0;1385468683609235478
1385468683812;10.0;1385468683810895634
1385468684014;9.0;1385468684012433720
1385468684618;7.0;1385468684616511295
1385468685021;8.0;1385468685019495914
1385468685229;10.0;1385468685222102115
1385468685424;13.0;1385468685422388981
1385468685625;21.0;1385468685623438785
1385468685830;27.0;1385468685825001666
1385468686029;28.0;1385468686026905963
1385468686230;25.0;1385468686228138873
1385468686431;19.0;1385468686429615924
1385468686634;15.0;1385468686630891998
1385468686835;13.0;1385468686832460602
1385468687034;10.0;1385468687033601959
1385468687237;5.0;1385468687235353668
1385468687443;10.0;1385468687437593658
1385468687842;11.0;1385468687839571197
1385468688042;10.0;1385468688040865143
1385468688647;9.0;1385468688645656413
1385468689252;10.0;1385468689249733993
1385468689655;11.0;1385468689652572205
1385468690258;12.0;1385468690256894505
1385468690461;11.0;1385468690458188450
1385468690864;9.0;1385468690861142552
1385468691064;10.0;1385468691062558567
1385468691265;9.0;1385468691263974583
1385468691677;8.0;1385468691666592991
1385468692278;9.0;1385468692271842035
1385468692675;10.0;1385468692673923676
1385468693078;11.0;1385468693076603120
1385468693280;10.0;1385468693278385346
1385468693481;9.0;1385468693479679292
1385468694495;6.0;1385468694487791002
1385468694690;10.0;1385468694688474595
1385468695092;9.0;1385468695091441458
1385468695700;8.0;1385468695696055715
1385468696301;9.0;1385468696299968069
1385468696503;10.0;1385468696501414602
1385468697712;9.0;1385468697709734183
1385468698113;4.0;1385468698112657767
1385468698316;8.0;1385468698314348441
1385468698517;9.0;1385468698515611869
1385468698724;10.0;1385468698717912894
1385468699323;9.0;1385468699321544802
1385468699726;8.0;1385468699724376834
1385468700347;9.0;1385468700329675469
1385468700934;8.0;1385468700932580742
1385468701555;10.0;1385468701537341525
1385468706776;12.0;1385468706773849127
1385468706978;8.0;1385468706976126771
1385468707180;7.0;1385468707177329164
1385468707385;6.0;1385468707379111390
1385468707791;7.0;1385468707781558998
1385468707985;9.0;1385468707983249672
1385468708389;8.0;1385468708386081703
1385468708993;9.0;1385468708990238197
1385468709206;10.0;1385468709191684731
1385468709596;11.0;1385468709594693867
1385468709804;13.0;1385468709796079365
1385468710402;14.0;1385468710400309400
1385468710604;20.0;1385468710601816969
1385468710806;19.0;1385468710803080397
1385468711006;24.0;1385468711004465895
1385468711208;21.0;1385468711206126051
1385468711416;16.0;1385468711407542066
1385468711615;15.0;1385468711608866529
1385468711813;17.0;1385468711810185240
1385468712013;14.0;1385468712011906431
1385468712215;13.0;1385468712213139341
1385468712416;12.0;1385468712414616392
1385468712618;11.0;1385468712616001890
1385468713021;12.0;1385468713018742368
1385468713222;13.0;1385468713220555113
1385468713424;14.0;1385468713421635435
1385468713826;15.0;1385468713824467466
1385468714028;14.0;1385468714026066587
1385468714228;11.0;1385468714227177427
1385468714430;10.0;1385468714428623960
1385468714833;11.0;1385468714831608579
1385468715236;12.0;1385468715234947577
1385468715438;14.0;1385468715436027899
1385468715639;16.0;1385468715637779608
1385468716059;14.0;1385468716040581122
1385468716848;15.0;1385468716846330650
1385468717049;17.0;1385468717047563560
1385468717251;20.0;1385468717249071129
1385468717453;19.0;1385468717450365074
1385468717657;21.0;1385468717651964195
1385468718056;24.0;1385468718054491050
1385468718257;22.0;1385468718255876549
1385468718661;19.0;1385468718658861168
1385468718862;18.0;1385468718860399254
1385468719064;19.0;1385468719061693199
1385468719265;20.0;1385468719263139732
1385468719467;17.0;1385468719464525230
1385468719667;14.0;1385468719666081757
1385468719890;29.0;1385468719867650361
1385468720071;23.0;1385468720069279999
1385468720272;13.0;1385468720270543427
1385468720474;14.0;1385468720472081513
1385468720675;16.0;1385468720673314423
1385468720877;17.0;1385468720875035615
1385468721079;20.0;1385468721076238007
1385468721485;17.0;1385468721478789656
1385468721690;15.0;1385468721680663436
1385468722489;16.0;1385468722486144393
1385468723102;15.0;1385468723090606063
1385468723696;14.0;1385468723694579451
1385468724099;16.0;1385468724097442000
1385468724301;19.0;1385468724299224227
1385468724503;21.0;1385468724500841911
1385468724703;23.0;1385468724702257926
1385468724906;24.0;1385468724903551871
1385468725107;22.0;1385468725104937369
1385468725308;21.0;1385468725306414420
1385468725509;20.0;1385468725507616813
1385468726517;21.0;1385468726515179138
1385468726717;18.0;1385468726716137390
1385468726919;17.0;1385468726917901547
1385468727121;16.0;1385468727119439633
1385468727732;18.0;1385468727723443539
1385468728132;21.0;1385468728126641782
1385468728334;17.0;1385468728328362973
1385468728732;14.0;1385468728730853498
1385468728935;17.0;1385468728932116925
1385468729135;19.0;1385468729133777082
1385468729336;21.0;1385468729334961652
1385468729538;24.0;1385468729536835431
1385468729739;22.0;1385468729737824201
1385468729969;20.0;1385468729939575910
1385468730142;17.0;1385468730140534161
1385468730344;24.0;1385468730342407941
1385468730545;23.0;1385468730543549298
1385468730747;20.0;1385468730745026349
1385468730948;18.0;1385468730946619508
1385468731150;19.0;1385468731148218629
1385468731351;22.0;1385468731349359987
1385468731553;23.0;1385468731550867555
1385468731755;26.0;1385468731752039430
1385468731960;28.0;1385468731953638551
1385468732157;31.0;1385468732155298708
1385468732358;28.0;1385468732356470583
1385468732561;29.0;1385468732558039186
1385468733366;30.0;1385468733363703249
1385468733566;29.0;1385468733564753053
1385468733768;22.0;1385468733766382692
1385468733971;20.0;1385468733967859743
1385468734373;22.0;1385468734371229280
1385468734574;29.0;1385468734572309602
1385468734777;25.0;1385468734773969759
1385468734988;23.0;1385468734975172151
1385468735380;26.0;1385468735378278841
1385468735784;27.0;1385468735781257529
1385468735984;24.0;1385468735982185264
1385468736185;21.0;1385468736183875937
1385468736387;19.0;1385468736385444541
1385468736588;18.0;1385468736586842613
1385468736789;21.0;1385468736788136558
1385468736991;24.0;1385468736989522056
1385468737600;27.0;1385468737594044761
1385468737797;25.0;1385468737795216636
1385468737998;22.0;1385468737996541099
1385468738201;20.0;1385468738198317453
1385468738420;23.0;1385468738399825022
1385468738602;22.0;1385468738601057932
1385468738804;24.0;1385468738802443430
1385468739006;32.0;1385468739003933135
1385468739207;28.0;1385468739205379668
1385468739408;24.0;1385468739407039824
1385468739615;21.0;1385468739608150664
1385468739812;20.0;1385468739809627715
1385468740013;21.0;1385468740010860625
1385468740214;22.0;1385468740212398711
1385468740415;23.0;1385468740413906279
1385468740641;24.0;1385468740615560577
1385468741222;23.0;1385468741219991730
1385468741624;22.0;1385468741622561964
1385468741825;20.0;1385468741823825391
1385468742229;21.0;1385468742227054151
1385468742430;22.0;1385468742428195509
1385468742632;23.0;1385468742629733595
1385468743236;20.0;1385468743234158700
1385468743436;19.0;1385468743435574716
1385468743638;18.0;1385468743637021249
1385468744043;19.0;1385468744039804864
1385468744243;20.0;1385468744241190362
1385468744646;21.0;1385468744644205499
1385468744847;22.0;1385468744845377374
1385468745250;21.0;1385468745248026299
1385468746257;22.0;1385468746255815288
1385468746459;24.0;1385468746457048198
1385468746667;26.0;1385468746658616802
1385468746861;28.0;1385468746859514019
1385468747267;27.0;1385468747262529156
1385468747472;22.0;1385468747464189312
1385468747675;27.0;1385468747665330669
1385468747872;22.0;1385468747867260053
1385468748070;17.0;1385468748068523481
1385468748273;19.0;1385468748270214155
1385468748472;21.0;1385468748471263959
1385468748876;28.0;1385468748874475007
1385468749077;40.0;1385468749075463777
1385468749279;37.0;1385468749277246004
1385468749480;32.0;1385468749478356843
1385468749682;27.0;1385468749680047517
1385468749884;37.0;1385468749881310945
1385468750084;42.0;1385468750082940584
1385468750487;36.0;1385468750485705702
1385468750719;34.0;1385468750687152235
1385468750891;30.0;1385468750888293592
1385468751093;29.0;1385468751090149233
1385468751294;32.0;1385468751291382143
1385468751494;28.0;1385468751493011782
1385468751700;30.0;1385468751694092104
1385468752107;29.0;1385468752097351381
1385468752301;27.0;1385468752298645327
1385468752502;26.0;1385468752500183413
1385468752703;25.0;1385468752701715866
1385468752912;24.0;1385468752902979294
1385468753508;25.0;1385468753507087581
1385468753918;26.0;1385468753909980647
1385468754113;23.0;1385468754111518733
1385468754524;22.0;1385468754514320247
1385468754717;21.0;1385468754715644710
1385468755121;22.0;1385468755119050472
1385468755528;23.0;1385468755521607845
1385468755724;24.0;1385468755722840756
1385468755926;25.0;1385468755924635560
1385468756128;26.0;1385468756126021058
1385468756329;24.0;1385468756327559144
1385468756731;23.0;1385468756730024964
1385468756943;22.0;1385468756931563050
1385468757537;19.0;1385468757535835843
1385468757739;23.0;1385468757737251858
1385468758142;20.0;1385468758140480618
1385468758544;21.0;1385468758543020238
1385468758845;26.0;1385468758744192113
1385468758947;32.0;1385468758945608128
1385468759350;29.0;1385468759348684300
1385468759552;26.0;1385468759550191869
1385468759753;28.0;1385468759751516331
1385468759954;23.0;1385468759953109673
1385468760379;21.0;1385468760356033257
1385468760560;22.0;1385468760557327203
1385468760760;29.0;1385468760759030386
1385468760962;33.0;1385468760960415884
1385468761164;36.0;1385468761161923452
1385468761365;25.0;1385468761363034292
1385468761566;22.0;1385468761564602896
1385468761768;26.0;1385468761766171499
1385468761969;24.0;1385468761967434927
1385468762372;27.0;1385468762370321929
1385468762776;26.0;1385468762773184478
1385468762976;23.0;1385468762974478423
1385468763179;22.0;1385468763176047026
1385468763379;20.0;1385468763377463042
1385468763580;24.0;1385468763578604399
1385468764184;25.0;1385468764182669341
1385468764387;26.0;1385468764384695708
1385468764587;22.0;1385468764585714995
1385468764789;16.0;1385468764787405669
1385468764991;19.0;1385468764988638579
1385468765418;20.0;1385468765392099727
1385468765798;21.0;1385468765794962276
1385468765997;23.0;1385468765996103633
1385468766200;19.0;1385468766197855342
1385468766401;27.0;1385468766399027217
1385468766603;24.0;1385468766600443233
1385468766805;29.0;1385468766801889766
1385468767005;33.0;1385468767003453093
1385468767206;36.0;1385468767204563933
1385468827032;10.0;1385468827030442899
1385468827233;14.0;1385468827231950468
1385468827838;16.0;1385468827836442655
1385468828442;18.0;1385468828440929092
1385468828644;27.0;1385468828642497695
1385468828845;50.0;1385468828843547500
1385468829046;57.0;1385468829045055068
1385468829248;52.0;1385468829246422983
1385468829450;54.0;1385468829448235727
1385468829651;61.0;1385468829649255015
1385468829853;71.0;1385468829850762583
1385468830055;79.0;1385468830052087046
1385468830261;78.0;1385468830253808237
1385468830456;67.0;1385468830454919077
1385468830663;83.0;1385468830656304575
1385468830860;87.0;1385468830858111222
1385468831061;88.0;1385468831059618790
1385468831264;86.0;1385468831260973770
1385468831665;84.0;1385468831663818073
1385468831866;82.0;1385468831865081500
1385468832112;78.0;1385468832066741657
1385468832269;74.0;1385468832267883014
1385468832672;71.0;1385468832670837116
1385468832874;72.0;1385468832872283649
1385468833081;74.0;1385468833073882770
1385468833277;72.0;1385468833275201203
1385468833680;74.0;1385468833678002717
1385468833880;79.0;1385468833879388215
1385468834284;82.0;1385468834282342316
1385468834487;84.0;1385468834483727814
1385468834686;87.0;1385468834684960725
1385468834888;90.0;1385468834886681916
1385468835089;93.0;1385468835087579133
1385468835291;101.0;1385468835289422395
1385468835493;102.0;1385468835490502717
1385468835693;87.0;1385468835691857697
1385468835895;86.0;1385468835893792512
1385468836098;89.0;1385468836095116975
1385468836299;86.0;1385468836296594025
1385468836499;89.0;1385468836498089392
1385468836705;87.0;1385468836699841101
1385468836903;86.0;1385468836901348669
1385468837104;87.0;1385468837102673132
1385468837305;84.0;1385468837303753454
1385468837507;83.0;1385468837505138952
1385468837708;82.0;1385468837706677038
1385468837910;84.0;1385468837908154089
1385468838111;85.0;1385468838109594856
1385468838513;84.0;1385468838512152229
1385468838716;83.0;1385468838713842903
1385468838917;82.0;1385468838915289436
1385468839118;84.0;1385468839116430794
1385468839320;83.0;1385468839318304573
1385468839522;90.0;1385468839519537483
1385468839723;92.0;1385468839721106087
1385468839924;95.0;1385468839922247444
1385468840133;90.0;1385468840123999153
1385468840337;87.0;1385468840325293098
1385468840528;86.0;1385468840526678596
1385468841335;87.0;1385468841332879964
1385468841536;89.0;1385468841533899251
1385468841738;87.0;1385468841735742513
1385468841945;86.0;1385468841936700765
1385468842144;87.0;1385468842138238850
1385468842342;89.0;1385468842340021077
1385468842542;87.0;1385468842541284505
1385468842945;88.0;1385468842944263155
1385468843147;90.0;1385468843145435030
1385468843349;92.0;1385468843347156222
1385468843551;93.0;1385468843548267061
1385468843752;92.0;1385468843749866183
1385468843953;89.0;1385468843951099093
1385468844173;86.0;1385468844152393038
1385468844355;84.0;1385468844353748018
1385468844758;85.0;1385468844756915743
1385468844960;87.0;1385468844958423311
1385468845162;86.0;1385468845159808809
1385468845364;88.0;1385468845361224825
1385468845564;89.0;1385468845562244112
1385468845767;90.0;1385468845764178927
1385468846169;89.0;1385468846167120903
1385468846573;85.0;1385468846570105522
1385468846774;81.0;1385468846771552056
1385468846978;82.0;1385468846972662895
1385468847377;85.0;1385468847375830620
1385468847780;86.0;1385468847778229469
1385468847986;87.0;1385468847980011696
1385468848184;86.0;1385468848181366677
1385468848586;87.0;1385468848584412331
1385468848787;89.0;1385468848785553688
1385468848989;87.0;1385468848987030739
1385468849203;86.0;1385468849188355202
1385468849593;84.0;1385468849590973610
1385468849796;83.0;1385468849792877907
1385468850216;84.0;1385468850195740456
1385468850600;85.0;1385468850598236794
1385468850802;87.0;1385468850799347634
1385468851003;84.0;1385468851001300954
1385468851204;83.0;1385468851202625417
1385468851405;81.0;1385468851404285573
1385468851609;71.0;1385468851605762624
1385468851809;76.0;1385468851807392262
1385468852010;85.0;1385468852008594655
1385468852418;87.0;1385468852411335133
1385468852614;93.0;1385468852612897734
1385468852815;91.0;1385468852814191679
1385468853017;90.0;1385468853015638212
1385468853219;89.0;1385468853217084745
1385468853421;90.0;1385468853418805937
1385468853622;89.0;1385468853619794706
1385468853824;88.0;1385468853821637968
1385468854226;91.0;1385468854224469999
1385468854427;89.0;1385468854425519804
1385468854629;92.0;1385468854626783232
1385468854836;90.0;1385468854828657011
1385468855033;88.0;1385468855029737333
1385468855234;86.0;1385468855231366972
1385468855434;85.0;1385468855432569365
1385468855636;83.0;1385468855634767209
1385468856039;84.0;1385468856037355099
1385468856245;86.0;1385468856238649045
1385468856442;87.0;1385468856440095578
1385468856645;88.0;1385468856641633664
1385468856844;89.0;1385468856842958127
1385468857247;87.0;1385468857245936678
1385468857651;86.0;1385468857648768709
1385468857877;84.0;1385468857850245760
1385468858053;81.0;1385468858051509188
1385468858256;85.0;1385468858253230379
1385468858456;84.0;1385468858454310702
1385468858659;83.0;1385468858656062410
1385468858859;84.0;1385468858857203768
1385468859060;86.0;1385468859058619784
1385468859664;87.0;1385468859662898348
1385468859865;89.0;1385468859864039705
1385468860068;88.0;1385468860065791414
1385468860275;87.0;1385468860267298983
1385468860672;85.0;1385468860670454699
1385468861280;87.0;1385468861274702746
1385468861477;90.0;1385468861475844103
1385468861679;92.0;1385468861677290637
1385468862083;91.0;1385468862080360821
1385468862284;90.0;1385468862282051495
1385468862484;87.0;1385468862483284405
1385468862686;86.0;1385468862684944561
1385468863291;87.0;1385468863289052925
1385468863491;90.0;1385468863490224800
1385468863695;93.0;1385468863692007026
1385468863895;96.0;1385468863893209419
1385468864506;95.0;1385468864497848103
1385468864703;93.0;1385468864698928425
1385468864911;92.0;1385468864900527546
1385468865105;89.0;1385468865101882527
1385468865305;91.0;1385468865303555324
1385468865509;97.0;1385468865504879787
1385468866112;99.0;1385468866108883693
1385468866330;100.0;1385468866310543849
1385468866513;103.0;1385468866511654689
1385468866715;98.0;1385468866713223292
1385468866916;95.0;1385468866915060724
1385468867118;97.0;1385468867116354669
1385468867320;102.0;1385468867317679132
1385468867520;105.0;1385468867519278253
1385468867723;100.0;1385468867720554330
1385468867925;99.0;1385468867922214486
1385468868124;95.0;1385468868123203255
1385468868328;99.0;1385468868324893929
1385468868528;101.0;1385468868526340462
1385468868729;103.0;1385468868727664925
1385468868935;105.0;1385468868929050423
1385468869132;102.0;1385468869130191781
1385468869536;100.0;1385468869533445135
1385468869737;99.0;1385468869735074774
1385468870342;102.0;1385468870339213272
1385468870542;105.0;1385468870540842910
1385468871146;102.0;1385468871144785781
1385468871348;98.0;1385468871346537490
1385468871549;100.0;1385468871547556778
1385468871752;101.0;1385468871749058434
1385468871953;98.0;1385468871950627038
1385468872154;96.0;1385468872152073571
1385468872354;99.0;1385468872353184411
1385468872556;100.0;1385468872555058190
1385468872758;105.0;1385468872756230065
1385468872960;104.0;1385468872957920739
1385468873162;103.0;1385468873159092614
1385468873362;101.0;1385468873360447594
1385468873563;99.0;1385468873561894128
1385468873967;100.0;1385468873965000817
1385468874167;97.0;1385468874166142174
1385468874371;95.0;1385468874367710778
1385468875177;96.0;1385468875173332785
1385468875388;97.0;1385468875374962424
1385468875578;98.0;1385468875576347922
1385468875781;97.0;1385468875777886008
1385468875985;98.0;1385468875979424094
1385468876182;95.0;1385468876180595969
1385468876385;101.0;1385468876382256125
1385468876585;104.0;1385468876583605969
1385468876988;102.0;1385468876986254895
1385468877395;100.0;1385468877389343749
1385468877592;98.0;1385468877590912353
1385468877794;102.0;1385468877792236815
1385468877996;108.0;1385468877993835936
1385468878196;102.0;1385468878194763671
1385468878397;99.0;1385468878396393310
1385468878604;102.0;1385468878597748290
1385468879008;101.0;1385468879000757854
1385468879204;100.0;1385468879202387493
1385468879405;101.0;1385468879403772991
1385468879611;102.0;1385468879605311077
1385468879808;104.0;1385468879806526552
1385468880015;105.0;1385468880008217226
1385468880212;104.0;1385468880209267031
1385468880412;103.0;1385468880410805117
1385468880613;101.0;1385468880612221132
1385468880822;99.0;1385468880813637148
1385468881219;100.0;1385468881216347109
1385468881421;101.0;1385468881418092776
1385468881621;103.0;1385468881619447756
1385468881822;104.0;1385468881820863772
1385468882024;105.0;1385468882022218752
1385468882225;101.0;1385468882223861231
1385468882428;98.0;1385468882425368800
1385468882628;99.0;1385468882626784815
1385468883233;98.0;1385468883230819239
1385468883435;95.0;1385468883432540430
1385468883635;99.0;1385468883633834376
1385468883837;100.0;1385468883835335896
1385468884038;99.0;1385468884036996052
1385468884442;98.0;1385468884439828083
1385468884642;96.0;1385468884641012711
1385468884844;95.0;1385468884842642350
1385468885045;96.0;1385468885043875260
1385468885247;98.0;1385468885245321794
1385468963625;73.0;1385468963615646465
1385468963806;80.0;1385468963804275616
1385468964008;89.0;1385468964006363018
1385468964208;96.0;1385468964207321270
1385468964411;101.0;1385468964408963457
1385468964612;108.0;1385468964610837236
1385468965015;111.0;1385468965013584122
1385468965216;112.0;1385468965214450822
1385468965418;117.0;1385468965416324601
1385468965620;109.0;1385468965617722779
1385468965826;118.0;1385468965819443970
1385468966022;119.0;1385468966020310669
1385468966225;123.0;1385468966222276001
1385468966426;125.0;1385468966423386841
1385468966833;120.0;1385468966826188355
1385468967232;118.0;1385468967229136682
1385468967432;114.0;1385468967430674768
1385468967633;110.0;1385468967631968713
1385468968041;112.0;1385468968034996334
1385468968238;113.0;1385468968236320797
1385468968439;115.0;1385468968437889400
1385468968641;116.0;1385468968639122311
1385468968843;122.0;1385468968840812984
1385468969044;128.0;1385468969042015377
1385468969255;125.0;1385468969243126217
1385468969446;124.0;1385468969444633785
1385468969850;123.0;1385468969848009143
1385468970051;124.0;1385468970049272571
1385468970252;129.0;1385468970250688586
1385468970453;130.0;1385468970451965319
1385468970858;128.0;1385468970854919420
1385468971057;125.0;1385468971056243883
1385468971277;121.0;1385468971258056627
1385468971462;119.0;1385468971459228502
1385468971662;116.0;1385468971660491930
1385468971864;115.0;1385468971862091051
1385468972067;116.0;1385468972063867999
1385468972267;115.0;1385468972265009356
1385468972468;117.0;1385468972466455890
1385468972669;120.0;1385468972667719317
1385468972871;117.0;1385468972869452883
1385468973073;115.0;1385468973070624758
1385468973274;114.0;1385468973272261065
1385468973677;115.0;1385468973675276201
1385468973878;118.0;1385468973876295488
1385468974080;119.0;1385468974078151193
1385468974281;118.0;1385468974279384103
1385468974482;115.0;1385468974480617013
1385468974683;114.0;1385468974682307687
1385468975086;116.0;1385468975084987131
1385468975489;118.0;1385468975487727609
1385468975691;119.0;1385468975689442964
1385468975893;118.0;1385468975890950532
1385468976103;117.0;1385468976092458101
1385468976501;114.0;1385468976495363812
1385468976704;117.0;1385468976696566205
1385468976899;118.0;1385468976897921185
1385468977101;119.0;1385468977099306683
1385468977302;120.0;1385468977300814251
1385468977906;119.0;1385468977905086803
1385468978515;117.0;1385468978509701061
1385468978712;116.0;1385468978710763689
1385468979116;119.0;1385468979113839861
1385468979326;121.0;1385468979315469500
1385468979518;123.0;1385468979516549822
1385468979720;125.0;1385468979718026873
1385468979922;126.0;1385468979919778582
1385468980124;120.0;1385468980120858904
1385468980526;119.0;1385468980524081840
1385468980727;121.0;1385468980725467338
1385468981129;124.0;1385468981128037264
1385468981331;125.0;1385468981329453280
1385468981733;126.0;1385468981732346346
1385468982273;125.0;1385468981933487703
1385468982338;127.0;1385468982336563875
1385468982539;125.0;1385468982537766268
1385468982943;124.0;1385468982941019945
1385468983144;125.0;1385468983142435961
1385468983346;126.0;1385468983344187670
1385468983546;128.0;1385468983545036116
1385468983748;119.0;1385468983746787825
1385468983950;123.0;1385468983948234359
1385468984354;125.0;1385468984351096907
1385468984756;126.0;1385468984754081527
1385468984966;125.0;1385468984955375472
1385468985159;124.0;1385468985157029833
1385468985563;121.0;1385468985559861865
1385468985767;119.0;1385468985761033740
1385468985964;118.0;1385468985962370967
1385468986169;120.0;1385468986164000606
1385468986568;121.0;1385468986566619014
1385468986775;123.0;1385468986768279170
1385468987172;124.0;1385468987171050166
1385468987374;119.0;1385468987372161006
1385468987777;120.0;1385468987775414264
1385468987978;122.0;1385468987976769244
1385468988180;124.0;1385468988178307330
1385468988381;126.0;1385468988379796928
1385468988584;127.0;1385468988580999320
1385468988784;126.0;1385468988782537406
1385468988986;125.0;1385468988984258598
1385468989214;123.0;1385468989185583061
1385468989388;122.0;1385468989386968559
1385468989590;121.0;1385468989588323539
1385468989792;122.0;1385468989789556449
1385468989994;124.0;1385468989991546565
1385468990194;127.0;1385468990192871028
1385468990395;128.0;1385468990394073420
1385468990597;129.0;1385468990595611506
1385468990799;130.0;1385468990796918123
1385468991001;127.0;1385468990998669832
1385468991201;128.0;1385468991199811189
1385468991605;127.0;1385468991602612703
1385468991806;128.0;1385468991804089753
1385468992410;129.0;1385468992408545573
1385468992612;130.0;1385468992609992107
1385468992814;128.0;1385468992811347087
1385468993014;122.0;1385468993012976726
1385468993215;118.0;1385468993214191703
1385468993417;119.0;1385468993415699271
1385468993619;120.0;1385468993617054252
1385468994424;122.0;1385468994422748832
1385468994626;118.0;1385468994623981742
1385468994827;117.0;1385468994825605373
1385468995437;119.0;1385468995430189113
1385468995634;120.0;1385468995631373764
1385468996036;118.0;1385468996034419418
1385468996237;117.0;1385468996235835434
1385468996645;115.0;1385468996638667465
1385468997043;116.0;1385468997041560531
1385468997244;118.0;1385468997242848555
1385468997668;121.0;1385468997645558516
1385468997849;122.0;1385468997847157637
1385468998056;123.0;1385468998048525193
1385468998251;117.0;1385468998249849656
1385468998453;114.0;1385468998451662401
1385468998654;113.0;1385468998652834276
1385468999057;114.0;1385468999055757859
1385468999258;115.0;1385468999257326463
1385468999488;117.0;1385468999458559373
1385468999666;119.0;1385468999660091517
1385468999863;121.0;1385468999861385463
1385469000072;120.0;1385469000062923548
1385469000265;119.0;1385469000264339564
1385469000467;118.0;1385469000465890555
1385469000673;116.0;1385469000667276053
1385469000870;115.0;1385469000868637230
1385469001273;117.0;1385469001271530296
1385469001474;118.0;1385469001472885277
1385469001676;121.0;1385469001674466637
1385469001878;118.0;1385469001875821618
1385469002280;117.0;1385469002278958825
1385469002482;116.0;1385469002480130700
1385469002885;117.0;1385469002882718590
1385469003094;118.0;1385469003084165123
1385469003690;117.0;1385469003688743256
1385469003891;116.0;1385469003889976166
1385469004094;117.0;1385469004091679306
1385469004294;118.0;1385469004293064804
1385469004698;120.0;1385469004695957870
1385469004899;121.0;1385469004897251815
1385469005100;122.0;1385469005098820419
1385469005503;117.0;1385469005501621932
1385469006107;118.0;1385469006106047267
1385469006511;121.0;1385469006508983521
1385469006719;123.0;1385469006710369019
1385469007115;122.0;1385469007113170532
1385469007315;121.0;1385469007314494995
1385469007718;120.0;1385469007717327027
1385469007920;119.0;1385469007918682007
1385469008325;121.0;1385469008321752073
1385469008726;123.0;1385469008724736692
1385469008927;125.0;1385469008926012738
1385469009129;122.0;1385469009127489789
1385469009341;121.0;1385469009328814251
1385469009532;120.0;1385469009530077679
1385469009934;121.0;1385469009933001263
1385469010136;122.0;1385469010134691937
1385469010544;124.0;1385469010537517981
1385469010761;126.0;1385469010739025550
1385469011144;124.0;1385469011141613440
1385469011546;123.0;1385469011544732965
1385469011759;121.0;1385469011746240533
1385469012352;124.0;1385469012350397027
1385469012553;123.0;1385469012551782525
1385469012755;126.0;1385469012753290094
1385469012956;124.0;1385469012954700096
1385469013159;123.0;1385469013156268700
1385469013359;122.0;1385469013357684715
1385469013565;123.0;1385469013559070213
1385469013763;124.0;1385469013760407154
1385469014164;123.0;1385469014163025562
1385469014366;122.0;1385469014364655201
1385469014567;121.0;1385469014566162769
1385469014769;120.0;1385469014767670338
1385469014970;119.0;1385469014968811695
1385469015373;121.0;1385469015372034895
1385469015776;123.0;1385469015774683820
1385469015978;124.0;1385469015976160871
1385469016179;126.0;1385469016177864248
1385469016381;122.0;1385469016379219228
1385469016583;121.0;1385469016580665761
1385469017012;122.0;1385469016983253652
1385469017186;123.0;1385469017184669668
1385469017591;125.0;1385469017587715322
1385469017790;126.0;1385469017789216800
1385469017993;127.0;1385469017990571781
1385469018194;125.0;1385469018192109866
1385469018395;124.0;1385469018393495364
1385469018596;123.0;1385469018595046178
1385469018797;122.0;1385469018796431676
1385469019402;124.0;1385469019400655459
1385469019603;125.0;1385469019602071475
1385469019805;130.0;1385469019803652855
1385469020006;129.0;1385469020004733178
1385469020208;128.0;1385469020206484887
1385469020409;127.0;1385469020407809350
1385469020610;125.0;1385469020609042260
1385469067141;104.0;1385469067140041403
1385469067344;115.0;1385469067342311911
1385469067544;130.0;1385469067543117575
1385469068180;129.0;1385469068147957794
1385469068556;128.0;1385469068550820343
1385469068754;126.0;1385469068751900665
1385469068956;121.0;1385469068953621857
1385469069156;40.0;1385469069154732697
1385469069359;20.0;1385469069356448262
1385469069560;19.0;1385469069557894795
1385469069762;15.0;1385469069759219258
1385469069962;76.0;1385469069960635273
1385469070163;84.0;1385469070162186561
1385469070365;58.0;1385469070363877235
1385469070566;70.0;1385469070565116499
1385469070769;85.0;1385469070766593550
1385469070969;104.0;1385469070967887495
1385469071171;113.0;1385469071169517134
1385469071372;112.0;1385469071370793261
1385469071601;111.0;1385469071572453418
1385469071775;109.0;1385469071773625293
1385469071977;108.0;1385469071975102343
1385469072178;107.0;1385469072176701464
1385469072395;108.0;1385469072377781787
1385469072580;103.0;1385469072579350390
1385469072781;97.0;1385469072780491748
1385469072984;84.0;1385469072982176719
1385469073185;63.0;1385469073183531699
1385469073386;62.0;1385469073385039267
1385469073588;60.0;1385469073586699424
1385469073791;61.0;1385469073788097613
1385469073992;45.0;1385469073989574664
1385469074192;31.0;1385469074191051715
1385469074394;40.0;1385469074392437213
1385469074597;64.0;1385469074593914263
1385469074797;92.0;1385469074795360797
1385469074998;99.0;1385469074996410601
1385469075200;101.0;1385469075197918170
1385469075410;96.0;1385469075399542048
1385469075603;99.0;1385469075601080134
1385469075805;89.0;1385469075802404597
1385469076005;84.0;1385469076003729060
1385469076207;82.0;1385469076205401689
1385469076408;73.0;1385469076406695635
1385469076811;72.0;1385469076809222490
1385469077013;70.0;1385469077011157305
1385469077616;73.0;1385469077615008623
1385469077818;79.0;1385469077816571241
1385469078019;90.0;1385469078017926221
1385469078422;86.0;1385469078420849805
1385469078624;84.0;1385469078622552721
1385469078825;73.0;1385469078823999254
1385469079031;67.0;1385469079025268838
1385469079228;60.0;1385469079227051065
1385469079430;58.0;1385469079428314493
1385469079632;62.0;1385469079629852579
1385469079832;58.0;1385469079830884422
1385469080050;42.0;1385469080032605614
1385469080236;25.0;1385469080234113182
1385469080438;22.0;1385469080435346092
1385469080638;16.0;1385469080636945213
1385469081243;18.0;1385469081241010155
1385469081444;22.0;1385469081442695021
1385469081646;49.0;1385469081643988966
1385469081857;85.0;1385469081845313429
1385469082049;91.0;1385469082046790480
1385469082278;79.0;1385469082248432834
1385469082476;103.0;1385469082449543674
1385469082662;112.0;1385469082651179687
1385469083133;110.0;1385469082852351562
1385469083458;112.0;1385469083456642713
1385469083861;114.0;1385469083859535780
1385469084063;117.0;1385469084061318006
1385469084264;115.0;1385469084262703504
1385469084467;112.0;1385469084464211073
1385469084667;110.0;1385469084665474500
1385469085271;111.0;1385469085269472373
1385469085688;112.0;1385469085672640098
1385469085876;114.0;1385469085874282581
1385469086688;113.0;1385469086679824573
1385469086882;111.0;1385469086881057483
1385469087084;110.0;1385469087082412464
1385469087286;109.0;1385469087284042102
1385469087487;111.0;1385469087485726883
1385469087694;109.0;1385469087686837723
1385469088169;114.0;1385469087888253738
1385469088197;112.0;1385469088089395096
1385469088494;111.0;1385469088492300458
1385469088695;109.0;1385469088693777509
1385469088897;87.0;1385469088895529218
1385469089098;74.0;1385469089096823163
1385469089301;67.0;1385469089298391767
1385469089502;68.0;1385469089499807782
1385469089707;71.0;1385469089701284833
1385469089904;75.0;1385469089902664676
1385469090106;77.0;1385469090104416385
1385469090307;80.0;1385469090305588260
1385469090508;86.0;1385469090507004275
1385469090717;95.0;1385469090708616112
1385469090911;104.0;1385469090909696434
1385469091113;111.0;1385469091111600731
1385469091314;115.0;1385469091312711571
1385469091516;111.0;1385469091514432763
1385469091725;108.0;1385469091715665673
1385469092121;110.0;1385469092118314599
1385469092321;112.0;1385469092319999428
1385469092523;113.0;1385469092521537514
1385469092724;115.0;1385469092722770425
1385469093022;116.0;1385469092924033852
1385469093328;115.0;1385469093327030994
1385469093731;114.0;1385469093729801990
1385469093939;112.0;1385469093931462147
1385469094136;111.0;1385469094132817127
1385469094336;110.0;1385469094334263660
1385469094537;111.0;1385469094535740711
1385469094740;110.0;1385469094737059074
1385469095142;108.0;1385469095140013176
1385469095342;105.0;1385469095341215568
1385469095544;103.0;1385469095542796959
1385469095746;100.0;1385469095744212975
1385469095948;96.0;1385469095945964684
1385469096149;95.0;1385469096147106041
1385469096350;100.0;1385469096348644127
1385469096552;111.0;1385469096550151695
1385469096753;113.0;1385469096751598229
1385469096975;115.0;1385469096952953209
1385469097359;114.0;1385469097355809878
1385469097760;113.0;1385469097758763980
1385469098051;111.0;1385469097959887552
1385469098165;110.0;1385469098161517191
1385469098365;111.0;1385469098362665012
1385469098566;115.0;1385469098564721897
1385469098767;110.0;1385469098765771702
1385469099373;112.0;1385469099370276911
1385469099775;114.0;1385469099773206674
1385469099986;115.0;1385469099974409067
1385469100380;114.0;1385469100377192757
1385469100582;113.0;1385469100578547737
1385469100785;112.0;1385469100780146859
1385469100983;111.0;1385469100981593392
1385469101185;110.0;1385469101183223030
1385469101588;112.0;1385469101586024544
1385469101991;114.0;1385469101988942208
1385469102191;117.0;1385469102190053048
1385469102395;114.0;1385469102391682686
1385469102596;112.0;1385469102593312325
1385469102795;111.0;1385469102794435679
1385469103199;110.0;1385469103197426799
1385469103401;91.0;1385469103398842815
1385469103603;76.0;1385469103600319865
1385469103813;67.0;1385469103801857951
1385469104004;60.0;1385469104002950821
1385469104407;68.0;1385469104405935440
1385469104609;78.0;1385469104607656632
1385469104816;81.0;1385469104808828507
1385469105012;80.0;1385469105010183487
1385469105213;104.0;1385469105211660538
1385469105414;110.0;1385469105412893448
1385469105616;113.0;1385469105614578198
1385469105817;112.0;1385469105815933178
1385469106019;117.0;1385469106017410229
1385469106220;116.0;1385469106218795727
1385469106623;115.0;1385469106621854086
1385469106825;114.0;1385469106823459362
1385469107026;113.0;1385469107024631237
1385469107245;114.0;1385469107226138806
1385469107430;115.0;1385469107427554821
1385469107832;116.0;1385469107830338049
1385469108033;117.0;1385469108031784583
1385469108436;116.0;1385469108434677649
1385469108638;114.0;1385469108636215735
1385469109040;115.0;1385469109038834143
1385469109242;116.0;1385469109240518731
1385469109444;117.0;1385469109442148369
1385469109651;113.0;1385469109643411797
1385469109846;111.0;1385469109844705743
1385469110047;110.0;1385469110046195159
1385469110251;102.0;1385469110247916351
1385469110451;90.0;1385469110448935638
1385469110656;84.0;1385469110650626312
1385469110852;85.0;1385469110851523528
1385469111055;83.0;1385469111053549896
1385469111256;80.0;1385469111254874359
1385469111459;75.0;1385469111456376376
1385469111659;78.0;1385469111657578768
1385469111862;76.0;1385469111859238925
1385469112063;84.0;1385469112060471835
1385469112264;95.0;1385469112262131991
1385469112464;105.0;1385469112463120760
1385469112683;99.0;1385469112664689364
1385469112867;90.0;1385469112865769686
1385469113068;80.0;1385469113067307772
1385469113271;70.0;1385469113268693270
1385469113471;61.0;1385469113470078768
1385469113674;55.0;1385469113671769442
1385469113875;51.0;1385469113873368563
1385469114076;50.0;1385469114074448885
1385469114278;47.0;1385469114276170077
1385469114489;45.0;1385469114477464022
1385469114688;44.0;1385469114679203910
1385469114882;45.0;1385469114880680960
1385469115083;46.0;1385469115082066458
1385469115294;45.0;1385469115283696097
1385469115487;44.0;1385469115484929007
1385469115693;43.0;1385469115686314505
1385469115890;49.0;1385469115888005179
1385469116092;81.0;1385469116089116019
1385469116293;109.0;1385469116290709067
1385469116494;110.0;1385469116492125083
1385469116896;114.0;1385469116894835044
1385469117098;113.0;1385469117096403647
1385469117304;73.0;1385469117297728110
1385469117502;42.0;1385469117499418784
1385469117740;34.0;1385469117700590659
1385469118096;35.0;1385469117901701499
1385469118115;36.0;1385469118103025962
1385469118306;35.0;1385469118304747153
1385469118508;36.0;1385469118506254722
1385469118911;41.0;1385469118909208823
1385469119112;40.0;1385469119110441733
1385469119517;42.0;1385469119513658594
1385469119716;43.0;1385469119714983057
1385469119918;44.0;1385469119916490625
1385469120119;49.0;1385469120117967676
1385469120322;55.0;1385469120319353174
1385469120522;56.0;1385469120520464014
1385469120729;57.0;1385469120722093653
1385469121127;55.0;1385469121125316317
1385469121335;51.0;1385469121326518709
1385469121530;49.0;1385469121528087313
1385469121732;52.0;1385469121729594881
1385469121932;70.0;1385469121930675204
1385469122134;111.0;1385469122132243807
1385469122341;115.0;1385469122333720858
1385469122538;114.0;1385469122535289461
1385469122939;113.0;1385469122937694247
1385469123161;111.0;1385469123138896639
1385469123744;114.0;1385469123743114168
1385469123946;112.0;1385469123944682772
1385469124149;115.0;1385469124146342928
1385469124354;114.0;1385469124348296519
1385469124754;112.0;1385469124751250620
1385469124954;111.0;1385469124952208872
1385469125155;110.0;1385469125153716441
1385469187399;107.0;1385469187396587733
1385469187606;109.0;1385469187598339442
1385469187802;110.0;1385469187800091151
1385469188023;115.0;1385469188001306654
1385469188406;117.0;1385469188404169203
1385469188607;114.0;1385469188605524183
1385469188814;113.0;1385469188807092787
1385469189212;116.0;1385469189209467055
1385469189414;120.0;1385469189411279799
1385469189618;122.0;1385469189612964421
1385469189816;120.0;1385469189814227849
1385469190218;115.0;1385469190216937810
1385469190421;114.0;1385469190418854715
1385469190621;115.0;1385469190619904520
1385469190824;116.0;1385469190821296377
1385469191427;119.0;1385469191425605459
1385469191629;121.0;1385469191627156246
1385469191830;122.0;1385469191828572262
