1385731566494
1385731569389
1385731572020
1385731574347
1385731576619
1385731577654
1385731580342
1385731581025
1385731583932
1385731585996
1385731588289
1385731590568
1385731592681
1385731595001
1385731597394
1385731599714
1385731602044
1385731604400
1385731606713
1385731609461
1385731611646
1385731613912
1385731616083
1385731618172
1385731620478
1385731622644
1385731625548
1385731627680
1385731630157
1385731632822
1385731635132
1385731637786
1385731639826
1385731643161
1385731645843
1385731648442
1385731650802
1385731653933
1385731656809
1385731659920
1385731662462
1385731665526
1385731668363
1385731671395
1385731673593
1385731677335
1385731679927
1385731683950
1385731686504
1385731690256
1385731692752
1385731696162
1385731698530
1385731701788
1385731704221
1385731707942
1385731710552
1385731713662
1385731716318
1385731719805
1385731722559
1385731725606
1385731728327
1385731731847
1385731734384
1385731738224
1385731740656
1385731744255
1385731746637
1385731750241
1385731752721
1385731755922
1385731758269
1385731760953
1385731763268
1385731766500
1385731768924
1385731771305
1385731773547
1385731777381
1385731780128
1385731783731
1385731786121
1385731789514
1385731791942
1385731794882
1385731797364
1385731800236
1385731802851
1385731805887
1385731808493
1385731812578
1385731815491
1385731818980
1385731821010
1385731824214
1385731826598
1385731830312
1385731833088
1385731836928
1385731839354
1385731843321
1385731876708
1385731882938
1385731885731
1385731889984
1385731892342
1385731896796
1385731898868
1385731903141
1385731905336
1385731910193
1385731912257
1385731916592
1385731918886
1385731923159
1385731925645
1385731930012
1385731932110
1385731936370
1385731938523
1385731943189
1385731945400
1385731949585
1385731951572
1385731955886
1385731958131
1385731961976
1385731964207
1385731968092
1385731970238
1385731973910
1385731975945
1385731980177
1385731982321
1385731987669
1385731990304
1385731995314
1385731997470
1385732002283
1385732004592
1385732009752
1385732011920
1385732017414
1385732019770
1385732025263
1385732027327
1385732031472
1385732033603
1385732038454
1385732040475
1385732047872
1385732050267
1385732055548
1385732058111
1385732062764
1385732064903
1385732070844
1385732072956
1385732078673
1385732081118
1385732086733
1385732089060
1385732093929
1385732096325
1385732101626
1385732103871
1385732108832
1385732110999
1385732117136
1385732119326
1385732126178
1385732128279
1385732133955
1385732136238
1385732145055
1385732147196
1385732152201
1385732154704
1385732160622
1385732162685
1385732166628
1385732168631
1385732173018
1385732175224
1385732179710
1385732181868
1385732189642
1385732191914
1385732197286
1385732199373
1385732204149
1385732206147
1385732210762
1385732212965
1385732218319
1385732220494
1385732226021
1385732228148
1385732233892
1385732236078
1385732240983
1385732243426
1385732248956
