1385731564424;18.0;86673720991419
1385731564430;20.0;86673766904418
1385731564433;18.0;86673816838418
1385731564438;16.0;86673867013418
1385731564504;6.0;86673975564418
1385731564553;4.0;86674026336418
1385731564608;8.0;86674079136418
1385731564653;6.0;86674126347418
1385731564706;8.0;86674178417418
1385731564809;10.0;86674279490418
1385731564865;6.0;86674337489418
1385731564915;10.0;86674388001418
1385731564966;6.0;86674438107418
1385731565125;4.0;86674597157418
1385731565183;10.0;86674655482418
1385731565234;16.0;86674706344418
1385731565283;10.0;86674755923418
1385731565339;6.0;86674811477419
1385731565394;2.0;86674866630418
1385731565443;4.0;86674915370418
1385731565493;8.0;86674965763418
1385731565546;10.0;86675018753418
1385731565596;14.0;86675068760418
1385731565647;16.0;86675119146418
1385731565708;12.0;86675180266419
1385731565755;10.0;86675227578418
1385731565807;6.0;86675278958418
1385731565865;0.0;86675336906418
1385731566073;4.0;86675545444418
1385731566125;2.0;86675596358418
1385731566173;6.0;86675645980418
1385731566225;8.0;86675697591418
1385731566274;12.0;86675746131418
1385731566376;10.0;86675848957418
1385731566431;8.0;86675899358418
1385731566486;2.0;86675958147418
1385731566535;6.0;86676007935418
1385731566585;2.0;86676058130418
1385731566694;0.0;86676167181418
1385731566909;4.0;86676376206418
1385731567011;8.0;86676482527419
1385731567064;10.0;86676536024418
1385731567113;12.0;86676585966418
1385731567168;10.0;86676635909418
1385731567216;8.0;86676689282418
1385731567276;6.0;86676748246418
1385731567326;12.0;86676798674418
1385731567436;8.0;86676908036418
1385731567485;6.0;86676957696418
1385731567537;2.0;86677008165418
1385731567597;0.0;86677067709418
1385731567644;2.0;86677116422418
1385731567694;4.0;86677166571418
1385731567749;12.0;86677221278419
1385731567853;10.0;86677325553418
1385731567908;8.0;86677380569419
1385731567964;2.0;86677436462418
1385731568013;4.0;86677486172418
1385731568067;2.0;86677538736418
1385731568335;8.0;86677806881418
1385731568385;10.0;86677857316418
1385731568435;8.0;86677907320418
1385731568544;2.0;86678015498418
1385731568594;0.0;86678066611418
1385731568748;2.0;86678220535419
1385731568803;6.0;86678276000418
1385731568856;8.0;86678328398418
1385731568905;10.0;86678378197418
1385731569006;8.0;86678478661418
1385731569065;6.0;86678537297418
1385731569168;8.0;86678637355418
1385731569215;10.0;86678687655418
1385731569325;6.0;86678795992418
1385731569373;4.0;86678846028418
1385731569423;0.0;86678895796418
1385731569479;2.0;86678951389419
1385731569533;8.0;86679005845418
1385731569584;10.0;86679056023418
1385731569633;8.0;86679106190418
1385731569688;6.0;86679159397418
1385731569797;4.0;86679268174418
1385731569844;2.0;86679317212418
1385731569895;4.0;86679367804418
1385731569955;2.0;86679426720418
1385731570057;6.0;86679529065418
1385731570106;10.0;86679578003418
1385731570163;8.0;86679635355418
1385731570213;6.0;86679685722418
1385731570264;0.0;86679735869418
1385731570424;2.0;86679895888418
1385731570476;0.0;86679948448418
1385731570526;4.0;86679998198418
1385731570576;8.0;86680048507418
1385731570626;10.0;86680098338418
1385731570734;8.0;86680206904418
1385731570893;10.0;86680365974418
1385731570944;4.0;86680416414418
1385731570993;0.0;86680465984418
1385731571044;6.0;86680516302418
1385731571097;4.0;86680570173419
1385731571253;0.0;86680725505418
1385731571464;4.0;86680937008418
1385731571575;2.0;86681046485418
1385731571624;4.0;86681096953418
1385731571674;0.0;86681146705418
1385731571884;4.0;86681356692418
1385731571933;2.0;86681405662418
1385731571987;0.0;86681458965418
1385731572148;4.0;86681619127418
1385731572197;2.0;86681668758418
1385731572255;8.0;86681726987418
1385731572305;12.0;86681777346418
1385731572355;10.0;86681827711418
1385731572514;4.0;86681986687418
1385731572623;0.0;86682095960418
1385731572729;6.0;86682201620419
1385731572783;4.0;86682256101418
1385731572834;8.0;86682305985418
1385731572887;4.0;86682359256418
1385731572994;8.0;86682467341418
1385731573046;12.0;86682518445418
1385731573104;8.0;86682576744418
1385731573154;4.0;86682626706418
1385731573206;0.0;86682677610418
1385731573254;2.0;86682726886418
1385731573314;4.0;86682785829418
1385731573413;2.0;86682886115418
1385731573568;4.0;86683040316419
1385731573727;8.0;86683199248418
1385731573777;6.0;86683248991418
1385731573832;8.0;86683304768418
1385731573885;10.0;86683357243418
1385731573936;8.0;86683408333418
1385731574044;4.0;86683516594418
1385731574204;2.0;86683676299418
1385731574257;0.0;86683726941418
1385731574363;2.0;86683835246418
1385731574414;0.0;86683886014418
1385731574469;2.0;86683938656418
1385731574515;0.0;86683987754418
1385731574674;6.0;86684146995418
1385731574725;8.0;86684197608418
1385731574784;10.0;86684255968418
1385731574834;14.0;86684306002418
1385731574883;10.0;86684356152418
1385731575038;2.0;86684510552419
1385731575093;0.0;86684565677418
1385731575144;2.0;86684616191418
1385731575245;4.0;86684718202418
1385731575296;2.0;86684768568418
1385731575355;6.0;86684827426418
1385731575455;4.0;86684927520418
1385731575565;0.0;86685035897418
1385731575613;2.0;86685085982418
1385731575765;0.0;86685236319418
1385731576135;2.0;86685607149418
1385731576184;4.0;86685656866418
1385731576284;2.0;86685756754418
1385731576343;0.0;86685815770418
1385731578764;2.0;86688236697418
1385731578863;0.0;86688335803418
1385731580174;2.0;86689646146418
1385731580229;0.0;86689701021419
1385731583014;2.0;86692486610418
1385731583064;0.0;86692537031418
1385731583123;2.0;86692595844418
1385731583225;0.0;86692696728418
1385731584484;2.0;86693956487418
1385731584535;4.0;86694007188418
1385731584594;6.0;86694065684418
1385731584643;4.0;86694115919418
1385731584693;0.0;86694165682418
1385731584743;2.0;86694216051418
1385731584800;4.0;86694270784419
1385731584848;2.0;86694320424419
1385731585005;0.0;86694478043418
1385731585105;4.0;86694577834418
1385731585157;6.0;86694628446418
1385731585214;4.0;86694686659418
1385731585265;2.0;86694736483418
1385731585313;0.0;86694786382418
1385731585423;4.0;86694896089418
1385731585525;6.0;86694996439418
1385731585579;2.0;86695049674418
1385731585686;0.0;86695158279418
1385731585735;4.0;86695207647418
1385731585847;0.0;86695317419418
1385731585895;2.0;86695367458418
1385731585956;0.0;86695417975418
1385731586103;2.0;86695575987418
1385731586259;0.0;86695730337419
1385731586421;4.0;86695893161419
1385731586640;6.0;86696106973418
1385731586735;10.0;86696207054418
1385731586792;8.0;86696262666419
1385731586843;6.0;86696315428418
1385731586944;0.0;86696417062418
1385731587687;2.0;86697155819418
1385731587788;0.0;86697259887418
1385731588055;2.0;86697527167418
1385731588105;0.0;86697577621418
1385731588575;2.0;86698047986418
1385731588625;0.0;86698097996418
1385731589193;2.0;86698665590418
1385731589248;0.0;86698719478418
1385731589454;2.0;86698926744418
1385731589505;6.0;86698977636418
1385731589615;4.0;86699086693418
1385731589663;2.0;86699135922418
1385731589715;0.0;86699187016418
1385731589874;2.0;86699346063418
1385731589976;4.0;86699448914418
1385731590026;2.0;86699498220418
1385731590076;0.0;86699548879418
1385731590444;2.0;86699916370418
1385731590501;0.0;86699971481419
1385731590757;2.0;86700229217418
1385731590916;4.0;86700388075418
1385731591023;8.0;86700496084418
1385731591126;4.0;86700597773418
1385731591179;6.0;86700651393419
1385731591234;4.0;86700706180418
1385731591284;2.0;86700755949418
1385731591334;4.0;86700805991418
1385731591387;0.0;86700859714418
1385731592753;2.0;86702225979418
1385731592805;4.0;86702276471418
1385731592906;2.0;86702379087418
1385731592966;0.0;86702437930418
1385731593384;2.0;86702856515418
1385731593488;8.0;86702958454418
1385731593536;10.0;86703008878418
1385731593588;6.0;86703059777418
1385731593696;0.0;86703168534418
1385731593955;2.0;86703427258418
1385731594008;0.0;86703477969418
1385731594591;2.0;86704058978418
1385731594694;4.0;86704166045418
1385731594743;0.0;86704215778418
1385731594845;2.0;86704316337418
1385731594949;0.0;86704420777419
1385731597723;4.0;86707195482418
1385731597774;2.0;86707246197418
1385731597876;0.0;86707348573418
1385731599564;2.0;86709035627418
1385731599614;0.0;86709086006418
1385731601655;2.0;86711127038418
1385731601808;4.0;86711279678418
1385731601868;0.0;86711338660418
1385731605784;2.0;86715255964418
1385731605837;0.0;86715309395418
1385731607297;2.0;86716768804418
1385731607356;0.0;86716827634418
1385731609803;2.0;86719275993418
1385731609857;0.0;86719328607418
1385731611485;2.0;86720956369418
1385731611585;0.0;86721056799418
1385731613114;2.0;86722586492418
1385731613168;0.0;86722638809418
1385731616417;2.0;86725889294418
1385731616573;0.0;86726045674418
1385731619525;2.0;86728997175418
1385731619634;0.0;86729105976418
1385731621837;4.0;86731306422418
1385731621888;2.0;86731359894418
1385731622046;0.0;86731518753418
1385731622885;2.0;86732357614418
1385731623044;0.0;86732516585418
1385731624835;2.0;86734307781418
1385731624944;0.0;86734416309418
1385731624993;2.0;86734465584418
1385731625044;0.0;86734516281418
1385731631172;2.0;86740645456418
1385731631326;0.0;86740798662418
1385731631748;2.0;86741220525419
1385731631804;0.0;86741275940418
1385731632007;2.0;86741479195418
1385731632065;0.0;86741537340418
1385731633114;4.0;86742586501418
1385731633168;2.0;86742640249419
1385731633276;4.0;86742748371418
1385731633327;0.0;86742799000418
1385731633745;2.0;86743215938418
1385731633897;0.0;86743369744418
1385731636566;2.0;86746038232418
1385731636666;0.0;86746138491418
1385731639827;2.0;86749298258418
1385731639878;0.0;86749349361418
1385731641087;2.0;86750558905418
1385731641135;0.0;86750607805418
1385731641344;2.0;86750816978418
1385731641400;4.0;86750872876419
1385731641456;0.0;86750925919418
1385731641503;4.0;86750975744418
1385731641553;2.0;86751025958418
1385731641707;0.0;86751179515418
1385731642233;2.0;86751705886418
1385731642342;0.0;86751813899418
1385731644401;2.0;86753873850418
1385731644456;4.0;86753927858418
1385731644505;0.0;86753977443418
1385731651203;2.0;86760675644418
1385731651253;0.0;86760725764418
1385731654333;2.0;86763805945418
1385731654435;0.0;86763907227418
1385731657683;2.0;86767155982418
1385731657734;4.0;86767205971418
1385731657896;0.0;86767367687418
1385731658106;2.0;86767576861418
1385731658254;0.0;86767725718418
1385731658364;2.0;86767836255418
1385731658416;6.0;86767888288418
1385731658467;8.0;86767938942418
1385731658518;6.0;86767989203418
1385731658580;4.0;86768047919418
1385731658622;0.0;86768094202418
1385731659304;4.0;86768776733418
1385731659415;2.0;86768885486418
1385731659465;0.0;86768936038418
1385731659673;2.0;86769145696418
1385731659780;0.0;86769248297418
1385731659836;2.0;86769307606418
1385731659887;0.0;86769358867418
1385731660247;2.0;86769719643418
1385731660355;4.0;86769827482418
1385731660405;2.0;86769877463418
1385731660458;4.0;86769929354418
1385731660514;2.0;86769986614418
1385731660564;4.0;86770036688418
1385731660614;2.0;86770086896418
1385731660723;0.0;86770195904418
1385731667698;2.0;86777169661418
1385731667755;0.0;86777227506418
1385731669064;2.0;86778536729418
1385731669225;0.0;86778696708418
1385731669586;2.0;86779058604418
1385731669644;0.0;86779116904418
1385731670475;2.0;86779946572418
1385731670536;0.0;86780005340418
1385731671069;2.0;86780531895419
1385731671160;0.0;86780632087419
1385731671317;2.0;86780789451418
1385731671378;0.0;86780848642418
1385731671844;4.0;86781316318418
1385731671899;6.0;86781368826418
1385731672055;0.0;86781527522418
1385731699115;2.0;86808588259418
1385731699324;0.0;86808796735418
1385731710763;2.0;86820235655418
1385731710864;0.0;86820336498418
1385731755678;2.0;86865149845418
1385731755735;0.0;86865207192418
1385731765953;2.0;86875426104418
1385731766060;0.0;86875532663419
1385731768666;2.0;86878138984418
1385731768875;0.0;86878348265418
1385731775053;2.0;86884525545418
1385731775259;0.0;86884730263419
1385731785045;2.0;86894516704418
1385731785206;0.0;86894678506418
1385731789977;2.0;86899446047418
1385731790074;0.0;86899545926418
1385731796495;2.0;86905967757418
1385731796545;0.0;86906017538418
1385731797647;2.0;86907118827418
1385731797695;0.0;86907168087418
1385731799327;2.0;86908798989418
1385731799434;0.0;86908906829418
1385731799804;2.0;86909275997418
1385731799957;0.0;86909429218418
1385731801006;2.0;86910478927418
1385731801164;6.0;86910637040418
1385731801215;8.0;86910687744418
1385731801274;16.0;86910746266418
1385731801323;18.0;86910795742418
1385731801374;22.0;86910846400418
1385731801424;20.0;86910895774418
1385731801479;22.0;86910951276419
1385731801583;18.0;86911055558418
1385731801687;20.0;86911159292418
1385731801748;22.0;86911218849418
1385731801795;24.0;86911267313418
1385731801900;20.0;86911372981418
1385731801954;16.0;86911426945418
1385731802004;20.0;86911476301418
1385731802113;22.0;86911585580418
1385731802167;26.0;86911638736418
1385731802216;22.0;86911689226418
1385731802326;24.0;86911797402418
1385731802374;22.0;86911846937418
1385731802424;18.0;86911897276418
1385731802533;16.0;86912005669418
1385731802585;18.0;86912056362418
1385731802633;16.0;86912105956418
1385731802685;14.0;86912156501418
1385731802737;12.0;86912209812418
1385731802842;16.0;86912315296418
1385731802897;18.0;86912368707418
1385731802945;22.0;86912418145418
1385731803053;20.0;86912526295418
1385731803105;14.0;86912577221418
1385731803164;8.0;86912636358418
1385731803213;6.0;86912685973418
1385731803263;8.0;86912735991418
1385731803314;12.0;86912786166418
1385731803368;14.0;86912839569418
1385731803416;16.0;86912889248418
1385731803468;14.0;86912939515418
1385731803525;10.0;86912997389418
1385731803626;12.0;86913098007418
1385731803734;16.0;86913206400418
1385731803784;14.0;86913256401418
1385731803933;12.0;86913405761418
1385731803983;10.0;86913455916418
1385731804036;12.0;86913508341418
1385731804146;16.0;86913617733418
1385731804195;14.0;86913667508418
1385731804351;10.0;86913822292418
1385731804404;12.0;86913876213418
1385731804454;16.0;86913926474418
1385731804504;18.0;86913976337418
1385731804616;20.0;86914088245418
1385731804665;18.0;86914137498418
1385731804715;14.0;86914187905418
1385731804823;12.0;86914296228418
1385731804874;14.0;86914346340418
1385731804984;12.0;86914455776418
1385731805032;16.0;86914505488418
1385731805085;14.0;86914556472418
1385731805188;18.0;86914659402418
1385731805295;16.0;86914767421418
1385731805341;12.0;86914814193418
1385731805455;10.0;86914926491418
1385731805503;18.0;86914976013418
1385731805554;20.0;86915026267418
1385731805608;16.0;86915080607418
1385731805663;4.0;86915136028418
1385731805762;6.0;86915235483418
1385731805815;12.0;86915287865418
1385731805921;18.0;86915394294418
1385731805976;14.0;86915448566418
1385731806024;12.0;86915496473418
1385731806083;8.0;86915555409418
1385731806134;6.0;86915606693418
1385731806294;8.0;86915766000418
1385731806396;14.0;86915868440418
1385731806455;12.0;86915927130418
1385731806504;6.0;86915976737418
1385731806554;4.0;86916027093418
1385731806611;0.0;86916083069418
1385731806824;2.0;86916296204418
1385731806873;4.0;86916345643418
1385731806926;8.0;86916398767418
1385731806977;12.0;86916448835418
1385731807025;16.0;86916497774418
1385731807135;18.0;86916606895418
1385731807239;12.0;86916711470418
1385731807293;14.0;86916765490418
1385731807393;16.0;86916865971418
1385731807446;18.0;86916918455418
1385731807498;24.0;86916969312418
1385731807556;26.0;86917027491418
1385731807604;22.0;86917076981418
1385731807656;18.0;86917127809418
1385731807705;16.0;86917177000418
1385731807863;20.0;86917335703418
1385731807914;24.0;86917386259418
1385731807967;18.0;86917439482418
1385731808234;16.0;86917706703418
1385731808285;20.0;86917756877418
1385731808344;22.0;86917815560418
1385731808393;24.0;86917865888418
1385731808443;22.0;86917915440418
1385731808548;20.0;86918018875418
1385731808596;18.0;86918068802418
1385731808655;16.0;86918127695418
1385731808705;14.0;86918177772418
1385731808756;16.0;86918228204418
1385731808815;14.0;86918286328418
1385731808864;12.0;86918336590418
1385731808915;20.0;86918386896418
1385731809126;14.0;86918598249418
1385731809176;10.0;86918648429418
1385731809226;6.0;86918698438418
1385731809284;12.0;86918756633418
1385731809335;14.0;86918807606418
1385731809385;16.0;86918857192418
1385731809443;14.0;86918915368418
1385731809494;16.0;86918966311418
1385731809544;20.0;86919016192418
1385731809600;22.0;86919071487418
1385731809657;28.0;86919128897418
1385731809703;26.0;86919175713418
1385731809756;22.0;86919228163418
1385731809806;24.0;86919278500418
1385731809865;20.0;86919337064418
1385731809966;18.0;86919437719418
1385731810124;20.0;86919596167418
1385731810178;18.0;86919650337418
1385731810233;20.0;86919706013418
1385731810283;22.0;86919754946418
1385731810335;16.0;86919807644418
1385731810388;22.0;86919859084418
1385731810704;20.0;86920175989418
1385731810754;16.0;86920226501418
1385731810858;18.0;86920329648418
1385731810916;22.0;86920387537418
1385731810965;16.0;86920437439418
1385731811016;12.0;86920487866418
1385731811074;8.0;86920546419418
1385731811123;14.0;86920596088418
1385731811176;12.0;86920646321418
1385731811283;20.0;86920755671418
1385731811333;12.0;86920805552418
1385731811386;14.0;86920858787418
1385731811436;10.0;86920908871418
1385731811495;12.0;86920967432418
1385731811544;18.0;86921016906418
1385731811646;20.0;86921117811418
1385731811754;22.0;86921226290418
1385731811804;26.0;86921276141418
1385731811966;22.0;86921438368418
1385731812019;16.0;86921490484418
1385731812072;10.0;86921544808418
1385731812124;8.0;86921596833418
1385731812175;10.0;86921647266418
1385731812233;18.0;86921705826418
1385731812284;14.0;86921756405418
1385731812335;16.0;86921806623418
1385731812433;10.0;86921905547418
1385731812485;14.0;86921955794418
1385731812536;18.0;86922008916418
1385731812593;16.0;86922065574418
1385731812698;20.0;86922168067418
1385731812744;16.0;86922217049418
1385731812853;10.0;86922325930418
1385731812906;12.0;86922375822418
1385731812954;10.0;86922425936418
1385731813005;8.0;86922476836418
1385731813056;12.0;86922529101418
1385731813155;18.0;86922628391418
1385731813218;14.0;86922687344418
1385731813315;12.0;86922787524418
1385731813374;6.0;86922845586418
1385731813423;10.0;86922895597418
1385731813474;8.0;86922946074418
1385731813624;4.0;86923096022418
1385731813735;6.0;86923207515418
1385731813886;4.0;86923358104418
1385731814043;6.0;86923515919418
1385731814094;14.0;86923566551418
1385731814144;18.0;86923616458418
1385731814196;22.0;86923668504418
1385731814406;20.0;86923877944418
1385731814464;18.0;86923936343418
1385731814615;14.0;86924086750418
1385731814718;12.0;86924190209418
1385731814776;8.0;86924248543418
1385731814935;10.0;86924407379418
1385731814988;8.0;86924459359418
1385731815035;10.0;86924507453418
1385731815094;12.0;86924566004418
1385731815142;10.0;86924615473418
1385731815193;14.0;86924665933418
1385731815245;12.0;86924716839418
1385731815295;18.0;86924766820418
1385731815347;14.0;86924819649418
1385731815403;12.0;86924874689418
1385731815455;16.0;86924927600418
1385731815506;10.0;86924978894418
1385731815566;20.0;86925037365418
1385731815614;14.0;86925086890418
1385731815665;16.0;86925137236418
1385731815724;12.0;86925195740418
1385731815773;10.0;86925245502418
1385731815824;16.0;86925296803418
1385731815875;12.0;86925346714418
1385731815986;14.0;86925458245418
1385731816087;10.0;86925558500418
1385731816306;12.0;86925777621418
1385731816360;10.0;86925831785418
1385731816464;12.0;86925936382418
1385731816515;10.0;86925986075418
1385731816725;12.0;86926197788418
1385731816775;14.0;86926247631418
1385731816834;18.0;86926306097418
1385731816934;12.0;86926406313418
1385731816989;10.0;86926461311418
1385731817043;8.0;86926515790418
1385731817198;14.0;86926669337418
1385731817254;20.0;86926727047418
1385731817306;18.0;86926777720418
1385731817355;14.0;86926826652418
1385731817412;10.0;86926882098418
1385731817460;8.0;86926933015418
1385731817513;10.0;86926985939418
1385731817719;8.0;86927189116418
1385731817824;6.0;86927297409418
1385731818034;12.0;86927506603418
1385731818101;6.0;86927572012418
1385731818143;8.0;86927615488418
1385731818193;12.0;86927665959418
1385731818243;8.0;86927716084418
1385731818296;10.0;86927768189418
1385731818395;6.0;86927868088418
1385731818454;8.0;86927926777418
1385731818503;12.0;86927976196418
1385731818554;14.0;86928026909418
1385731818663;16.0;86928136003418
1385731818714;12.0;86928186326418
1385731818813;14.0;86928285722418
1385731818865;12.0;86928338116418
1385731818918;10.0;86928389211418
1385731818971;8.0;86928439757418
1385731819073;6.0;86928546359418
1385731819183;8.0;86928652620418
1385731819283;10.0;86928755665418
1385731819338;12.0;86928810279418
1385731819394;10.0;86928865993418
1385731819446;6.0;86928918317418
1385731819495;10.0;86928967958418
1385731819546;6.0;86929018416418
1385731819605;4.0;86929076773418
1385731819654;6.0;86929126521418
1385731819704;4.0;86929176762418
1385731819756;6.0;86929227302418
1385731819914;8.0;86929385942418
1385731820017;6.0;86929488156418
1385731820065;4.0;86929537956418
1385731820116;0.0;86929588499418
1385731831114;2.0;86940586425418
1385731831166;4.0;86940638252418
1385731831214;2.0;86940686779418
1385731831319;0.0;86940791580418
1385731832875;2.0;86942347366418
1385731832985;0.0;86942456073418
1385731834495;2.0;86943967065418
1385731834544;0.0;86944016683418
1385731835273;2.0;86944746198418
1385731835324;0.0;86944796223418
1385731836588;2.0;86946059906418
1385731836691;0.0;86946159026418
1385731837678;2.0;86947150482418
1385731837733;0.0;86947205964418
1385731837787;2.0;86947259086418
1385731837836;0.0;86947308246418
1385731838094;4.0;86947566346418
1385731838203;2.0;86947675140418
1385731838254;0.0;86947726251418
1385731838304;2.0;86947776117418
1385731838465;0.0;86947937581418
1385731844344;2.0;86953817078418
1385731844454;0.0;86953926148418
1385731845704;2.0;86955176526418
1385731845813;0.0;86955285716418
1385731846549;2.0;86956019119418
1385731846647;0.0;86956118648418
1385731847015;2.0;86956486708418
1385731847129;6.0;86956589440418
1385731847173;8.0;86956645332418
1385731847224;6.0;86956697314418
1385731847327;12.0;86956798850418
1385731847433;16.0;86956905796418
1385731847484;14.0;86956956163418
1385731847538;6.0;86957010735418
1385731847644;2.0;86957116218418
1385731847696;6.0;86957168183418
1385731847747;4.0;86957218974418
1385731847796;6.0;86957268331418
1385731847859;4.0;86957328023418
1385731848064;6.0;86957536365418
1385731848114;2.0;86957586064418
1385731848282;0.0;86957754097418
1385731849004;2.0;86958476956418
1385731849055;0.0;86958527484418
1385731849110;2.0;86958582116418
1385731849166;6.0;86958637364418
1385731849270;8.0;86958740438418
1385731849323;4.0;86958796004418
1385731849376;0.0;86958848676418
1385731853674;2.0;86963146403418
1385731853880;0.0;86963351430418
1385731861315;2.0;86970787022418
1385731861418;0.0;86970890491418
1385731861474;2.0;86970941818418
1385731861522;0.0;86970994831418
1385731865024;4.0;86974496717418
1385731865074;10.0;86974546467418
1385731865125;16.0;86974597298418
1385731865181;18.0;86974653083418
1385731865229;20.0;86974701231418
1385731865283;18.0;86974755615418
1385731865332;10.0;86974805456418
1385731865385;12.0;86974856590418
1385731865439;10.0;86974911451418
1385731865594;6.0;86975067024418
1385731865646;0.0;86975118371418
1385731866646;2.0;86976118619418
1385731866859;0.0;86976331630418
1385731866905;4.0;86976377085418
1385731866960;6.0;86976432618418
1385731867013;8.0;86976485975418
1385731867064;10.0;86976536043418
1385731867120;4.0;86976590976418
1385731867173;0.0;86976645552418
1385731867643;4.0;86977115708418
1385731867855;0.0;86977327827418
1385731868435;2.0;86977907504418
1385731868545;8.0;86978016722418
1385731868594;4.0;86978066094418
1385731868645;2.0;86978116871418
1385731868703;0.0;86978175601418
1385731870538;2.0;86980009966418
1385731870648;0.0;86980118682418
1385731870806;6.0;86980277909418
1385731870855;4.0;86980327659418
1385731870905;2.0;86980377591418
1385731870968;0.0;86980436992418
1385731871275;6.0;86980748243418
1385731871326;8.0;86980798525418
1385731871384;14.0;86980857044418
1385731871434;24.0;86980906725418
1385731871486;28.0;86980957822418
1385731871544;24.0;86981015853418
1385731871595;22.0;86981065451418
1385731871643;20.0;86981115547418
1385731871694;18.0;86981166375418
1385731871747;14.0;86981219029418
1385731871795;16.0;86981268328418
1385731871954;22.0;86981426767418
1385731872003;24.0;86981476323418
1385731872055;20.0;86981527630418
1385731872105;18.0;86981576971418
1385731872163;12.0;86981635770418
1385731872263;10.0;86981735794418
1385731872373;14.0;86981845623418
1385731872475;12.0;86981948320418
1385731872535;10.0;86982007111418
1385731872586;6.0;86982057411418
1385731872635;2.0;86982107532418
1385731872694;6.0;86982166096418
1385731872743;4.0;86982215712418
1385731872843;2.0;86982315479418
1385731872895;6.0;86982366770418
1385731872946;4.0;86982419188418
1385731873055;6.0;86982527855418
1385731873107;8.0;86982578687418
1385731873211;12.0;86982683595418
1385731873264;8.0;86982735934418
1385731873315;4.0;86982786696418
1385731873417;8.0;86982889395418
1385731873469;10.0;86982939756418
1385731873576;8.0;86983048677418
1385731873626;4.0;86983098502418
1385731873684;0.0;86983156755418
1385731873835;2.0;86983307339418
1385731873883;0.0;86983355965418
1385731873993;6.0;86983465650418
1385731874043;8.0;86983515615418
1385731874096;10.0;86983568275418
1385731874204;6.0;86983677039418
1385731874305;4.0;86983777242418
1385731874363;8.0;86983835656418
1385731874414;6.0;86983886084418
1385731874464;4.0;86983936217418
1385731874526;6.0;86983991769418
1385731874568;4.0;86984039813418
1385731874679;0.0;86984149037418
1385731874776;6.0;86984248200418
1385731874827;4.0;86984298681418
1385731874885;6.0;86984356541418
1385731874933;4.0;86984405856418
1385731874983;2.0;86984456145418
1385731875147;6.0;86984619047418
1385731875298;4.0;86984768646418
1385731875404;8.0;86984876628418
1385731875454;6.0;86984927200418
1385731875514;4.0;86984985803418
1385731875563;8.0;86985035938418
1385731875614;4.0;86985086135418
1385731875664;10.0;86985136183418
1385731875773;8.0;86985245664418
1385731875826;6.0;86985298170418
1385731875877;8.0;86985348190418
1385731876034;4.0;86985506452418
1385731876084;8.0;86985556443418
1385731876134;6.0;86985606672418
1385731876243;8.0;86985715688418
1385731876344;10.0;86985816334418
1385731876398;12.0;86985870280418
1385731876453;10.0;86985925606418
1385731876505;6.0;86985977952418
1385731876557;2.0;86986028880418
1385731876605;4.0;86986077873418
1385731876664;2.0;86986136300418
1385731876713;6.0;86986185751418
1385731876823;10.0;86986295260418
1385731876925;8.0;86986396678418
1385731877033;6.0;86986505308418
1385731877086;10.0;86986558575418
1385731877136;6.0;86986608671418
1385731877191;10.0;86986664257418
1385731877294;8.0;86986766706418
1385731877353;4.0;86986825456418
1385731877453;2.0;86986925887418
1385731877508;4.0;86986979955418
1385731877665;2.0;86987137679418
1385731877715;4.0;86987187615418
1385731877824;2.0;86987296318418
1385731877924;0.0;86987396612418
1385731877984;2.0;86987455914418
1385731878083;6.0;86987555969418
1385731878134;8.0;86987606102418
1385731878186;6.0;86987658633418
1385731878236;4.0;86987708601418
1385731878346;2.0;86987817091418
1385731878394;6.0;86987866708418
1385731878503;4.0;86987975672418
1385731878553;8.0;86988025916418
1385731878604;4.0;86988076161418
1385731878657;8.0;86988130404418
1385731878766;4.0;86988238468418
1385731878869;8.0;86988339201418
1385731878924;10.0;86988396824418
1385731879024;6.0;86988497023418
1385731879143;4.0;86988615184418
1385731879185;8.0;86988656735418
1385731879234;12.0;86988706394418
1385731879288;10.0;86988760483418
1385731879343;4.0;86988815772418
1385731879606;2.0;86989077592418
1385731879714;8.0;86989185813418
1385731879768;12.0;86989236357418
1385731879814;18.0;86989285950418
1385731879863;20.0;86989335455418
1385731879913;14.0;86989385454418
1385731879966;12.0;86989438707418
1385731880017;10.0;86989488758418
1385731880075;14.0;86989547298418
1385731880124;12.0;86989596941418
1385731880175;8.0;86989647381418
1385731880234;10.0;86989705877418
1385731880284;16.0;86989756185418
1385731880334;12.0;86989806173418
1385731880443;8.0;86989915617418
1385731880493;6.0;86989965637418
1385731880545;10.0;86990017976418
1385731880595;6.0;86990068213418
1385731880652;2.0;86990124471418
1385731880704;4.0;86990176806418
1385731880813;10.0;86990285728418
1385731880863;12.0;86990335910418
1385731880965;16.0;86990436763418
1385731881013;10.0;86990485783418
1385731881064;16.0;86990536485418
1385731881118;12.0;86990589050418
1385731881175;10.0;86990647484418
1385731881274;4.0;86990747292418
1385731881334;6.0;86990806260418
1385731881384;8.0;86990856507418
1385731881484;10.0;86990956580418
1385731881538;6.0;86991009964418
1385731881593;2.0;86991066276418
1385731881644;8.0;86991115740418
1385731881696;6.0;86991168100418
1385731881809;4.0;86991276619418
1385731881857;2.0;86991328736418
1385731881905;10.0;86991377179418
1385731881964;8.0;86991435558418
1385731882069;10.0;86991540376418
1385731882117;4.0;86991590210418
1385731882173;8.0;86991645684418
1385731882223;6.0;86991695725418
1385731882276;4.0;86991748257418
1385731882326;6.0;86991798474418
1385731882377;2.0;86991848042418
1385731882434;0.0;86991906644418
1385731882484;2.0;86991956481418
1385731882596;6.0;86992066166418
1385731882694;10.0;86992166585418
1385731882743;8.0;86992215678418
1385731882847;10.0;86992319657418
1385731882907;6.0;86992380052418
1385731882952;8.0;86992424999418
1385731883005;4.0;86992478076418
1385731883164;0.0;86992636862418
1385731883272;4.0;86992745525418
1385731883373;2.0;86992846096418
1385731883423;6.0;86992896030418
1385731883476;4.0;86992948628418
1385731883525;0.0;86992997568418
1385731883575;4.0;86993048249418
1385731883735;10.0;86993207555418
1385731883843;12.0;86993316015418
1385731883893;8.0;86993366096418
1385731883997;10.0;86993468945418
1385731884046;6.0;86993518493418
1385731884108;4.0;86993570425418
1385731884161;2.0;86993627947418
1385731884205;4.0;86993677410418
1385731884255;2.0;86993727610418
1385731884313;4.0;86993785909418
1385731884365;0.0;86993837005418
1385731884416;2.0;86993887368418
1385731884463;0.0;86993935742418
1385731884518;2.0;86993990452418
1385731884623;4.0;86994095779418
1385731884676;6.0;86994148010418
1385731884825;2.0;86994297821418
1385731884884;0.0;86994356323418
1385731885034;2.0;86994506086418
1385731885296;0.0;86994768359418
1385731885346;2.0;86994818422418
1385731885404;0.0;86994876980418
1385731886027;6.0;86995498425418
1385731886087;4.0;86995557497418
1385731886133;10.0;86995605706418
1385731886184;8.0;86995656438418
1385731886243;4.0;86995715135418
1385731886293;6.0;86995765491418
1385731886344;8.0;86995816463418
1385731886399;6.0;86995869487418
1385731886446;4.0;86995919010418
1385731886505;0.0;86995977662418
1385731886824;2.0;86996295963418
1385731886875;6.0;86996347207418
1385731887026;0.0;86996499212418
1385731887186;2.0;86996658132418
1385731887244;8.0;86996716653418
1385731887294;6.0;86996766295418
1385731887453;4.0;86996925718418
1385731887505;6.0;86996975898418
1385731887553;8.0;86997026070418
1385731887603;2.0;86997075593418
1385731887706;0.0;86997178439418
1385731887765;4.0;86997236941418
1385731887815;8.0;86997287134418
1385731887865;6.0;86997337356418
1385731887924;12.0;86997395702418
1385731887973;6.0;86997446004418
1385731888023;4.0;86997495937418
1385731888074;8.0;86997546079418
1385731888128;6.0;86997600242418
1385731888179;8.0;86997650249418
1385731888236;10.0;86997708185418
1385731888285;8.0;86997757504418
1385731888336;4.0;86997808205418
1385731888396;2.0;86997867293418
1385731888444;0.0;86997916163418
1385731888494;2.0;86997966564418
1385731888603;4.0;86998075969418
1385731888654;2.0;86998125979418
1385731888707;8.0;86998179325418
1385731888806;6.0;86998279095418
1385731888856;8.0;86998328530418
1385731888914;4.0;86998383122418
1385731889014;2.0;86998486855418
1385731889074;4.0;86998545826418
1385731889123;0.0;86998595973418
1385731889286;4.0;86998758529418
1385731889333;8.0;86998805588418
1385731889543;6.0;86999016208418
1385731889704;2.0;86999176003418
1385731889754;0.0;86999225949418
1385731889807;2.0;86999279106418
1385731889913;12.0;86999385549418
1385731889965;8.0;86999437904418
1385731890074;0.0;86999546592418
1385731890443;2.0;86999915611418
1385731890498;4.0;86999968706418
1385731890656;2.0;87000127454418
1385731890757;4.0;87000228252418
1385731890863;6.0;87000335660418
1385731890912;8.0;87000385434418
1385731890963;2.0;87000436017418
1385731891067;4.0;87000539483418
1385731891127;8.0;87000598831418
1385731891226;2.0;87000698531418
1385731891285;4.0;87000757081418
1385731891333;0.0;87000806395418
1385731892015;2.0;87001486853418
1385731892163;0.0;87001635422418
1385731892263;4.0;87001735593418
1385731892366;6.0;87001838657418
1385731892417;0.0;87001889300418
1385731892474;4.0;87001947058418
1385731892525;2.0;87001997681418
1385731892575;0.0;87002047254418
1385731892896;2.0;87002368570418
1385731892945;0.0;87002418052418
1385731894153;4.0;87003625470418
1385731894205;2.0;87003678118418
1385731894364;0.0;87003837230418
1385731894687;2.0;87004158856418
1385731894786;0.0;87004258834418
1385731895317;2.0;87004788886418
1385731895524;0.0;87004997274418
1385731895794;2.0;87005265986418
1385731895946;0.0;87005418568418
1385731896263;2.0;87005735758418
1385731896367;0.0;87005839947418
1385731896685;4.0;87006157093418
1385731896794;2.0;87006265611418
1385731896893;0.0;87006365895418
1385731897469;2.0;87006941289418
1385731897524;0.0;87006996359418
1385731897576;2.0;87007048740418
1385731897627;0.0;87007098628418
1385731902505;2.0;87011976943418
1385731902613;0.0;87012085047418
1385731910107;2.0;87019576347418
1385731910315;0.0;87019788148418
1385731910836;2.0;87020308764418
1385731910945;0.0;87020417609418
1385731911996;6.0;87021468544418
1385731912047;4.0;87021519083418
1385731912154;0.0;87021626776418
1385731912567;2.0;87022039286418
1385731912785;0.0;87022256445418
1385731912983;2.0;87022455622418
1385731913088;0.0;87022559762418
1385731913775;2.0;87023247726418
1385731913826;0.0;87023298271418
1385731914461;2.0;87023933314418
1385731914514;0.0;87023986213418
1385731916299;2.0;87025771859418
1385731916344;0.0;87025816674418
1385731917756;2.0;87027228255418
1385731917856;4.0;87027328524418
1385731917922;8.0;87027387905418
1385731917964;4.0;87027436670418
1385731918016;6.0;87027488048418
1385731918228;2.0;87027700476418
1385731918283;0.0;87027756005418
1385731918436;2.0;87027908500418
1385731918545;0.0;87028017381418
1385731918595;2.0;87028067067418
1385731918653;0.0;87028125585418
1385731918966;2.0;87028438286418
1385731919017;0.0;87028488794418
1385731919076;2.0;87028547370418
1385731919125;0.0;87028597673418
1385731919234;2.0;87028706108418
1385731919284;0.0;87028756644418
1385731919663;2.0;87029124648418
1385731919706;0.0;87029178127418
1385731920077;4.0;87029549691418
1385731920123;2.0;87029595353418
1385731920228;0.0;87029698995418
1385731920493;2.0;87029965585418
1385731920542;0.0;87030015486418
1385731921014;2.0;87030486463418
1385731921065;4.0;87030537249418
1385731921120;2.0;87030592055418
1385731921173;0.0;87030645923418
1385731921434;2.0;87030907431418
1385731921645;0.0;87031117140418
1385731923265;2.0;87032738038418
1385731923475;0.0;87032946866418
1385731923737;4.0;87033209204418
1385731923846;0.0;87033317880418
1385731923895;2.0;87033367424418
1385731923945;0.0;87033417838418
1385731925614;2.0;87035087006418
1385731925823;0.0;87035295895418
1385731926136;2.0;87035608556418
1385731926353;0.0;87035825624418
1385731927299;2.0;87036769403418
1385731927351;0.0;87036824139418
1385731927564;2.0;87037036248418
1385731927613;0.0;87037085660418
1385731927663;2.0;87037135810418
1385731927766;4.0;87037238857418
1385731927877;0.0;87037348919418
1385731928188;2.0;87037660462418
1385731928243;0.0;87037715908418
1385731928714;2.0;87038186148418
1385731928874;0.0;87038346685418
1385731928976;4.0;87038448665418
1385731929085;6.0;87038557133418
1385731929135;2.0;87038607474418
1385731929243;0.0;87038715718418
1385731929555;2.0;87039028068418
1385731929606;0.0;87039078692418
1385731930033;2.0;87039505277418
1385731930084;0.0;87039555887418
1385731934735;2.0;87044206733418
1385731934835;0.0;87044308234418
1385731938297;2.0;87047769109418
1385731938346;0.0;87047818612418
1385731941544;2.0;87051016130418
1385731941597;0.0;87051069872418
1385731954165;2.0;87063636553418
1385731954213;0.0;87063685941418
1385731961238;2.0;87070710242419
1385731961397;0.0;87070869422418
1385731962544;2.0;87072017322418
1385731962655;0.0;87072126730418
1385731963067;2.0;87072538967418
1385731963116;0.0;87072588795418
1385731964425;2.0;87073897749418
1385731964533;0.0;87074005924418
1385731965987;4.0;87075459005418
1385731966046;2.0;87075517515418
1385731966204;0.0;87075676065418
1385731967044;2.0;87076516044418
1385731967196;0.0;87076668252418
1385731968093;2.0;87077566402418
1385731968198;0.0;87077669360418
1385731969877;2.0;87079349203418
1385731969936;0.0;87079407321418
1385731981755;2.0;87090827361418
1385731981763;0.0;87090935845418
1385731981770;2.0;87091039391418
1385731981777;0.0;87091145952418
1385731983254;2.0;87092726123418
1385731983313;0.0;87092779093418
1385731985245;2.0;87094717310418
1385731985395;0.0;87094867323418
1385731985875;2.0;87095346958418
1385731985975;0.0;87095447002418
1385731986034;2.0;87095505266418
1385731986087;0.0;87095555676418
1385731986666;2.0;87096137267418
1385731986718;0.0;87096187165418
1385731988135;2.0;87097607354418
1385731988235;0.0;87097707202418
1385731988547;2.0;87098019220418
1385731988656;0.0;87098128261418
1385731993358;4.0;87102828918418
1385731993415;2.0;87102887196418
1385731993576;0.0;87103045953418
1385731993782;2.0;87103255535418
1385731993836;0.0;87103308509418
1385731996708;2.0;87106179707418
1385731996865;0.0;87106337670418
1385732003084;2.0;87112556665418
1385732003293;0.0;87112766130418
1385732006971;2.0;87116437718418
1385732007065;0.0;87116537879418
1385732009205;2.0;87118677339418
1385732009363;0.0;87118836026418
1385732016166;2.0;87125638635418
1385732016225;0.0;87125697666418
1385732017847;4.0;87127318971418
1385732017955;2.0;87127427816418
1385732018064;0.0;87127536033418
1385732021793;2.0;87131265697418
1385732021895;0.0;87131368391418
1385732024187;2.0;87133658538418
1385732024395;0.0;87133867321418
1385732028741;2.0;87138214416418
1385732028853;0.0;87138325761418
1385732043764;2.0;87153237071418
1385732043873;0.0;87153345999418
1385732045398;2.0;87154867428418
1385732045444;0.0;87154917181418
1385732047126;8.0;87156597953418
1385732047284;0.0;87156756361418
1385732049375;2.0;87158847848418
1385732049486;0.0;87158956662418
1385732072704;2.0;87182175917418
1385732072806;0.0;87182279063418
1385732075274;2.0;87184746187418
1385732075381;0.0;87184851564419
1385732096926;2.0;87206398216418
1385732097026;0.0;87206498327418
1385732102675;2.0;87212147253417
1385732102734;0.0;87212205704418
1385732118555;2.0;87228026090417
1385732118657;0.0;87228129505417
1385732146766;2.0;87256238247417
1385732146874;0.0;87256346753417
1385732157313;2.0;87266786202417
1385732157470;0.0;87266941443418
1385732184607;2.0;87294079035417
1385732184815;0.0;87294288219417
1385732199123;2.0;87308595128418
1385732199174;0.0;87308646223418
1385732202204;2.0;87311676749418
1385732202253;0.0;87311726242418
1385732203984;2.0;87313456576418
1385732204143;0.0;87313616124418
1385732214056;2.0;87323528198418
1385732214206;0.0;87323677904418
1385732218248;2.0;87327721386418
1385732218407;6.0;87327879299418
1385732218457;2.0;87327929501418
1385732218515;0.0;87327987401418
1385732223652;2.0;87333125518418
1385732223756;0.0;87333227571418
1385732223906;2.0;87333379228418
1385732223968;0.0;87333438614418
1385732225586;2.0;87335058550418
1385732225696;0.0;87335167673418
1385732227167;4.0;87336639377418
1385732227218;6.0;87336689899418
1385732227276;14.0;87336748206418
1385732227380;18.0;87336848111418
1385732227434;24.0;87336906621418
1385732227485;26.0;87336958153418
1385732227535;20.0;87337006872418
1385732227594;26.0;87337066227418
1385732227643;28.0;87337115931418
1385732227698;26.0;87337169549418
1385732227747;30.0;87337219741418
1385732227806;24.0;87337278305418
1385732227855;22.0;87337327896418
1385732227906;28.0;87337378515418
1385732227965;32.0;87337436576418
1385732228014;36.0;87337486376418
1385732228064;38.0;87337536548418
1385732228122;36.0;87337591882419
1385732228173;32.0;87337645563418
1385732228227;28.0;87337699083418
1385732228276;24.0;87337749429418
1385732228435;26.0;87337908004418
1385732228488;22.0;87337958420418
1385732228544;16.0;87338016386418
1385732228595;10.0;87338067206418
1385732228644;12.0;87338116230418
1385732228701;14.0;87338171476419
1385732228803;18.0;87338276004418
1385732228856;20.0;87338328325418
1385732228905;16.0;87338377995418
1385732228956;18.0;87338428383418
1385732229114;22.0;87338586734418
1385732229164;20.0;87338636939418
1385732229223;14.0;87338695112418
1385732229324;10.0;87338796437418
1385732229476;16.0;87338948268418
1385732229535;18.0;87339007011418
1385732229584;16.0;87339056485418
1385732229635;22.0;87339107377418
1385732229686;18.0;87339157062418
1385732229740;16.0;87339211819419
1385732229793;14.0;87339265971418
1385732229843;16.0;87339315728418
1385732229893;20.0;87339365755418
1385732230005;18.0;87339477233418
1385732230055;16.0;87339527280418
1385732230163;20.0;87339635702418
1385732230313;14.0;87339786041418
1385732230364;16.0;87339835986418
1385732230476;24.0;87339947964418
1385732230575;26.0;87340047504418
1385732230683;28.0;87340155822418
1385732230734;26.0;87340206234418
1385732230784;20.0;87340256259418
1385732230838;16.0;87340310453419
1385732230896;18.0;87340368727418
1385732230948;22.0;87340418645418
1385732231046;20.0;87340518454418
1385732231204;22.0;87340676706418
1385732231256;26.0;87340727026418
1385732231314;20.0;87340785490418
1385732231363;18.0;87340835947418
1385732231517;20.0;87340988970418
1385732231626;18.0;87341097327418
1385732231780;16.0;87341252728419
1385732231833;18.0;87341305546418
1385732231986;20.0;87341458329418
1385732232096;18.0;87341567544418
1385732232145;22.0;87341617164418
1385732232353;18.0;87341825915418
1385732232404;16.0;87341876158418
1385732232453;20.0;87341925425418
1385732232504;18.0;87341975953418
1385732232556;20.0;87342028186418
1385732232606;22.0;87342078459418
1385732232664;14.0;87342137054418
1385732232711;16.0;87342184106418
1385732232766;14.0;87342237892418
1385732232814;10.0;87342286482418
1385732232868;18.0;87342341388419
1385732232973;20.0;87342445752418
1385732233076;18.0;87342548916418
1385732233137;22.0;87342608917418
1385732233185;26.0;87342657511418
1385732233236;22.0;87342707895418
1385732233294;16.0;87342766006418
1385732233344;12.0;87342816211418
1385732233394;8.0;87342866481418
1385732233454;14.0;87342925428418
1385732233507;16.0;87342979482418
1385732233554;20.0;87343025973418
1385732233665;26.0;87343137496418
1385732233714;22.0;87343187144418
1385732233765;20.0;87343237573418
1385732233822;18.0;87343293741418
1385732233980;22.0;87343451271419
1385732234033;24.0;87343505481418
1385732234139;22.0;87343609484418
1385732234188;20.0;87343659028418
1385732234294;18.0;87343766585418
1385732234352;14.0;87343822047419
1385732234403;10.0;87343875454418
1385732234453;6.0;87343926118418
1385732234505;4.0;87343976416418
1385732234560;6.0;87344029339418
1385732234609;14.0;87344079532418
1385732234663;16.0;87344135591418
1385732234712;20.0;87344185304418
1385732234765;22.0;87344238140418
1385732234924;26.0;87344396584418
1385732234980;20.0;87344452689419
1385732235034;16.0;87344505982418
1385732235083;12.0;87344555839418
1385732235134;2.0;87344605993418
1385732235186;0.0;87344658578418
1385732235295;2.0;87344767152418
1385732235396;14.0;87344867516418
1385732235444;16.0;87344916579418
1385732235500;18.0;87344972634419
1385732235755;22.0;87345228054418
1385732235809;24.0;87345279708418
1385732235868;26.0;87345338102418
1385732235911;28.0;87345383974418
1385732235965;24.0;87345437737418
1385732236020;28.0;87345492771419
1385732236075;24.0;87345546903418
1385732236123;28.0;87345595582418
1385732236227;22.0;87345698754418
1385732236276;24.0;87345748893418
1385732236385;28.0;87345857265418
1385732236435;26.0;87345907448418
1385732236494;24.0;87345966054418
1385732236546;20.0;87346016797418
1385732236596;18.0;87346067215418
1385732236694;16.0;87346165984418
1385732236743;20.0;87346216032418
1385732236795;24.0;87346268254418
1385732236848;30.0;87346319741418
1385732236905;36.0;87346376949418
1385732236951;28.0;87346424008418
1385732237004;24.0;87346476779418
1385732237065;18.0;87346536802418
1385732237113;14.0;87346586255418
1385732237163;18.0;87346635953418
1385732237274;20.0;87346745972418
1385732237326;22.0;87346798451418
1385732237375;26.0;87346847813418
1385732237425;28.0;87346898156418
1385732237532;24.0;87347003033419
1385732237585;22.0;87347056692418
1385732237633;18.0;87347106126418
1385732237794;16.0;87347265931418
1385732237843;24.0;87347315596418
1385732237946;22.0;87347418259418
1385732237996;20.0;87347467912418
1385732238055;18.0;87347526758418
1385732238203;22.0;87347675918418
1385732238258;18.0;87347730226419
1385732238315;20.0;87347786420418
1385732238366;22.0;87347838260418
1385732238421;14.0;87347892782419
1385732238475;18.0;87347947508418
1385732238576;20.0;87348047674418
1385732238637;16.0;87348108132418
1385732238689;14.0;87348161603419
1385732238739;16.0;87348211420419
1385732238847;18.0;87348318964418
1385732238894;14.0;87348366045418
1385732239007;18.0;87348477647418
1385732239105;22.0;87348577666418
1385732239164;24.0;87348636139418
1385732239213;20.0;87348686018418
1385732239265;24.0;87348736417418
1385732239319;26.0;87348791328419
1385732239374;22.0;87348845933418
1385732239476;16.0;87348948264418
1385732239575;18.0;87349048291418
1385732239683;20.0;87349156274418
1385732239734;16.0;87349206755418
1385732239899;14.0;87349369759418
1385732239947;20.0;87349418839418
1385732239998;22.0;87349469433418
1385732240105;24.0;87349577558418
1385732240155;18.0;87349627640418
1385732240211;16.0;87349683593419
1385732240263;14.0;87349736174418
1385732240314;10.0;87349786377418
1385732240364;8.0;87349836095418
1385732240420;12.0;87349891693419
1385732240468;16.0;87349939538418
1385732240526;22.0;87349998614418
1385732240628;24.0;87350099020418
1385732240686;16.0;87350157166418
1385732240784;20.0;87350256666418
1385732240889;16.0;87350361148419
1385732240943;20.0;87350415754418
1385732240994;16.0;87350465512418
1385732241048;22.0;87350520600419
1385732241098;24.0;87350569541418
1385732241157;20.0;87350628097418
1385732241364;24.0;87350836636418
1385732241415;26.0;87350887310418
1385732241523;28.0;87350995910418
1385732241576;22.0;87351048674418
1385732241627;24.0;87351098926418
1385732241676;28.0;87351148931418
1385732241726;22.0;87351198358418
1385732241785;24.0;87351256833418
1385732241835;22.0;87351307384418
1385732241885;20.0;87351356914418
1385732242046;18.0;87351519023418
1385732242146;12.0;87351619137418
1385732242255;10.0;87351727655418
1385732242306;8.0;87351778233418
1385732242365;10.0;87351836656418
1385732242415;14.0;87351887759418
1385732242464;10.0;87351936785418
1385732242570;6.0;87352041593419
1385732242623;4.0;87352095899418
1385732242729;2.0;87352199851418
1385732242774;4.0;87352247576418
1385732242826;6.0;87352298354418
1385732242877;12.0;87352348645418
1385732242936;14.0;87352406958418
1385732242984;10.0;87352456266418
1385732243034;8.0;87352506501418
1385732243094;6.0;87352565904418
1385732243144;4.0;87352616912418
1385732243297;6.0;87352769043418
1385732243346;8.0;87352818863418
1385732243404;10.0;87352877123418
1385732243455;8.0;87352927767418
1385732243505;10.0;87352977633418
1385732243613;12.0;87353085975418
1385732243664;8.0;87353136280418
1385732243768;6.0;87353240484419
1385732243927;4.0;87353398894418
1385732243985;0.0;87353457205418
1385732244086;6.0;87353557995418
1385732244135;10.0;87353607031418
1385732244193;8.0;87353665525418
1385732244243;6.0;87353716214418
1385732244348;2.0;87353820265419
1385732244404;4.0;87353876008418
1385732244508;6.0;87353979152418
1385732244567;8.0;87354037715418
1385732244614;6.0;87354086832418
1385732244723;12.0;87354195536418
1385732244773;14.0;87354245523418
1385732244824;18.0;87354296553418
1385732244874;12.0;87354346378418
1385732244928;4.0;87354400292419
1385732244986;2.0;87354458212418
1385732245035;4.0;87354507941418
1385732245088;6.0;87354559692418
1385732245145;10.0;87354616790418
1385732245244;12.0;87354716779418
1385732245350;8.0;87354821385419
1385732245404;4.0;87354876465418
1385732245453;8.0;87354925595418
1385732245503;4.0;87354975764418
1385732245556;10.0;87355028162418
1385732245612;12.0;87355079766418
1385732245665;10.0;87355137183418
1385732245715;8.0;87355187256418
1385732245823;6.0;87355295382418
1385732245873;12.0;87355345874418
1385732245924;16.0;87355396025418
1385732245973;18.0;87355446137418
1385732246027;16.0;87355499541418
1385732246088;12.0;87355558218418
1385732246134;6.0;87355607268418
1385732246185;8.0;87355657898418
1385732246293;4.0;87355765982418
1385732246345;6.0;87355817196418
1385732246453;10.0;87355926133418
1385732246608;8.0;87356079822418
1385732246655;6.0;87356128188418
1385732246716;10.0;87356187016418
1385732246767;12.0;87356238899418
1385732246815;14.0;87356287047418
1385732246873;10.0;87356345336418
1385732246923;8.0;87356395729418
1385732246973;6.0;87356445598418
1385732247023;8.0;87356495930418
1385732247125;10.0;87356598203418
1385732247177;8.0;87356649290418
1385732247235;10.0;87356707088418
1385732247294;12.0;87356757120418
1385732247334;10.0;87356806819418
1385732247392;12.0;87356863231419
1385732247454;8.0;87356921615419
1385732247499;6.0;87356970663419
1385732247553;12.0;87357025704418
1385732247604;16.0;87357075965418
1385732247656;20.0;87357128149418
1385732247707;12.0;87357178637418
1385732247765;16.0;87357237502418
1385732247866;12.0;87357338031418
1385732247924;16.0;87357396288418
1385732247972;10.0;87357445436418
1385732248074;8.0;87357546383418
1385732248128;6.0;87357599016418
1385732248179;4.0;87357651422419
1385732248226;8.0;87357698603418
1385732248285;4.0;87357757303418
1385732248334;6.0;87357807019418
1385732248385;4.0;87357857460418
1385732248436;6.0;87357908202418
1385732248493;4.0;87357965811418
1385732248545;6.0;87358018059418
1385732248593;4.0;87358065734418
1385732248694;2.0;87358165968418
1385732248855;6.0;87358327451418
1385732248906;2.0;87358377764418
1385732248954;4.0;87358426911418
1385732249016;8.0;87358487426418
1385732249063;10.0;87358535598418
1385732249114;14.0;87358586539418
1385732249169;20.0;87358639508418
1385732249218;22.0;87358689722418
1385732249325;20.0;87358797751418
1385732249376;18.0;87358848230418
1385732249434;14.0;87358906535418
1385732249484;12.0;87358956591418
1385732249536;14.0;87359007213418
1385732249644;10.0;87359111955419
1385732249693;6.0;87359165702418
1385732249743;10.0;87359215793418
1385732249793;4.0;87359265769418
1385732249952;0.0;87359424328418
1385732250796;2.0;87360265329418
1385732250844;4.0;87360316072418
1385732250895;8.0;87360367863418
1385732250947;6.0;87360418686418
1385732251004;8.0;87360477011418
1385732251053;6.0;87360526264418
1385732251104;2.0;87360577148418
1385732251163;0.0;87360635827418
