1385731876708
1385731882938
1385731885731
1385731889984
1385731892342
1385731896796
1385731898868
1385731903141
1385731905336
1385731910193
1385731912257
1385731916592
1385731918886
1385731923159
1385731925645
1385731930012
1385731932110
1385731936370
1385731938523
1385731943189
1385731945400
1385731949585
1385731951572
1385731955886
1385731958131
1385731961976
1385731964207
1385731968092
1385731970238
1385731973910
1385731975945
1385731980177
1385731982321
1385731987669
1385731990304
1385731995314
1385731997470
1385732002283
1385732004592
1385732009752
1385732011920
1385732017414
1385732019770
1385732025263
1385732027327
1385732031472
1385732033603
1385732038454
1385732040475
1385732047872
1385732050267
1385732055548
1385732058111
1385732062764
1385732064903
1385732070844
1385732072956
1385732078673
1385732081118
1385732086733
1385732089060
1385732093929
1385732096325
1385732101626
1385732103871
1385732108832
1385732110999
1385732117136
1385732119326
1385732126178
1385732128279
1385732133955
1385732136238
1385732145055
1385732147196
1385732152201
1385732154704
1385732160622
1385732162685
1385732166628
1385732168631
1385732173018
1385732175224
1385732179710
1385732181868
1385732189642
1385732191914
1385732197286
1385732199373
1385732204149
1385732206147
1385732210762
1385732212965
1385732218319
1385732220494
1385732226021
1385732228148
1385732233892
1385732236078
1385732240983
1385732243426
1385732248956
