1386162110434
1386162112880
1386162115607
1386162118482
1386162121056
1386162123794
1386162126060
1386162128855
1386162132503
1386162135631
1386162138848
1386162141726
1386162143726
1386162146803
1386162150095
1386162152386
1386162154984
1386162158263
1386162160773
1386162164562
1386162166690
1386162169781
1386162171962
1386162175296
1386162177546
1386162179836
1386162182079
1386162185111
1386162187247
1386162189871
1386162191896
1386162194644
1386162196639
1386162199358
1386162201241
1386162204106
1386162205858
1386162208873
1386162210499
1386162212995
1386162215233
1386162217701
1386162219510
1386162222714
1386162224741
1386162227863
1386162229772
1386162232884
1386162235093
1386162238025
1386162240552
1386162242981
1386162245023
1386162247926
1386162250007
1386162252736
1386162254725
1386162257616
1386162259237
1386162262552
1386162263891
1386162267126
1386162268633
1386162271507
1386162273254
1386162275961
1386162277786
1386162280700
1386162282261
1386162285385
1386162287150
1386162289996
1386162291996
1386162294662
1386162296695
1386162299161
1386162300898
1386162303538
1386162305156
1386162307996
1386162309439
1386162312039
1386162313875
1386162316661
1386162318368
1386162321396
1386162323159
1386162325523
1386162327295
1386162329338
1386162331142
1386162333716
1386162335241
1386162337615
1386162339288
1386162341703
1386162343676
1386162345853
1386162347339
1386162350113
1386162351818
1386162354058
