1386165449614
1386165450435
1386165451104
1386165451846
1386165452460
1386165453145
1386165453821
1386165454417
1386165455111
1386165455740
1386165456396
1386165456976
1386165457538
1386165458226
1386165458861
1386165459461
1386165460098
1386165460743
1386165461415
1386165462099
1386165462719
1386165463304
1386165463976
1386165464600
1386165465225
1386165465857
1386165466493
1386165467180
1386165467751
1386165468426
1386165469003
1386165469616
1386165470205
1386165470862
1386165471494
1386165472207
1386165472779
1386165473314
1386165474031
1386165474643
1386165475195
1386165475853
1386165476522
1386165477172
1386165477776
1386165478373
1386165479047
1386165479696
1386165480258
1386165480976
1386165481679
