1386165438515;1020.78894;1386165438075635111
1386165438516;1020.80896;1386165438137616312
1386165438517;1020.8289;1386165438171796000
1386165438519;1020.8289;1386165438206525004
1386165438520;1020.8389;1386165438239300883
1386165438522;1020.8389;1386165438273022806
1386165438524;1020.8389;1386165438307385599
1386165438526;1020.84894;1386165438340161478
1386165438530;1020.8389;1386165438374280131
1386165438533;1020.84894;1386165438408429301
1386165438535;1020.84894;1386165438441144144
1386165438542;1020.8589;1386165438475110209
1386165438551;1020.8589;1386165438509320414
1386165438617;1020.8589;1386165438545129743
1386165438643;1020.8689;1386165438609918561
1386165438696;1020.8689;1386165438642602887
1386165438698;1020.8789;1386165438676324811
1386165438712;1020.8889;1386165438710657087
1386165438744;1020.8889;1386165438743341413
1386165438779;1020.8989;1386165438777002301
1386165438813;1020.8989;1386165438811456647
1386165438846;1020.8989;1386165438844202009
1386165438879;1020.8989;1386165438877893415
1386165438917;1020.9089;1386165438911981550
1386165438946;1020.9189;1386165438944665876
1386165438980;1020.9089;1386165438978418317
1386165439018;1020.9189;1386165439012964216
1386165439050;1020.9189;1386165439048700300
1386165439116;1020.9089;1386165439113489118
1386165439152;1020.9189;1386165439146203962
1386165439181;1020.9089;1386165439179864850
1386165439216;1020.9089;1386165439214136091
1386165439249;1020.9089;1386165439246881452
1386165439282;1020.9089;1386165439280572858
1386165439317;1020.9089;1386165439314935651
1386165439349;1020.9089;1386165439347681012
1386165439383;1020.9089;1386165439381830182
1386165439418;1020.9089;1386165439415674176
1386165439450;1020.9089;1386165439448389020
1386165439484;1020.9089;1386165439482233014
1386165439526;1020.9089;1386165439516504255
1386165439553;1020.9089;1386165439552209821
1386165439619;1020.8989;1386165439616998639
1386165439651;1020.8989;1386165439649682966
1386165439685;1020.9089;1386165439683374372
1386165439720;1020.8989;1386165439718011823
1386165439755;1020.9089;1386165439753808942
1386165439823;1020.8989;1386165439818658796
1386165439856;1020.8989;1386165439854577985
1386165439932;1020.8989;1386165439919397321
1386165440024;1020.8889;1386165439955255475
1386165440050;1020.8889;1386165440020074811
1386165440058;1020.8889;1386165440055902448
1386165440122;1020.8889;1386165440120538678
1386165440155;1020.8889;1386165440153400044
1386165440189;1020.8889;1386165440187610249
1386165440224;1020.8789;1386165440221728901
1386165440259;1020.8789;1386165440257587055
1386165440329;1020.8789;1386165440322284321
1386165440357;1020.8789;1386165440355029682
1386165440391;1020.8689;1386165440388537983
1386165440429;1020.8689;1386165440423083881
1386165440506;1020.8689;1386165440459094624
1386165440546;1020.8689;1386165440523730854
1386165440561;1020.8689;1386165440559466938
1386165440626;1020.8689;1386165440624225239
1386165440659;1020.8689;1386165440656940083
1386165440693;1020.8689;1386165440690753559
1386165440727;1020.8589;1386165440725177387
1386165440763;1020.8589;1386165440761127094
1386165440830;1020.8589;1386165440825824360
1386165440861;1020.84894;1386165440858569721
1386165440895;1020.84894;1386165440892840962
1386165440932;1020.8589;1386165440926715473
1386165440970;1020.8589;1386165440962556018
1386165441049;1020.8589;1386165441027100696
1386165441062;1020.8589;1386165441059815540
1386165441095;1020.8689;1386165441093751087
1386165441130;1020.8689;1386165441127869739
1386165441162;1020.8689;1386165441160615100
1386165441196;1020.8689;1386165441194855823
1386165441231;1020.8689;1386165441228852405
1386165441266;1020.8689;1386165441264680042
1386165441332;1020.8789;1386165441329560413
1386165441367;1020.8789;1386165441365388050
1386165441433;1020.8889;1386165441430115833
1386165441466;1020.8889;1386165441462861194
1386165441503;1020.8889;1386165441497101917
1386165441536;1020.8889;1386165441532227649
1386165441605;1020.8889;1386165441597199573
1386165441645;1020.8789;1386165441631531849
1386165441669;1020.8789;1386165441667298450
1386165441734;1020.8689;1386165441732239856
1386165441767;1020.8689;1386165441764985218
1386165441801;1020.8689;1386165441799225940
1386165441835;1020.8689;1386165441833069934
1386165441871;1020.8689;1386165441868836536
1386165441945;1020.8689;1386165441933838977
1386165441972;1020.8689;1386165441969636097
1386165442040;1020.8589;1386165442034211292
1386165442069;1020.8589;1386165442066895618
1386165442104;1020.8589;1386165442100587024
1386165442142;1020.8589;1386165442135224475
1386165442178;1020.8689;1386165442171052112
1386165442264;1020.8589;1386165442235840931
1386165442273;1020.8589;1386165442271668567
1386165442339;1020.8589;1386165442336335315
1386165442370;1020.8589;1386165442369019641
1386165442405;1020.8589;1386165442402711048
1386165442441;1020.8589;1386165442437348499
1386165442475;1020.8589;1386165442473176136
1386165442540;1020.8589;1386165442537751331
1386165442572;1020.84894;1386165442570582099
1386165442613;1020.84894;1386165442604273505
1386165442644;1020.84894;1386165442638697333
1386165442673;1020.84894;1386165442671442695
1386165442707;1020.8389;1386165442705042548
1386165442743;1020.8389;1386165442739557929
1386165442777;1020.8389;1386165442775446601
1386165442847;1020.8389;1386165442840357490
1386165442878;1020.8389;1386165442875940986
1386165442943;1020.8389;1386165442940699287
1386165442974;1020.84894;1386165442973383613
1386165443010;1020.84894;1386165443007258124
1386165443044;1020.84894;1386165443041346259
1386165443075;1020.8589;1386165443074091621
1386165443109;1020.8589;1386165443107783027
1386165443146;1020.8589;1386165443142450996
1386165443180;1020.8589;1386165443178278632
1386165443259;1020.8589;1386165443243128486
1386165443285;1020.8589;1386165443278895087
1386165443424;1020.8689;1386165443343928046
1386165443428;1020.8689;1386165443379829484
1386165443450;1020.8789;1386165443444587784
1386165443482;1020.8789;1386165443480293351
1386165443547;1020.8789;1386165443545051651
1386165443580;1020.8789;1386165443577766495
1386165443613;1020.8789;1386165443611457901
1386165443649;1020.8789;1386165443646064835
1386165443684;1020.8789;1386165443681922989
1386165443750;1020.8789;1386165443746650773
1386165443781;1020.8889;1386165443779402553
1386165443818;1020.8889;1386165443813643276
1386165443853;1020.8889;1386165443847517787
1386165443885;1020.8989;1386165443883345424
1386165443950;1020.8989;1386165443948256313
1386165444001;1020.8989;1386165443984083949
1386165444050;1020.8989;1386165444048598110
1386165444083;1020.9089;1386165444081282436
1386165444116;1020.9089;1386165444115004360
1386165444151;1020.8989;1386165444149458705
1386165444184;1020.9089;1386165444182204067
1386165444218;1020.8989;1386165444216414272
1386165444253;1020.8989;1386165444250349819
1386165444288;1020.9089;1386165444286207973
1386165444371;1020.9089;1386165444350996791
1386165444393;1020.9189;1386165444386793910
1386165444486;1020.9189;1386165444451765834
1386165444503;1020.9089;1386165444487532436
1386165444554;1020.9089;1386165444552138149
1386165444586;1020.9089;1386165444584926667
1386165444620;1020.9089;1386165444618618074
1386165444656;1020.9089;1386165444653225007
1386165444691;1020.8989;1386165444688961091
1386165444756;1020.8989;1386165444753688874
1386165444789;1020.8989;1386165444786373201
1386165444824;1020.8989;1386165444820064607
1386165444856;1020.8989;1386165444854335847
1386165444892;1020.8989;1386165444887050691
1386165444924;1020.8989;1386165444921169343
1386165444960;1020.8989;1386165444955318513
1386165444994;1020.8889;1386165444991237703
1386165445087;1020.8889;1386165445055782380
1386165445091;1020.8889;1386165445088497224
1386165445124;1020.8789;1386165445122432771
1386165445158;1020.8889;1386165445156429353
1386165445190;1020.8789;1386165445189113679
1386165445224;1020.8889;1386165445222866120
1386165445260;1020.8889;1386165445257503572
1386165445295;1020.8889;1386165445293331208
1386165445360;1020.8889;1386165445358211579
1386165445396;1020.8989;1386165445394069734
1386165445475;1020.8989;1386165445458889070
1386165445499;1020.8889;1386165445494655671
1386165445563;1020.8889;1386165445559291902
1386165445619;1020.8889;1386165445591976228
1386165445630;1020.8889;1386165445625911775
1386165445662;1020.8789;1386165445659999910
1386165445694;1020.8889;1386165445692684236
1386165445729;1020.8889;1386165445726528230
1386165445764;1020.8989;1386165445760982576
1386165445799;1020.8989;1386165445796871247
1386165445864;1020.8989;1386165445861751619
1386165445916;1020.8989;1386165445897548738
1386165445967;1020.8889;1386165445962459626
1386165446001;1020.8889;1386165445998317781
1386165446065;1020.8889;1386165446062862458
1386165446097;1020.8889;1386165446095516267
1386165446150;1020.8889;1386165446129268708
1386165446168;1020.8889;1386165446163869623
1386165446205;1020.8989;1386165446199758295
1386165446266;1020.8989;1386165446264577631
1386165446299;1020.8989;1386165446297353510
1386165446338;1020.8989;1386165446335256342
1386165446399;1020.9089;1386165446397298578
1386165446434;1020.8989;1386165446431905512
1386165446468;1020.9089;1386165446466054682
1386165446520;1020.9089;1386165446502004389
1386165446569;1020.9089;1386165446566579584
1386165446603;1020.9089;1386165446599263910
1386165446635;1020.9089;1386165446632924799
1386165446671;1020.9089;1386165446667531732
1386165446706;1020.9089;1386165446703389887
1386165446774;1020.9089;1386165446768178705
1386165446805;1020.9089;1386165446803884272
1386165446871;1020.9089;1386165446868978266
1386165446907;1020.9089;1386165446904836420
1386165446974;1020.9089;1386165446969760009
1386165447007;1020.8989;1386165447005465575
1386165447072;1020.8989;1386165447070223876
1386165447104;1020.8989;1386165447102908202
1386165447140;1020.8889;1386165447136630126
1386165447173;1020.8889;1386165447171206542
1386165447222;1020.8789;1386165447207003661
1386165447276;1020.8789;1386165447271914550
1386165447358;1020.8789;1386165447307772704
1386165447374;1020.8789;1386165447372323693
1386165447407;1020.8789;1386165447405008019
1386165447440;1020.8789;1386165447438729943
1386165447475;1020.8789;1386165447473275841
1386165447511;1020.8789;1386165447509164513
1386165447576;1020.8789;1386165447573739709
1386165447608;1020.8789;1386165447606424035
1386165447642;1020.8789;1386165447640268029
1386165447677;1020.8789;1386165447674661339
1386165447721;1020.8789;1386165447710519494
1386165447780;1020.8789;1386165447775430382
1386165447814;1020.8789;1386165447811288537
1386165447881;1020.8789;1386165447876199425
1386165447960;1020.8789;1386165447911996544
1386165447979;1020.8789;1386165447976602257
1386165448011;1020.8789;1386165448009256066
1386165448044;1020.8789;1386165448042947472
1386165448080;1020.8789;1386165448077279748
1386165448112;1020.8789;1386165448109964074
1386165448145;1020.8689;1386165448143685998
1386165448180;1020.8689;1386165448178336202
1386165448216;1020.8689;1386165448214224874
1386165448282;1020.8689;1386165448279074727
1386165448322;1020.8689;1386165448314932881
1386165448384;1020.8589;1386165448379782735
1386165448417;1020.8689;1386165448415640889
1386165448511;1020.8689;1386165448480612813
1386165448518;1020.8689;1386165448516257344
1386165448583;1020.8789;1386165448580893575
1386165448615;1020.8789;1386165448613608418
1386165448649;1020.8789;1386165448647299825
1386165448684;1020.8889;1386165448681845723
1386165448719;1020.8889;1386165448717734395
1386165448784;1020.8889;1386165448782584249
1386165448827;1020.8989;1386165448818411885
1386165448891;1020.8989;1386165448883383809
1386165448926;1020.8989;1386165448919150411
1386165448991;1020.8989;1386165448984030782
1386165449029;1020.8989;1386165449019858418
1386165449140;1020.8989;1386165449084433614
1386165449142;1020.8989;1386165449117148457
1386165449172;1020.8989;1386165449151145040
1386165449187;1020.8989;1386165449185080586
1386165449219;1020.8989;1386165449217825948
1386165449253;1020.8989;1386165449251547872
1386165449288;1020.8989;1386165449286002217
1386165449320;1020.9089;1386165449318778096
1386165449359;1020.9089;1386165449356741963
1386165449420;1020.8989;1386165449418692647
1386165449455;1020.8989;1386165449453269063
1386165449495;1020.8989;1386165449487601338
1386165449531;1020.8989;1386165449523276387
1386165449610;1020.8889;1386165449588034688
1386165449626;1020.8889;1386165449620780049
1386165449661;1020.8889;1386165449654379903
1386165449703;1020.8889;1386165449688895284
1386165449726;1020.8889;1386165449724600850
1386165449798;1020.8889;1386165449789688884
1386165449827;1020.8889;1386165449822403728
1386165449865;1020.8889;1386165449856156169
1386165449895;1020.8989;1386165449890488445
1386165449932;1020.8889;1386165449926377117
1386165449995;1020.8789;1386165449991257488
1386165450029;1020.8789;1386165450027054607
1386165450096;1020.8789;1386165450091690837
1386165450126;1020.8889;1386165450124405681
1386165450160;1020.8889;1386165450158066570
1386165450221;1020.8789;1386165450192581951
1386165450234;1020.8889;1386165450228440105
1386165450295;1020.8889;1386165450293106853
1386165450327;1020.8889;1386165450325791179
1386165450361;1020.8889;1386165450359574138
1386165450395;1020.8889;1386165450393723308
1386165450435;1020.8889;1386165450426407634
1386165450462;1020.8889;1386165450460160076
1386165450497;1020.8789;1386165450494522869
1386165450529;1020.8789;1386165450527207195
1386165450563;1020.8789;1386165450560929119
1386165450597;1020.8789;1386165450595304379
1386165450630;1020.8789;1386165450627988705
1386165450664;1020.8689;1386165450661832699
1386165450700;1020.8689;1386165450696134457
1386165450731;1020.8689;1386165450728879818
1386165450765;1020.8689;1386165450763090023
1386165450800;1020.8589;1386165450797025570
1386165450835;1020.8689;1386165450832853207
1386165450900;1020.8589;1386165450897733578
1386165450935;1020.8589;1386165450933591732
1386165451005;1020.84894;1386165450998478221
1386165451060;1020.84894;1386165451034214305
1386165451100;1020.84894;1386165451098881053
1386165451133;1020.84894;1386165451131595897
1386165451169;1020.84894;1386165451165531444
1386165451202;1020.84894;1386165451199558543
1386165451234;1020.84894;1386165451232242869
1386165451268;1020.84894;1386165451266392039
1386165451324;1020.84894;1386165451300541209
1386165451345;1020.8589;1386165451336338328
1386165451405;1020.84894;1386165451401371287
1386165451447;1020.84894;1386165451437137889
1386165451509;1020.84894;1386165451501987742
1386165451548;1020.84894;1386165451537754344
1386165451607;1020.8589;1386165451602421092
1386165451637;1020.84894;1386165451635135936
1386165451701;1020.8589;1386165451668827342
1386165451750;1020.8589;1386165451703464793
1386165451760;1020.8589;1386165451739200877
1386165451806;1020.8589;1386165451803849391
1386165451839;1020.8689;1386165451836533717
1386165451872;1020.8689;1386165451870286159
1386165451906;1020.8689;1386165451904587916
1386165451939;1020.8689;1386165451937272243
1386165451973;1020.8689;1386165451970994166
1386165452008;1020.8689;1386165452005570583
1386165452070;1020.8689;1386165452041306666
1386165452109;1020.8789;1386165452106003932
1386165452142;1020.8789;1386165452138688258
1386165452175;1020.8789;1386165452172410182
1386165452211;1020.8789;1386165452206925563
1386165452280;1020.8789;1386165452242844752
1386165452322;1020.8889;1386165452307633571
1386165452347;1020.8889;1386165452343339137
1386165452412;1020.8889;1386165452408097438
1386165452442;1020.8989;1386165452440781764
1386165452479;1020.8989;1386165452474503688
1386165452511;1020.8989;1386165452508805446
1386165452543;1020.8989;1386165452541489772
1386165452577;1020.8989;1386165452575211696
1386165452612;1020.8989;1386165452609543971
1386165452644;1020.8989;1386165452642228297
1386165452678;1020.8989;1386165452675980739
1386165452725;1020.9089;1386165452710496120
1386165452762;1020.9089;1386165452746506862
1386165452813;1020.9089;1386165452810929469
1386165452845;1020.9189;1386165452843613795
1386165452879;1020.9289;1386165452877335719
1386165452914;1020.9289;1386165452911790065
1386165452946;1020.9289;1386165452944535426
1386165452981;1020.93884;1386165452978776149
1386165453015;1020.93884;1386165453012681178
1386165453051;1020.93884;1386165453048478297
1386165453145;1020.93884;1386165453113053493
1386165453149;1020.94885;1386165453145768336
1386165453181;1020.94885;1386165453179490260
1386165453249;1020.94885;1386165453213975124
1386165453257;1020.94885;1386165453249863795
1386165453316;1020.94885;1386165453314500026
1386165453349;1020.93884;1386165453347184352
1386165453383;1020.93884;1386165453380997829
1386165453418;1020.94885;1386165453415690240
1386165453453;1020.93884;1386165453451517877
1386165453519;1020.93884;1386165453516367731
1386165453554;1020.9289;1386165453552195367
1386165453619;1020.9289;1386165453616770563
1386165453652;1020.9189;1386165453649485406
1386165453686;1020.9189;1386165453683176813
1386165453741;1020.9189;1386165453717753229
1386165453769;1020.9089;1386165453753580865
1386165453822;1020.9089;1386165453818247614
1386165453852;1020.9089;1386165453850931940
1386165453886;1020.8989;1386165453884623346
1386165453922;1020.8889;1386165453918986139
1386165453954;1020.8989;1386165453951670465
1386165453988;1020.8989;1386165453985880670
1386165454031;1020.8989;1386165454019907770
1386165454057;1020.8889;1386165454055613336
1386165454122;1020.8989;1386165454120371637
1386165454155;1020.8989;1386165454153086481
1386165454194;1020.8989;1386165454186777887
1386165454227;1020.8989;1386165454221306130
1386165454264;1020.8989;1386165454257194802
1386165454356;1020.9089;1386165454322075173
1386165454372;1020.9089;1386165454357841774
1386165454424;1020.8989;1386165454422447487
1386165454456;1020.9089;1386165454455162331
1386165454490;1020.9089;1386165454488884255
1386165454526;1020.9089;1386165454523186013
1386165454558;1020.9189;1386165454555900856
1386165454591;1020.9189;1386165454589744851
1386165454627;1020.9189;1386165454623863503
1386165454658;1020.9189;1386165454656547829
1386165454692;1020.9289;1386165454690300270
1386165454729;1020.9189;1386165454724846169
1386165454763;1020.9189;1386165454760734841
1386165454828;1020.9189;1386165454825584694
1386165454865;1020.9189;1386165454861351296
1386165454943;1020.9189;1386165454926201149
1386165454963;1020.9189;1386165454961937233
1386165455029;1020.9189;1386165455026756569
1386165455061;1020.9189;1386165455059440895
1386165455094;1020.9189;1386165455093254372
1386165455134;1020.9189;1386165455127403542
1386165455162;1020.9189;1386165455160087868
1386165455196;1020.9189;1386165455193840309
1386165455233;1020.9189;1386165455228172585
1386165455263;1020.9189;1386165455260856911
1386165455297;1020.9189;1386165455294975563
1386165455335;1020.9089;1386165455329094216
1386165455370;1020.9189;1386165455364891335
1386165455433;1020.9189;1386165455429558083
1386165455464;1020.9189;1386165455462242409
1386165455498;1020.9189;1386165455495964333
1386165455534;1020.9189;1386165455530479714
1386165455578;1020.9189;1386165455566276833
1386165455633;1020.9189;1386165455630974099
1386165455666;1020.9189;1386165455663658425
1386165455709;1020.9189;1386165455697380349
1386165455739;1020.9189;1386165455731621071
1386165455768;1020.9189;1386165455764305397
1386165455830;1020.9089;1386165455798204464
1386165455846;1020.9089;1386165455832780880
1386165455876;1020.9089;1386165455868608517
1386165455935;1020.9189;1386165455933244747
1386165455967;1020.9189;1386165455965929074
1386165456003;1020.9089;1386165455999803585
1386165456041;1020.9089;1386165456034196896
1386165456080;1020.9089;1386165456070024533
1386165456143;1020.9089;1386165456134752316
1386165456169;1020.9089;1386165456167436642
1386165456204;1020.9089;1386165456201128048
1386165456243;1020.9189;1386165456235643429
1386165456277;1020.9189;1386165456271471066
1386165456393;1020.9189;1386165456336076779
1386165456400;1020.9189;1386165456368791622
1386165456412;1020.9189;1386165456402727169
1386165456443;1020.9189;1386165456436784786
1386165456471;1020.9189;1386165456469499630
1386165456505;1020.9189;1386165456503221554
1386165456540;1020.9189;1386165456537828488
1386165456575;1020.9289;1386165456573503536
1386165456640;1020.9289;1386165456638335547
1386165456673;1020.9289;1386165456671019873
1386165456706;1020.93884;1386165456704711279
1386165456747;1020.93884;1386165456739318213
1386165456777;1020.93884;1386165456775084814
1386165456875;1020.93884;1386165456840178808
1386165456900;1020.93884;1386165456875823340
1386165456942;1020.93884;1386165456940490088
1386165456976;1020.93884;1386165456973204931
1386165457009;1020.94885;1386165457006902720
1386165457043;1020.94885;1386165457041234996
1386165457075;1020.94885;1386165457073949839
1386165457109;1020.93884;1386165457107610728
1386165457145;1020.93884;1386165457141943003
1386165457176;1020.94885;1386165457174657847
1386165457233;1020.94885;1386165457208623912
1386165457245;1020.93884;1386165457242559458
1386165457276;1020.93884;1386165457275335337
1386165457311;1020.93884;1386165457309057261
1386165457347;1020.93884;1386165457343420054
1386165457427;1020.9289;1386165457376195933
1386165457446;1020.9289;1386165457414098765
1386165457477;1020.9289;1386165457476018931
1386165457512;1020.9289;1386165457510534312
1386165457547;1020.9289;1386165457544683482
1386165457579;1020.9189;1386165457577367808
1386165457612;1020.9189;1386165457611120249
1386165457648;1020.9089;1386165457645483042
1386165457680;1020.9089;1386165457678167369
1386165457714;1020.9089;1386165457712347056
1386165457769;1020.9089;1386165457746435191
1386165457784;1020.8989;1386165457782201792
1386165457854;1020.9089;1386165457847186556
1386165457885;1020.9089;1386165457882861604
1386165457952;1020.8989;1386165457947955599
1386165458026;1020.9089;1386165457983752718
1386165458050;1020.8989;1386165458048541536
1386165458089;1020.8989;1386165458084277620
1386165458151;1020.8989;1386165458149066438
1386165458183;1020.8989;1386165458181750765
1386165458225;1020.8989;1386165458215533724
1386165458251;1020.8989;1386165458249682894
1386165458284;1020.8989;1386165458282397737
1386165458317;1020.8989;1386165458316150179
1386165458356;1020.8989;1386165458350635042
1386165458393;1020.8989;1386165458386615267
1386165458457;1020.8989;1386165458451526155
1386165458494;1020.8989;1386165458487292757
1386165458558;1020.8989;1386165458552173128
1386165458636;1020.8989;1386165458587787142
1386165458654;1020.8989;1386165458652606478
1386165458687;1020.8889;1386165458685260286
1386165458721;1020.8989;1386165458718951692
1386165458756;1020.8889;1386165458753283968
1386165458802;1020.8989;1386165458785998811
1386165458825;1020.8989;1386165458819751253
1386165458861;1020.8989;1386165458853930940
1386165458892;1020.8989;1386165458886645784
1386165458922;1020.8989;1386165458920367708
1386165458959;1020.8989;1386165458954699983
1386165458992;1020.8989;1386165458987384310
1386165459023;1020.8989;1386165459021411409
1386165459059;1020.8889;1386165459055499544
1386165459095;1020.8989;1386165459088244905
1386165459152;1020.8889;1386165459121814241
1386165459161;1020.8889;1386165459156238069
1386165459196;1020.8889;1386165459192065706
1386165459259;1020.8889;1386165459256976595
1386165459292;1020.8889;1386165459289752474
1386165459326;1020.8889;1386165459323993196
1386165459360;1020.8889;1386165459357837190
1386165459395;1020.8889;1386165459393573274
1386165459463;1020.8889;1386165459458417118
1386165459494;1020.8889;1386165459491101445
1386165459526;1020.8889;1386165459524823368
1386165459564;1020.8889;1386165459559125126
1386165459596;1020.8889;1386165459591809452
1386165459636;1020.8789;1386165459625500859
1386165459664;1020.8789;1386165459660046757
1386165459697;1020.8789;1386165459695782841
1386165459762;1020.8789;1386165459760571659
1386165459795;1020.8789;1386165459793286503
1386165459834;1020.8789;1386165459827099980
1386165459866;1020.8789;1386165459861493290
1386165459900;1020.8789;1386165459897412480
1386165459967;1020.8789;1386165459962262333
1386165460005;1020.8789;1386165459998089970
1386165460066;1020.8689;1386165460062634648
1386165460100;1020.8689;1386165460095349491
1386165460130;1020.8589;1386165460129071415
1386165460192;1020.8589;1386165460163617314
1386165460201;1020.8589;1386165460199444950
1386165460266;1020.8589;1386165460264124431
1386165460298;1020.8589;1386165460296839275
1386165460332;1020.8589;1386165460330561199
1386165460368;1020.8589;1386165460365137615
1386165460403;1020.8589;1386165460400995769
1386165460468;1020.8589;1386165460465815105
1386165460503;1020.8589;1386165460501642741
1386165460573;1020.8589;1386165460566370525
1386165460600;1020.8589;1386165460599115886
1386165460644;1020.8589;1386165460632654704
1386165460702;1020.84894;1386165460666895427
1386165460706;1020.8589;1386165460699579753
1386165460745;1020.8589;1386165460733576335
1386165460769;1020.8689;1386165460767725505
1386165460802;1020.8689;1386165460800409831
1386165460836;1020.8689;1386165460834040202
1386165460871;1020.8689;1386165460868341960
1386165460903;1020.8689;1386165460901178874
1386165460937;1020.8689;1386165460935389079
1386165460974;1020.8689;1386165460970789470
1386165461043;1020.8689;1386165461035761394
1386165461091;1020.8689;1386165461070124187
1386165461107;1020.8789;1386165461105707683
1386165461174;1020.8689;1386165461170496501
1386165461258;1020.8689;1386165461203180827
1386165461264;1020.8689;1386165461237360515
1386165461312;1020.8789;1386165461271357097
1386165461315;1020.8789;1386165461307276286
1386165461376;1020.8789;1386165461371912517
1386165461406;1020.8789;1386165461404596843
1386165461440;1020.8689;1386165461438288249
1386165461474;1020.8789;1386165461472620525
1386165461507;1020.8789;1386165461505304851
1386165461541;1020.8789;1386165461538996257
1386165461575;1020.8889;1386165461573298015
1386165461607;1020.8889;1386165461605982341
1386165461641;1020.8889;1386165461639704265
1386165461679;1020.8889;1386165461674036540
1386165461708;1020.8989;1386165461706720866
1386165461742;1020.8989;1386165461740412273
1386165461780;1020.8989;1386165461775019206
1386165461813;1020.8989;1386165461810907878
1386165461877;1020.9089;1386165461875629686
1386165461910;1020.8989;1386165461908314012
1386165461944;1020.9089;1386165461942127489
1386165461979;1020.8989;1386165461976581834
1386165462014;1020.8989;1386165462012470506
1386165462081;1020.8989;1386165462077045702
1386165462111;1020.8889;1386165462109730028
1386165462145;1020.8889;1386165462143421434
1386165462180;1020.8889;1386165462177753709
1386165462213;1020.8789;1386165462210438036
1386165462247;1020.8789;1386165462244648241
1386165462281;1020.8889;1386165462278400682
1386165462312;1020.8789;1386165462311085008
1386165462346;1020.8889;1386165462344806932
1386165462382;1020.8789;1386165462379474901
1386165462418;1020.8789;1386165462415302537
1386165462482;1020.8689;1386165462480152391
1386165462518;1020.8689;1386165462516010545
1386165462583;1020.8789;1386165462580707811
1386165462665;1020.8789;1386165462613453172
1386165462701;1020.8789;1386165462647004849
1386165462716;1020.8789;1386165462681550747
1386165462723;1020.8789;1386165462717286831
1386165462783;1020.8789;1386165462782045132
1386165462816;1020.8789;1386165462814729458
1386165462850;1020.8889;1386165462848451382
1386165462885;1020.8889;1386165462883058316
1386165462921;1020.8889;1386165462918885953
1386165462991;1020.8889;1386165462983735806
1386165463025;1020.8889;1386165463019441372
1386165463096;1020.8889;1386165463084291226
1386165463122;1020.8889;1386165463117036587
1386165463171;1020.8989;1386165463150789029
1386165463189;1020.8989;1386165463184846646
1386165463219;1020.8889;1386165463217530972
1386165463255;1020.8889;1386165463251283413
1386165463288;1020.8889;1386165463285585171
1386165463322;1020.8889;1386165463318269497
1386165463353;1020.8989;1386165463351960904
1386165463389;1020.8989;1386165463386293179
1386165463421;1020.9089;1386165463419038540
1386165463454;1020.9089;1386165463452668912
1386165463490;1020.9089;1386165463487306363
1386165463525;1020.9089;1386165463523133999
1386165463592;1020.9089;1386165463587739712
1386165463624;1020.9089;1386165463620424038
1386165463666;1020.9089;1386165463654420621
1386165463690;1020.9089;1386165463688356167
1386165463722;1020.8989;1386165463721132046
1386165463756;1020.8989;1386165463754792935
1386165463791;1020.9089;1386165463789277798
1386165463824;1020.9089;1386165463822053677
1386165463858;1020.9089;1386165463856263882
1386165463893;1020.9189;1386165463890107876
1386165463927;1020.9089;1386165463925752408
1386165463993;1020.9089;1386165463990571744
1386165464025;1020.9089;1386165464023286587
1386165464091;1020.9089;1386165464056977994
1386165464149;1020.8989;1386165464091218716
1386165464154;1020.8989;1386165464123933560
1386165464175;1020.8989;1386165464157930142
1386165464194;1020.8989;1386165464191896206
1386165464227;1020.8989;1386165464224641568
1386165464260;1020.9089;1386165464258510409
1386165464295;1020.9089;1386165464292964754
1386165464327;1020.9089;1386165464325710116
1386165464362;1020.9089;1386165464359767733
1386165464396;1020.9089;1386165464393855868
1386165464431;1020.8989;1386165464429652987
1386165464496;1020.8989;1386165464494228182
1386165464531;1020.8989;1386165464526912508
1386165464562;1020.8989;1386165464560603914
1386165464600;1020.8989;1386165464594936190
1386165464656;1020.8989;1386165464627620516
1386165464680;1020.8989;1386165464661586580
1386165464697;1020.8889;1386165464695552645
1386165464730;1020.8889;1386165464728298006
1386165464763;1020.8889;1386165464762019930
1386165464799;1020.8889;1386165464796474276
1386165464831;1020.8789;1386165464829219637
1386165464865;1020.8789;1386165464863399325
1386165464905;1020.8789;1386165464897365389
1386165464935;1020.8789;1386165464933101473
1386165465004;1020.8789;1386165464998073397
1386165465036;1020.8789;1386165465033943988
1386165465106;1020.8789;1386165465098549701
1386165465133;1020.8789;1386165465131264545
1386165465167;1020.8789;1386165465165291644
1386165465203;1020.8789;1386165465199257709
1386165465233;1020.8789;1386165465231911517
1386165465267;1020.8789;1386165465265663959
1386165465303;1020.8789;1386165465299904681
1386165465334;1020.8789;1386165465332589008
1386165465368;1020.8889;1386165465366341449
1386165465433;1020.8889;1386165465400948383
1386165465439;1020.8889;1386165465436714984
1386165465509;1020.8889;1386165465501625873
1386165465545;1020.8889;1386165465537514545
1386165465609;1020.8789;1386165465602120258
1386165465658;1020.8789;1386165465634804584
1386165465677;1020.8889;1386165465668709613
1386165465714;1020.8889;1386165465702980853
1386165465740;1020.8789;1386165465738716937
1386165465805;1020.8789;1386165465803505756
1386165465840;1020.8789;1386165465836190082
1386165465877;1020.8789;1386165465869881488
1386165465906;1020.8789;1386165465904213763
1386165465939;1020.8789;1386165465936898090
1386165465972;1020.8789;1386165465970589496
1386165466031;1020.8789;1386165466005165912
1386165466047;1020.8789;1386165466040963031
1386165466110;1020.8689;1386165466105629779
1386165466160;1020.8689;1386165466138314105
1386165466174;1020.8689;1386165466172066547
1386165466209;1020.8689;1386165466206490375
1386165466241;1020.8689;1386165466239266254
1386165466275;1020.8689;1386165466273110248
1386165466310;1020.8689;1386165466307350970
1386165466345;1020.8689;1386165466343148090
1386165466414;1020.8689;1386165466408058978
1386165466445;1020.8689;1386165466443672992
1386165466524;1020.8789;1386165466508461810
1386165466575;1020.8689;1386165466541146136
1386165466600;1020.8689;1386165466574837543
1386165466611;1020.8689;1386165466609383441
1386165466647;1020.8689;1386165466645296518
1386165466712;1020.8689;1386165466710024301
1386165466744;1020.8689;1386165466742739145
1386165466778;1020.8689;1386165466776522104
1386165466813;1020.8689;1386165466811006967
1386165466849;1020.8689;1386165466846926157
1386165466914;1020.8689;1386165466911745493
1386165466949;1020.8689;1386165466947603647
1386165467017;1020.8589;1386165467012453501
1386165467056;1020.8589;1386165467048281137
1386165467115;1020.8589;1386165467112886850
1386165467182;1020.8689;1386165467145571176
1386165467194;1020.8589;1386165467179506723
1386165467215;1020.8689;1386165467213625376
1386165467248;1020.8689;1386165467246309702
1386165467281;1020.8789;1386165467280001108
1386165467317;1020.8889;1386165467314455454
1386165467349;1020.8889;1386165467347200815
1386165467383;1020.8989;1386165467381380503
1386165467418;1020.8989;1386165467415316049
1386165467459;1020.8989;1386165467451247997
1386165467519;1020.9089;1386165467515914745
1386165467551;1020.9089;1386165467548660106
1386165467584;1020.9089;1386165467582168407
1386165467649;1020.8989;1386165467616714305
1386165467654;1020.8989;1386165467652541942
1386165467719;1020.8989;1386165467717208690
1386165467752;1020.8889;1386165467749923534
1386165467785;1020.8889;1386165467783584422
1386165467820;1020.8889;1386165467817947215
1386165467852;1020.8789;1386165467850631542
1386165467886;1020.8789;1386165467884322948
1386165467923;1020.8789;1386165467918868846
1386165467957;1020.8789;1386165467954757518
1386165468034;1020.8689;1386165468019668407
1386165468057;1020.8789;1386165468055373973
1386165468123;1020.8689;1386165468120559520
1386165468165;1020.8689;1386165468156081981
1386165468222;1020.8589;1386165468220748729
1386165468255;1020.8689;1386165468253433055
1386165468288;1020.8689;1386165468287124462
1386165468323;1020.8789;1386165468321456737
1386165468355;1020.8789;1386165468354141063
1386165468389;1020.8789;1386165468387862987
1386165468424;1020.8789;1386165468422164745
1386165468456;1020.8889;1386165468454849071
1386165468490;1020.8889;1386165468488570995
1386165468531;1020.8789;1386165468522842235
1386165468558;1020.8789;1386165468555557079
1386165468646;1020.8789;1386165468589675731
1386165468654;1020.8789;1386165468623763866
1386165468662;1020.8789;1386165468659622020
1386165468726;1020.8789;1386165468724319286
1386165468758;1020.8789;1386165468757034130
1386165468793;1020.8889;1386165468790695018
1386165468828;1020.8889;1386165468825271434
1386165468863;1020.8989;1386165468861099071
1386165468930;1020.8989;1386165468925948924
1386165468981;1020.9089;1386165468961685008
1386165469032;1020.8989;1386165469026443309
1386165469060;1020.8989;1386165469059213245
1386165469094;1020.9089;1386165469092904652
1386165469130;1020.9089;1386165469127358997
1386165469174;1020.9189;1386165469163247669
1386165469230;1020.9189;1386165469228067005
1386165469263;1020.9189;1386165469260812366
1386165469296;1020.9289;1386165469294992054
1386165469331;1020.9289;1386165469328897083
1386165469367;1020.93884;1386165469364755238
1386165469432;1020.93884;1386165469429635609
1386165469483;1020.9289;1386165469465432728
1386165469539;1020.9289;1386165469530160511
1386165469570;1020.9189;1386165469562936390
1386165469608;1020.9189;1386165469596475208
1386165469637;1020.9089;1386165469630960072
1386165469668;1020.9089;1386165469666696156
1386165469733;1020.9089;1386165469731423939
1386165469766;1020.8989;1386165469764138782
1386165469800;1020.8989;1386165469798257435
1386165469834;1020.8889;1386165469832406605
1386165469870;1020.8889;1386165469868295277
1386165469935;1020.8889;1386165469932992542
1386165469969;1020.8789;1386165469965768421
1386165470003;1020.8789;1386165470000009144
1386165470039;1020.8689;1386165470033883656
1386165470081;1020.8689;1386165470069650257
1386165470166;1020.8689;1386165470134469593
1386165470173;1020.8689;1386165470170205677
1386165470237;1020.8689;1386165470235025013
1386165470269;1020.8689;1386165470267709339
1386165470303;1020.8689;1386165470301400745
1386165470339;1020.8689;1386165470336007679
1386165470373;1020.8689;1386165470371835316
1386165470440;1020.8689;1386165470436715687
1386165470488;1020.8589;1386165470472543323
1386165470544;1020.8589;1386165470537271107
1386165470573;1020.8589;1386165470570046986
1386165470680;1020.84894;1386165470604287708
1386165470690;1020.8589;1386165470638162220
1386165470718;1020.8589;1386165470673867786
1386165470745;1020.8589;1386165470738748157
1386165470776;1020.8589;1386165470774453724
1386165470841;1020.8589;1386165470839212025
1386165470874;1020.8589;1386165470871896351
1386165470907;1020.8589;1386165470905648792
1386165470942;1020.8589;1386165470940011585
1386165470974;1020.8589;1386165470972695911
1386165471008;1020.8589;1386165471006539906
1386165471043;1020.8589;1386165471040902698
1386165471083;1020.8589;1386165471076669300
1386165471147;1020.8689;1386165471141366566
1386165471199;1020.8689;1386165471174081409
1386165471221;1020.8689;1386165471207742298
1386165471259;1020.8689;1386165471242227161
1386165471279;1020.8689;1386165471277993763
1386165471345;1020.8589;1386165471343057240
1386165471381;1020.8689;1386165471378915394
1386165471446;1020.8589;1386165471443643177
1386165471478;1020.8589;1386165471476358021
1386165471525;1020.8589;1386165471509896839
1386165471546;1020.8589;1386165471544168079
1386165471579;1020.8589;1386165471576882923
1386165471613;1020.8589;1386165471610574329
1386165471656;1020.84894;1386165471644937122
1386165471720;1020.84894;1386165471677621448
1386165471722;1020.8389;1386165471711282337
1386165471759;1020.8389;1386165471745858753
1386165471783;1020.8289;1386165471781533802
1386165471849;1020.8289;1386165471846475208
1386165471881;1020.819;1386165471879220570
1386165471915;1020.819;1386165471913461292
1386165471951;1020.8289;1386165471947366322
1386165471985;1020.819;1386165471983163441
1386165472055;1020.8289;1386165472048043812
1386165472096;1020.8289;1386165472083749378
1386165472196;1020.8289;1386165472148629749
1386165472205;1020.8289;1386165472184518421
1386165472251;1020.8289;1386165472249478339
1386165472283;1020.8289;1386165472282132147
1386165472317;1020.8289;1386165472315884589
1386165472353;1020.8289;1386165472350461005
1386165472388;1020.8289;1386165472386319159
1386165472453;1020.8389;1386165472451169012
1386165472489;1020.8389;1386165472487027167
1386165472554;1020.8389;1386165472551754950
1386165472587;1020.84894;1386165472584500311
1386165472621;1020.84894;1386165472618771552
1386165472657;1020.8589;1386165472652615546
1386165472745;1020.8589;1386165472688321112
1386165472778;1020.84894;1386165472753201483
1386165472792;1020.8589;1386165472788937567
1386165472856;1020.8589;1386165472853726385
1386165472888;1020.8589;1386165472886410712
1386165472922;1020.8589;1386165472920132635
1386165472957;1020.8589;1386165472954678534
1386165472993;1020.8589;1386165472990567206
1386165473083;1020.8589;1386165473055447577
1386165473092;1020.8589;1386165473091122626
1386165473160;1020.8589;1386165473155972479
1386165473224;1020.8589;1386165473188717841
1386165473241;1020.8589;1386165473222226141
1386165473268;1020.8589;1386165473256772040
1386165473297;1020.8589;1386165473292477606
1386165473359;1020.8589;1386165473357235907
1386165473392;1020.84894;1386165473389920233
1386165473425;1020.8589;1386165473423703192
1386165473461;1020.84894;1386165473458249091
1386165473496;1020.84894;1386165473494107245
1386165473576;1020.8589;1386165473558957098
1386165473596;1020.8589;1386165473594723700
1386165473667;1020.8589;1386165473659695624
1386165473697;1020.8589;1386165473695340155
1386165473762;1020.84894;1386165473760312079
1386165473797;1020.84894;1386165473796017645
1386165473863;1020.84894;1386165473860952998
1386165473895;1020.84894;1386165473893667841
1386165473929;1020.8389;1386165473927481318
1386165473978;1020.84894;1386165473961752558
1386165474002;1020.84894;1386165473994497919
1386165474030;1020.8389;1386165474028067255
1386165474064;1020.84894;1386165474062399531
1386165474096;1020.84894;1386165474095114375
1386165474130;1020.84894;1386165474128744746
1386165474166;1020.84894;1386165474163351679
1386165474204;1020.84894;1386165474198996211
1386165474314;1020.84894;1386165474263754511
1386165474316;1020.8389;1386165474296469355
1386165474332;1020.8389;1386165474330526972
1386165474366;1020.84894;1386165474364523554
1386165474404;1020.84894;1386165474397207880
1386165474432;1020.84894;1386165474430838252
1386165474467;1020.84894;1386165474465231562
1386165474499;1020.84894;1386165474497976923
1386165474533;1020.8589;1386165474531759882
1386165474568;1020.84894;1386165474565909052
1386165474601;1020.84894;1386165474598593378
1386165474634;1020.84894;1386165474632315302
1386165474669;1020.84894;1386165474666690861
1386165474706;1020.84894;1386165474699375187
1386165474735;1020.84894;1386165474733097111
1386165474771;1020.84894;1386165474767459904
1386165474802;1020.84894;1386165474800144230
1386165474836;1020.8589;1386165474834415470
1386165474886;1020.8589;1386165474868351017
1386165474905;1020.8689;1386165474904056583
1386165474972;1020.8689;1386165474968936954
1386165475003;1020.8689;1386165475001743351
1386165475038;1020.8789;1386165475035923038
1386165475072;1020.8789;1386165475069956521
1386165475144;1020.8789;1386165475105692605
1386165475172;1020.8789;1386165475170359353
1386165475205;1020.8889;1386165475203043680
1386165475240;1020.8889;1386165475236704568
1386165475273;1020.8989;1386165475270945291
1386165475305;1020.8989;1386165475303629617
1386165475378;1020.8989;1386165475337687234
1386165475407;1020.9089;1386165475371897439
1386165475418;1020.9189;1386165475407786111
1386165475475;1020.9089;1386165475472452859
1386165475508;1020.9089;1386165475505167703
1386165475541;1020.9189;1386165475539377908
1386165475576;1020.9189;1386165475573466043
1386165475611;1020.9189;1386165475609263162
1386165475685;1020.9189;1386165475674143533
1386165475717;1020.9189;1386165475709757547
1386165475788;1020.9289;1386165475774576883
1386165475812;1020.9289;1386165475807291726
1386165475842;1020.9189;1386165475840952615
1386165475880;1020.9189;1386165475875358687
1386165475938;1020.9089;1386165475908043014
1386165475961;1020.9089;1386165475941948043
1386165475983;1020.9089;1386165475976066695
1386165476010;1020.9089;1386165476008720504
1386165476044;1020.9089;1386165476042442428
1386165476079;1020.9089;1386165476076805221
1386165476111;1020.9089;1386165476109611617
1386165476145;1020.8989;1386165476143791305
1386165476180;1020.8989;1386165476177757369
1386165476215;1020.8989;1386165476213401900
1386165476280;1020.8889;1386165476278190719
1386165476329;1020.8889;1386165476310905562
1386165476347;1020.8889;1386165476345054732
1386165476384;1020.8889;1386165476379173385
1386165476417;1020.8889;1386165476415001021
1386165476482;1020.8889;1386165476479606734
1386165476513;1020.8989;1386165476512291060
1386165476548;1020.8989;1386165476545921432
1386165476582;1020.8989;1386165476580497848
1386165476618;1020.8989;1386165476616203414
1386165476683;1020.8889;1386165476681114303
1386165476716;1020.8889;1386165476713829146
1386165476757;1020.8789;1386165476747337447
1386165476784;1020.8889;1386165476781730758
1386165476817;1020.8889;1386165476814415084
1386165476851;1020.8889;1386165476848625289
1386165476885;1020.8989;1386165476882743941
1386165476921;1020.8989;1386165476918541060
1386165476986;1020.8989;1386165476983421432
1386165477022;1020.8989;1386165477019249068
1386165477139;1020.8989;1386165477084129439
1386165477167;1020.8989;1386165477119896041
1386165477187;1020.8989;1386165477184532271
1386165477219;1020.8889;1386165477217216598
1386165477253;1020.8889;1386165477250877486
1386165477287;1020.8889;1386165477285209762
1386165477320;1020.8889;1386165477317924605
1386165477354;1020.8889;1386165477352073775
1386165477389;1020.8989;1386165477386253463
1386165477424;1020.8989;1386165477422050582
1386165477493;1020.8889;1386165477486956104
1386165477521;1020.8789;1386165477519701465
1386165477556;1020.8789;1386165477553575977
1386165477594;1020.8789;1386165477587816699
1386165477625;1020.8889;1386165477623644336
1386165477691;1020.8889;1386165477688646778
1386165477725;1020.8889;1386165477724138721
1386165477791;1020.8889;1386165477788927539
1386165477823;1020.8889;1386165477821611865
1386165477857;1020.8889;1386165477855333789
1386165477892;1020.8889;1386165477889635547
1386165477934;1020.8989;1386165477922319873
1386165477957;1020.8989;1386165477956163867
1386165477996;1020.8989;1386165477990709766
1386165478033;1020.8989;1386165478026476367
1386165478097;1020.8889;1386165478091356739
1386165478129;1020.8889;1386165478127306446
1386165478223;1020.8889;1386165478191973194
1386165478235;1020.8889;1386165478227831348
1386165478294;1020.8789;1386165478292540837
1386165478326;1020.8789;1386165478325255681
1386165478361;1020.8789;1386165478358977605
1386165478395;1020.8789;1386165478393218328
1386165478427;1020.8789;1386165478425933171
1386165478461;1020.8789;1386165478459624578
1386165478496;1020.8689;1386165478493987371
1386165478529;1020.8689;1386165478526671697
1386165478581;1020.8689;1386165478560851384
1386165478599;1020.8689;1386165478596221257
1386165478664;1020.8689;1386165478661437322
1386165478706;1020.8589;1386165478695678044
1386165478783;1020.8689;1386165478731292058
1386165478811;1020.8689;1386165478796263982
1386165478833;1020.8689;1386165478832030583
1386165478900;1020.8689;1386165478896941472
1386165478932;1020.8689;1386165478929747869
1386165478970;1020.8689;1386165478967620183
1386165479031;1020.8689;1386165479029601384
1386165479066;1020.8689;1386165479063994695
1386165479115;1020.8689;1386165479098174382
1386165479132;1020.8689;1386165479130858708
1386165479167;1020.8789;1386165479164611150
1386165479204;1020.8889;1386165479199218083
1386165479242;1020.8789;1386165479234862615
1386165479304;1020.8789;1386165479299681951
1386165479334;1020.8789;1386165479332366277
1386165479395;1020.8789;1386165479366118718
1386165479424;1020.8789;1386165479400481511
1386165479437;1020.8789;1386165479436248113
1386165479503;1020.8789;1386165479501159001
1386165479536;1020.8789;1386165479533904363
1386165479570;1020.8789;1386165479568145085
1386165479604;1020.8889;1386165479602050115
1386165479647;1020.8989;1386165479637786199
1386165479716;1020.8889;1386165479702422429
1386165479740;1020.8889;1386165479735137273
1386165479770;1020.8889;1386165479768828679
1386165479807;1020.8889;1386165479803191472
1386165479841;1020.8789;1386165479835906316
1386165479909;1020.8789;1386165479869872380
1386165479911;1020.8889;1386165479904199617
1386165479941;1020.8889;1386165479939966218
1386165480007;1020.8889;1386165480004785554
1386165480039;1020.8889;1386165480037469881
1386165480073;1020.8989;1386165480071100252
1386165480108;1020.8989;1386165480105463045
1386165480141;1020.8989;1386165480138147371
1386165480174;1020.8989;1386165480172174470
1386165480209;1020.8889;1386165480206079500
1386165480240;1020.8889;1386165480238824861
1386165480276;1020.8889;1386165480272546785
1386165480310;1020.8889;1386165480306818025
1386165480341;1020.8989;1386165480339502351
1386165480375;1020.8989;1386165480373254793
1386165480411;1020.8989;1386165480407861726
1386165480446;1020.9089;1386165480443780916
1386165480510;1020.9089;1386165480508386629
1386165480543;1020.8989;1386165480541101472
1386165480576;1020.8989;1386165480574975984
1386165480611;1020.9089;1386165480609247224
1386165480647;1020.8989;1386165480645135896
1386165480711;1020.8989;1386165480709754527
1386165480744;1020.8989;1386165480742438854
1386165480777;1020.8989;1386165480776130260
1386165480813;1020.8989;1386165480810462535
1386165480864;1020.9089;1386165480843177379
1386165480885;1020.9089;1386165480877387584
1386165480914;1020.9089;1386165480911109508
1386165480975;1020.8989;1386165480943824352
1386165480985;1020.9089;1386165480977851451
1386165481015;1020.8989;1386165481011909068
1386165481046;1020.8989;1386165481044623912
1386165481080;1020.8989;1386165481078223766
1386165481115;1020.9089;1386165481112617076
1386165481147;1020.9089;1386165481145331920
1386165481181;1020.8989;1386165481179542125
1386165481216;1020.8989;1386165481213538707
1386165481266;1020.8989;1386165481249183238
1386165481316;1020.8989;1386165481314002574
1386165481351;1020.8889;1386165481346717418
1386165481384;1020.8989;1386165481380958141
1386165481420;1020.8989;1386165481414954723
1386165481492;1020.8989;1386165481450812877
1386165481539;1020.8989;1386165481515601695
1386165481553;1020.8989;1386165481551307262
1386165481618;1020.8989;1386165481616096080
1386165481650;1020.9089;1386165481648810924
1386165481684;1020.9189;1386165481682502330
1386165481719;1020.9189;1386165481716834606
1386165481751;1020.9189;1386165481749549449
1386165481784;1020.9189;1386165481783210338
1386165481820;1020.9289;1386165481817542613
1386165481852;1020.93884;1386165481850318492
1386165481886;1020.9289;1386165481884498180
1386165481921;1020.9289;1386165481918586315
1386165481956;1020.93884;1386165481954383434
1386165482086;1020.9289;1386165482019294322
1386165482088;1020.9289;1386165482054969371
1386165482122;1020.9289;1386165482119605602
1386165482155;1020.9289;1386165482152320445
1386165482187;1020.9289;1386165482186011852
1386165482223;1020.9189;1386165482220496715
1386165482255;1020.9089;1386165482253242076
1386165482290;1020.9089;1386165482286750377
1386165482325;1020.9089;1386165482321168763
1386165482356;1020.9089;1386165482353883607
1386165482390;1020.9089;1386165482388002259
1386165482427;1020.9089;1386165482422090394
1386165482490;1020.9089;1386165482458009583
1386165482554;1020.9089;1386165482522767884
1386165482560;1020.9189;1386165482558595521
1386165482625;1020.9089;1386165482623292786
1386165482658;1020.9189;1386165482655977112
1386165482692;1020.9089;1386165482690034730
1386165482726;1020.9089;1386165482724183900
1386165482759;1020.9089;1386165482756929261
1386165482792;1020.9089;1386165482790407044
1386165482835;1020.9089;1386165482824739320
1386165482859;1020.9089;1386165482857423646
1386165482895;1020.9089;1386165482891237122
1386165482932;1020.9089;1386165482925660950
1386165482969;1020.9189;1386165482961580140
1386165483076;1020.9089;1386165483026429993
1386165483083;1020.8989;1386165483062166077
1386165483128;1020.8989;1386165483126937309
1386165483161;1020.8989;1386165483159621636
1386165483195;1020.8989;1386165483193465630
1386165483230;1020.8989;1386165483227828423
1386165483262;1020.8989;1386165483260543266
1386165483295;1020.8989;1386165483294021050
1386165483331;1020.8989;1386165483328383843
1386165483363;1020.8989;1386165483361068169
1386165483397;1020.9089;1386165483395186821
1386165483444;1020.9089;1386165483429305473
1386165483466;1020.9189;1386165483465041557
1386165483535;1020.9089;1386165483530111594
1386165483621;1020.9089;1386165483565969749
1386165483658;1020.9089;1386165483630697532
1386165483668;1020.9089;1386165483666464133
1386165483733;1020.9089;1386165483731344505
1386165483765;1020.9189;1386165483764089866
1386165483799;1020.9189;1386165483797567649
1386165483835;1020.9189;1386165483831930442
1386165483866;1020.9189;1386165483864614768
1386165483908;1020.9189;1386165483898733421
1386165483944;1020.9289;1386165483932791038
1386165483967;1020.9289;1386165483965536399
1386165484002;1020.9289;1386165483999410911
1386165484040;1020.9289;1386165484033560081
1386165484077;1020.9289;1386165484069448753
1386165484158;1020.9289;1386165484134359641
1386165484171;1020.9289;1386165484170034690
1386165484249;1020.9289;1386165484234976096
1386165484286;1020.9289;1386165484270834251
1386165484337;1020.9289;1386165484335544097
1386165484370;1020.9289;1386165484368228423
1386165484404;1020.9289;1386165484401950347
1386165484440;1020.9289;1386165484436496246
1386165484474;1020.9189;1386165484472415435
1386165484540;1020.9189;1386165484537234771
1386165484575;1020.9289;1386165484573123443
1386165484663;1020.9289;1386165484637698638
1386165484701;1020.9189;1386165484670413482
1386165484774;1020.9189;1386165484704074371
1386165484779;1020.9189;1386165484738376128
1386165484788;1020.9189;1386165484771090972
1386165484815;1020.9189;1386165484804996001
1386165484842;1020.9189;1386165484839084136
1386165484873;1020.9189;1386165484871768462
1386165484907;1020.9289;1386165484905459869
1386165484941;1020.9289;1386165484939761626
1386165484974;1020.9289;1386165484972445953
1386165485008;1020.9289;1386165485006198394
1386165485042;1020.93884;1386165485040439117
1386165485077;1020.93884;1386165485073123443
1386165485110;1020.93884;1386165485106845367
1386165485144;1020.93884;1386165485141238677
1386165485175;1020.93884;1386165485173953521
1386165485213;1020.93884;1386165485207583892
1386165485244;1020.9289;1386165485242190826
1386165485279;1020.9289;1386165485277865874
1386165485344;1020.9289;1386165485342715728
1386165485377;1020.9289;1386165485375461089
1386165485410;1020.9189;1386165485409030425
1386165485448;1020.9189;1386165485443332183
