1385733978920;3.0;1385733978609574006
1385733978940;6.0;1385733978811081574
1385733979156;7.0;1385733979013230012
1385733979421;6.0;1385733979416336701
1385733979619;5.0;1385733979617447541
1385733980021;6.0;1385733980020182607
1385733980228;7.0;1385733980222025869
1385733980827;6.0;1385733980825737334
1385733981029;5.0;1385733981027153350
1385733981231;4.0;1385733981228752471
1385733981835;6.0;1385733981833458282
1385733982037;9.0;1385733982034324981
1385733982238;7.0;1385733982236101422
1385733982439;4.0;1385733982437029156
1385733982644;3.0;1385733982638933453
1385733982841;2.0;1385733982840044293
1385733983652;3.0;1385733983645995529
1385733984051;4.0;1385733984049163254
1385733984452;3.0;1385733984451262863
1385733984654;4.0;1385733984653344479
1385733984855;3.0;1385733984854119625
1385733985058;2.0;1385733985056084957
1385733985661;1.0;1385733985660192794
1385733985867;4.0;1385733985862280196
1385733986266;5.0;1385733986264532394
1385733986467;4.0;1385733986465978927
1385733986669;3.0;1385733986667669601
1385733986869;2.0;1385733986868353194
1385733987877;3.0;1385733987875959273
1385733988484;4.0;1385733988481031295
1385733988887;2.0;1385733988883802291
1385733989293;1.0;1385733989285932418
1385733989489;2.0;1385733989487465153
1385733989690;3.0;1385733989688972721
1385733989892;2.0;1385733989890266667
1385733991101;4.0;1385733991099141953
1385733991502;5.0;1385733991501394150
1385733991905;3.0;1385733991904617030
1385733992315;2.0;1385733992307510096
1385733993126;4.0;1385733993114169699
1385733993718;3.0;1385733993717166526
1385733993920;2.0;1385733993919144472
1385733994327;1.0;1385733994321952271
1385733994525;2.0;1385733994523337769
1385733995166;4.0;1385733995128087470
1385733995330;3.0;1385733995328710029
1385733995532;4.0;1385733995530743080
1385733995733;3.0;1385733995731731849
1385733995935;1.0;1385733995933361488
1385733996148;0.0;1385733996135815101
1385733996741;2.0;1385733996739313173
1385733996963;3.0;1385733996940576601
1385733997148;5.0;1385733997142602968
1385733997546;4.0;1385733997544977235
1385733997749;3.0;1385733997746240663
1385733998417;2.0;1385733998350513187
1385733998759;3.0;1385733998754578490
1385733999359;4.0;1385733999357788939
1385733999560;2.0;1385733999559235472
1385734000373;4.0;1385734000364893570
1385734000568;1.0;1385734000566584244
1385734001779;2.0;1385734001775611792
1385734002186;3.0;1385734002178657447
1385734002380;4.0;1385734002379188452
1385734002583;2.0;1385734002580787574
1385734002795;4.0;1385734002782167353
1385734002985;2.0;1385734002983613886
1385734003797;1.0;1385734003789961830
1385734003996;4.0;1385734003990407791
1385734004798;3.0;1385734004796664312
1385734005000;2.0;1385734004997897222
1385734006208;3.0;1385734006206626163
1385734006611;4.0;1385734006609580265
1385734006813;2.0;1385734006810813175
1385734007014;1.0;1385734007012046085
1385734007618;2.0;1385734007616837369
1385734008020;3.0;1385734008019150602
1385734008222;6.0;1385734008221146451
1385734008424;11.0;1385734008422117403
1385734008625;8.0;1385734008624082735
1385734008827;5.0;1385734008825193575
1385734009239;8.0;1385734009228086641
1385734009431;9.0;1385734009429441621
1385734010035;7.0;1385734010033714241
1385734010236;6.0;1385734010235191292
1385734010438;5.0;1385734010436424202
1385734011042;4.0;1385734011040806542
1385734011243;8.0;1385734011242314111
1385734011448;10.0;1385734011444554101
1385734011648;16.0;1385734011645359765
1385734011847;13.0;1385734011846562158
1385734012252;11.0;1385734012249485742
1385734012452;10.0;1385734012450988008
1385734012858;11.0;1385734012854613496
1385734013057;14.0;1385734013055602265
1385734013464;16.0;1385734013457867019
1385734014385;13.0;1385734014062450759
1385734014410;8.0;1385734014263866775
1385734014467;5.0;1385734014465343826
1385734014668;3.0;1385734014666729324
1385734014869;7.0;1385734014868536035
1385734015071;8.0;1385734015069829980
1385734015876;6.0;1385734015875354186
1385734016078;5.0;1385734016076770202
1385734016682;4.0;1385734016681018249
1385734016883;7.0;1385734016882434264
1385734017085;9.0;1385734017084057915
1385734017286;16.0;1385734017285412896
1385734017488;20.0;1385734017486859429
1385734017689;22.0;1385734017688305962
1385734017891;21.0;1385734017889765249
1385734018092;19.0;1385734018091211782
1385734018293;16.0;1385734018292695179
1385734018696;17.0;1385734018695557728
1385734018901;19.0;1385734018896882191
1385734019719;22.0;1385734019098402492
1385734019735;53.0;1385734019299665920
1385734019771;68.0;1385734019500990382
1385734019802;26.0;1385734019703230373
1385734019905;8.0;1385734019904158107
1385734020308;9.0;1385734020306868068
1385734020510;10.0;1385734020508284084
1385734020912;13.0;1385734020911232096
1385734021114;15.0;1385734021112709147
1385734021315;9.0;1385734021314125162
1385734021517;8.0;1385734021515614917
1385734021718;7.0;1385734021717061451
1385734021919;4.0;1385734021918483826
1385734022121;9.0;1385734022119899842
1385734022524;10.0;1385734022522792908
1385734022725;15.0;1385734022723825264
1385734022926;105.0;1385734022925638008
1385734023129;96.0;1385734023127457216
1385734023329;89.0;1385734023328537538
1385734023531;99.0;1385734023530197694
1385734023732;103.0;1385734023731430605
1385734023933;108.0;1385734023932431921
1385734024138;111.0;1385734024134916052
1385734024336;112.0;1385734024335453451
1385734024538;122.0;1385734024537144125
1385734024740;117.0;1385734024738560141
1385734024944;105.0;1385734024940342368
1385734025142;77.0;1385734025141465666
1385734025344;59.0;1385734025342973235
1385734025545;16.0;1385734025544572356
1385734025746;5.0;1385734025745316985
1385734025951;6.0;1385734025947648528
1385734026152;7.0;1385734026149247649
1385734026351;8.0;1385734026349992278
1385734026753;7.0;1385734026752635350
1385734026955;5.0;1385734026954356541
1385734027157;6.0;1385734027155711522
1385734027358;5.0;1385734027357097020
1385734027962;7.0;1385734027961510459
1385734028165;8.0;1385734028162987509
1385734028366;105.0;1385734028364708701
1385734028566;111.0;1385734028565300742
1385734028772;108.0;1385734028767784873
1385734028970;104.0;1385734028968804160
1385734029181;102.0;1385734029170366946
1385734029372;110.0;1385734029371233645
1385734029574;112.0;1385734029572588625
1385734029776;110.0;1385734029774737063
1385734029977;108.0;1385734029975982518
1385734030178;103.0;1385734030176940769
1385734030380;86.0;1385734030378814549
1385734030581;58.0;1385734030579742283
1385734030783;11.0;1385734030781738133
1385734030984;8.0;1385734030982879490
1385734031185;5.0;1385734031184448094
1385734031389;6.0;1385734031385436863
1385734031589;7.0;1385734031587731876
1385734032194;5.0;1385734032191552676
1385734032395;4.0;1385734032393560828
1385734032596;3.0;1385734032594946326
1385734032797;1.0;1385734032795575352
1385734033002;5.0;1385734032998059483
1385734033200;7.0;1385734033198926182
1385734033604;8.0;1385734033602014587
1385734033807;6.0;1385734033803735779
1385734034005;5.0;1385734034004114197
1385734034207;13.0;1385734034205774353
1385734034614;12.0;1385734034609430359
1385734035013;14.0;1385734035011743591
1385734035220;15.0;1385734035213000997
1385734035618;16.0;1385734035616473898
1385734036221;13.0;1385734036219971823
1385734036425;7.0;1385734036422394919
1385734036624;5.0;1385734036622773337
1385734036828;7.0;1385734036825165915
1385734037026;8.0;1385734037025605368
1385734037228;7.0;1385734037227235007
1385734037631;8.0;1385734037630518753
1385734037832;7.0;1385734037831446487
1385734038038;4.0;1385734038033930618
1385734038639;7.0;1385734038637123306
1385734039041;8.0;1385734039039955337
1385734039243;7.0;1385734039241798599
1385734039454;5.0;1385734039443763931
1385734039646;4.0;1385734039644691665
1385734039853;5.0;1385734039846046646
1385734040049;3.0;1385734040047609395
1385734040250;7.0;1385734040249025411
1385734040457;8.0;1385734040450807638
1385734041056;7.0;1385734041054824147
1385734041258;5.0;1385734041256179127
1385734041868;4.0;1385734041861556324
1385734042064;5.0;1385734042061812672
1385734042286;6.0;1385734042263198170
1385734042668;5.0;1385734042665932652
1385734042870;7.0;1385734042867440220
1385734043276;4.0;1385734043270559868
1385734043473;3.0;1385734043472128471
1385734043675;1.0;1385734043673123515
1385734043895;4.0;1385734043874753154
1385734044284;5.0;1385734044278500712
1385734044480;6.0;1385734044479044523
1385734044883;5.0;1385734044881998624
1385734045085;4.0;1385734045083445158
1385734045488;3.0;1385734045486673917
1385734045695;4.0;1385734045688395109
1385734046097;5.0;1385734046091739983
1385734046698;6.0;1385734046694828362
1385734047306;3.0;1385734047300096116
1385734047910;5.0;1385734047903428635
1385734048106;8.0;1385734048104844651
1385734048308;7.0;1385734048306077561
1385734048510;6.0;1385734048507670603
1385734048712;5.0;1385734048709025584
1385734048919;3.0;1385734048911723338
1385734049114;5.0;1385734049111979685
1385734049319;6.0;1385734049314384856
1385734049520;8.0;1385734049516045012
1385734050121;7.0;1385734050119140090
1385734050328;8.0;1385734050321746292
1385734050725;7.0;1385734050723584171
1385734050926;3.0;1385734050925006350
1385734051128;7.0;1385734051126483401
1385734051334;8.0;1385734051328509768
1385734051531;9.0;1385734051529437502
1385734051934;8.0;1385734051932404387
1385734052135;7.0;1385734052133515227
1385734052742;5.0;1385734052738587248
1385734052946;4.0;1385734052939423430
1385734053142;5.0;1385734053140778410
1385734053345;7.0;1385734053342402048
1385734053545;8.0;1385734053543818064
1385734053746;10.0;1385734053745020456
1385734054149;11.0;1385734054147773681
1385734054755;4.0;1385734054751930175
1385734054956;5.0;1385734054953742919
1385734055365;7.0;1385734055357459960
1385734055559;8.0;1385734055557868896
1385734055963;5.0;1385734055961092326
1385734056567;3.0;1385734056565292581
1385734057171;5.0;1385734057169394205
1385734057372;7.0;1385734057370657633
1385734057574;8.0;1385734057572195719
1385734057775;15.0;1385734057773502106
1385734057983;9.0;1385734057976474518
1385734058178;5.0;1385734058176554376
1385734058380;8.0;1385734058378519708
1385734058581;7.0;1385734058579416925
1385734059186;6.0;1385734059183982893
1385734059386;5.0;1385734059385222178
1385734059992;6.0;1385734059989409190
1385734060193;8.0;1385734060191478644
1385734060396;10.0;1385734060392467414
1385734060616;12.0;1385734060594072912
1385734060804;8.0;1385734060795031164
1385734061199;6.0;1385734061198046301
1385734061404;4.0;1385734061400176818
1385734061604;3.0;1385734061600921447
1385734061805;1.0;1385734061802490051
1385734062005;4.0;1385734062003845031
1385734062206;5.0;1385734062205291564
1385734062408;6.0;1385734062406463439
1385734062811;7.0;1385734062809234435
1385734063214;4.0;1385734063212579386
1385734063617;3.0;1385734063615533488
1385734063818;9.0;1385734063816626529
1385734064025;5.0;1385734064019415835
1385734064222;6.0;1385734064219458560
1385734064430;4.0;1385734064421606997
1385734064826;5.0;1385734064824164370
1385734065431;4.0;1385734065428437060
1385734066035;7.0;1385734066032776660
1385734066235;6.0;1385734066233930592
1385734066441;8.0;1385734066436536793
1385734066841;7.0;1385734066838270191
1385734067041;6.0;1385734067039747242
1385734067242;4.0;1385734067241193775
1385734067445;3.0;1385734067443006520
1385734067848;8.0;1385734067845191766
1385734068250;6.0;1385734068248481561
1385734068460;3.0;1385734068450568963
1385734068871;2.0;1385734068852406775
1385734069066;1.0;1385734069054829870
1385734069257;5.0;1385734069255360876
1385734069660;7.0;1385734069658498083
1385734069861;8.0;1385734069859486853
1385734070062;7.0;1385734070060750280
1385734070265;6.0;1385734070262831683
1385734070670;5.0;1385734070666182513
1385734070869;4.0;1385734070867293353
1385734071271;5.0;1385734071270290528
1385734071476;9.0;1385734071471828614
1385734072278;8.0;1385734072276577149
1385734072484;6.0;1385734072479030762
1385734072680;4.0;1385734072679525305
1385734072882;3.0;1385734072881368566
1385734073084;5.0;1385734073082723547
1385734073487;8.0;1385734073485782100
1385734074091;5.0;1385734074089578679
1385734074293;4.0;1385734074291727116
1385734074695;3.0;1385734074693900416
1385734075501;4.0;1385734075499601334
1385734075706;5.0;1385734075702085465
1385734076446;9.0;1385734075902476613
1385734076484;8.0;1385734076305491749
1385734076522;5.0;1385734076506877247
1385734076713;4.0;1385734076709117238
1385734077115;5.0;1385734077112071339
1385734077314;6.0;1385734077312846486
1385734077518;7.0;1385734077514958394
1385734077717;5.0;1385734077715397847
1385734078523;6.0;1385734078521257752
1385734078724;5.0;1385734078723314637
1385734078925;6.0;1385734078924394959
1385734079127;7.0;1385734079125902527
1385734079328;6.0;1385734079326952332
1385734079544;3.0;1385734079529009217
1385734079933;1.0;1385734079931865916
1385734080135;4.0;1385734080133098826
1385734080538;5.0;1385734080535991893
1385734080739;6.0;1385734080737591014
1385734081142;4.0;1385734081140270457
1385734081343;3.0;1385734081341350779
1385734081949;4.0;1385734081945659861
1385734082557;5.0;1385734082550060496
1385734082757;4.0;1385734082752117381
1385734082955;5.0;1385734082952972376
1385734083566;3.0;1385734083558410608
1385734084163;4.0;1385734084161437952
1385734084364;3.0;1385734084362762415
1385734084566;4.0;1385734084564783585
1385734084767;5.0;1385734084765589249
1385734084974;7.0;1385734084968103898
1385734085170;5.0;1385734085168573868
1385734085372;4.0;1385734085370246471
1385734085776;3.0;1385734085773047985
1385734086178;2.0;1385734086176002087
1385734086379;4.0;1385734086377143444
1385734086781;5.0;1385734086779975475
1385734086984;6.0;1385734086981813315
1385734087190;3.0;1385734087184144858
1385734087393;4.0;1385734087384553794
1385734087593;6.0;1385734087587037925
1385734087790;7.0;1385734087787825317
1385734087995;5.0;1385734087989485473
1385734088193;4.0;1385734088190596313
1385734088393;3.0;1385734088391401977
1385734088796;2.0;1385734088794508666
1385734089400;3.0;1385734089398934031
1385734089808;4.0;1385734089802437449
1385734090206;5.0;1385734090204519177
1385734090407;6.0;1385734090405813122
1385734090634;4.0;1385734090607198620
1385734090813;3.0;1385734090809591199
1385734091214;5.0;1385734091212026501
1385734091414;6.0;1385734091412954236
1385734091617;8.0;1385734091614736462
1385734092019;9.0;1385734092017379376
1385734092222;5.0;1385734092219100568
1385734092422;4.0;1385734092420180890
1385734092825;3.0;1385734092823300167
1385734093430;5.0;1385734093427310426
1385734094035;6.0;1385734094031998477
1385734094257;5.0;1385734094233536563
1385734094436;3.0;1385734094434403262
1385734094638;2.0;1385734094636399112
1385734095246;3.0;1385734095240433536
1385734095443;4.0;1385734095442240515
1385734095846;5.0;1385734095844858923
1385734096657;4.0;1385734096650718917
1385734097055;3.0;1385734097053306807
1385734097459;6.0;1385734097456077804
1385734097661;3.0;1385734097657890548
1385734098068;1.0;1385734098061967684
1385734098264;4.0;1385734098262071444
1385734098465;5.0;1385734098463426425
1385734098666;7.0;1385734098664854732
1385734099075;8.0;1385734099068449703
1385734099272;4.0;1385734099269316402
1385734099472;3.0;1385734099470335689
1385734101090;4.0;1385734101083258095
1385734101688;2.0;1385734101686315957
1385734102098;3.0;1385734102089056435
1385734102494;4.0;1385734102492285195
1385734102696;7.0;1385734102693847737
1385734103307;5.0;1385734103297607503
1385734103507;4.0;1385734103500134885
1385734103703;3.0;1385734103700818479
1385734104317;2.0;1385734104304852903
1385734104512;4.0;1385734104506238401
1385734104709;5.0;1385734104707868039
1385734104912;6.0;1385734104909192502
1385734105112;7.0;1385734105110999323
1385734105313;4.0;1385734105312262751
1385734105519;2.0;1385734105514350153
1385734105923;3.0;1385734105916584951
1385734106330;4.0;1385734106319478017
1385734106536;5.0;1385734106520588857
1385734107127;3.0;1385734107125203115
1385734107530;4.0;1385734107528212673
1385734107932;5.0;1385734107930983669
1385734108335;6.0;1385734108333828386
1385734108742;5.0;1385734108736690935
1385734108944;3.0;1385734108938045915
1385734109347;4.0;1385734109340755876
1385734109748;6.0;1385734109743954118
1385734109947;7.0;1385734109945333839
1385734110350;4.0;1385734110348043800
1385734110556;3.0;1385734110550253273
1385734110954;2.0;1385734110952060386
1385734111157;3.0;1385734111154056236
1385734111558;4.0;1385734111556430504
1385734111961;6.0;1385734111959293052
1385734112164;7.0;1385734112161136314
1385734112363;6.0;1385734112362088981
1385734112565;3.0;1385734112564328971
1385734113371;4.0;1385734113369730910
1385734114180;5.0;1385734114176042157
1385734114586;3.0;1385734114579222167
1385734114983;2.0;1385734114981077636
1385734115606;3.0;1385734115586332763
1385734116600;2.0;1385734116593071300
1385734117005;5.0;1385734116995397533
1385734117400;4.0;1385734117398443188
1385734117601;3.0;1385734117599706615
1385734117803;2.0;1385734117801092114
1385734118004;3.0;1385734118002538647
1385734118206;2.0;1385734118203985180
1385734118608;3.0;1385734118606750883
1385734119233;4.0;1385734119211347563
1385734119817;2.0;1385734119815449261
1385734120424;3.0;1385734120420595057
1385734120825;5.0;1385734120822914773
1385734121026;7.0;1385734121024697000
1385734121428;4.0;1385734121427040750
1385734121630;3.0;1385734121628591629
1385734122034;2.0;1385734122031301590
1385734122672;4.0;1385734122636373611
1385734123242;5.0;1385734123240035740
1385734123443;3.0;1385734123441543308
1385734123644;2.0;1385734123642867771
1385734124459;3.0;1385734124448544571
1385734124852;4.0;1385734124851101944
1385734125860;3.0;1385734125858725312
1385734126469;4.0;1385734126463870572
1385734126672;7.0;1385734126665256070
1385734126867;5.0;1385734126865756558
1385734127070;2.0;1385734127067111539
1385734127270;3.0;1385734127268619107
1385734127472;4.0;1385734127470157193
1385734127895;6.0;1385734127872928189
1385734128076;7.0;1385734128074308133
1385734128478;5.0;1385734128477170682
1385734128686;3.0;1385734128679654813
1385734129083;2.0;1385734129081553719
1385734129285;3.0;1385734129283091805
1385734129687;4.0;1385734129685801766
1385734129889;5.0;1385734129887034676
1385734130096;6.0;1385734130089305184
1385734130293;7.0;1385734130290019295
1385734130493;5.0;1385734130491520894
1385734130696;3.0;1385734130693058980
1385734130895;2.0;1385734130894261372
1385734131500;4.0;1385734131498369609
1385734131905;6.0;1385734131901354228
1385734132306;7.0;1385734132304399883
1385734132512;5.0;1385734132506639873
1385734132713;4.0;1385734132707781230
1385734133111;3.0;1385734133109813760
1385734133515;2.0;1385734133513134073
1385734133723;5.0;1385734133715935596
1385734134320;4.0;1385734134319030102
1385734134522;3.0;1385734134520415600
1385734134726;2.0;1385734134721770580
1385734135327;4.0;1385734135326000468
1385734136133;6.0;1385734136131450908
1385734136341;7.0;1385734136334234307
1385734136536;2.0;1385734136534338066
1385734136738;3.0;1385734136736150811
1385734136947;4.0;1385734136937597344
1385734137343;5.0;1385734137340381277
1385734137744;7.0;1385734137743152273
1385734137946;3.0;1385734137944659841
1385734138551;4.0;1385734138548785818
1385734138954;7.0;1385734138951886502
1385734139558;4.0;1385734139556269534
1385734139761;3.0;1385734139757746585
1385734139968;2.0;1385734139958918460
1385734140772;3.0;1385734140765589603
1385734140975;4.0;1385734140965754398
1385734141170;6.0;1385734141167377997
1385734141576;3.0;1385734141571125556
1385734141982;2.0;1385734141974031219
1385734142581;3.0;1385734142577431244
1385734142781;4.0;1385734142779366058
1385734143184;5.0;1385734143182454957
1385734143385;6.0;1385734143383413208
1385734143586;5.0;1385734143584615601
1385734143792;4.0;1385734143786825074
1385734144191;3.0;1385734144188833130
1385734144795;4.0;1385734144793594356
1385734144996;3.0;1385734144994461055
1385734145218;6.0;1385734145196945186
1385734145403;4.0;1385734145398300166
1385734145804;3.0;1385734145800869716
1385734146206;6.0;1385734146203678118
1385734146406;5.0;1385734146405033099
1385734146810;4.0;1385734146808061214
1385734147212;3.0;1385734147210472591
1385734147615;2.0;1385734147613365658
1385734147834;3.0;1385734147815117367
1385734148017;4.0;1385734148016240424
1385734148421;8.0;1385734148419530219
1385734148640;11.0;1385734148620641059
1385734148834;9.0;1385734148821812934
1385734149030;8.0;1385734149024358100
1385734149428;7.0;1385734149426579780
1385734149630;6.0;1385734149627471392
1385734149837;7.0;1385734149830779498
1385734150032;9.0;1385734150030608599
1385734150636;7.0;1385734150634838849
1385734150838;5.0;1385734150836597152
1385734151244;4.0;1385734151240009018
1385734151445;3.0;1385734151440356918
1385734151846;5.0;1385734151843567714
1385734152253;4.0;1385734152247223719
1385734152450;8.0;1385734152447693690
1385734152651;13.0;1385734152649140223
1385734153053;12.0;1385734153052246913
1385734153460;13.0;1385734153455866623
1385734153658;16.0;1385734153656306076
1385734153859;17.0;1385734153857874680
1385734154061;20.0;1385734154059883091
1385734154263;26.0;1385734154260963413
1385734154465;35.0;1385734154462532017
1385734154665;33.0;1385734154663520786
1385734154868;26.0;1385734154865241978
1385734155068;24.0;1385734155066261265
1385734155275;22.0;1385734155268775913
1385734155470;19.0;1385734155469276402
1385734155676;9.0;1385734155671479797
1385734155874;10.0;1385734155872621154
1385734156075;4.0;1385734156073731994
1385734156280;5.0;1385734156276185608
1385734156478;6.0;1385734156476271410
1385734156679;9.0;1385734156678480882
1385734157087;11.0;1385734157081038255
1385734157888;10.0;1385734157886702318
1385734158090;9.0;1385734158088173658
1385734158292;8.0;1385734158289589673
1385734158494;10.0;1385734158491219312
1385734158693;23.0;1385734158692086011
1385734158895;27.0;1385734158893880872
1385734159096;30.0;1385734159094900159
1385734159304;33.0;1385734159297842053
1385734159500;37.0;1385734159498159436
1385734159700;34.0;1385734159699392346
1385734159903;46.0;1385734159900991467
1385734160104;79.0;1385734160102499036
1385734160305;101.0;1385734160303823499
1385734160523;102.0;1385734160505477731
1385734160708;93.0;1385734160706435983
1385734160910;104.0;1385734160908279244
1385734161111;105.0;1385734161109115426
1385734161316;66.0;1385734161311843697
1385734161640;13.0;1385734161512008492
1385734161719;9.0;1385734161714431588
1385734161916;8.0;1385734161914901559
1385734162323;7.0;1385734162318008248
1385734162937;8.0;1385734162922164742
1385734163126;6.0;1385734163124160592
1385734163333;10.0;1385734163325668160
1385734163534;8.0;1385734163527664010
1385734163735;7.0;1385734163728000028
1385734164133;89.0;1385734164131228787
1385734164345;104.0;1385734164332766873
1385734164537;112.0;1385734164534274442
1385734164754;120.0;1385734164735171659
1385734164939;122.0;1385734164936892850
1385734165139;124.0;1385734165138217313
1385734165543;114.0;1385734165541226580
1385734165744;99.0;1385734165742276385
1385734165945;23.0;1385734165944150164
1385734166147;25.0;1385734166145474627
1385734166357;30.0;1385734166347287371
1385734166594;26.0;1385734166548184588
1385734166751;16.0;1385734166749814227
1385734166952;5.0;1385734166951016619
1385734167154;4.0;1385734167152127459
1385734167558;5.0;1385734167555325701
1385734167759;8.0;1385734167756528094
1385734167960;9.0;1385734167958035662
1385734168166;11.0;1385734168160489276
1385734168765;10.0;1385734168763871092
1385734168972;9.0;1385734168965805906
1385734169377;8.0;1385734169369187254
1385734169573;16.0;1385734169569840330
1385734169784;24.0;1385734169770981688
1385734169975;25.0;1385734169972580809
1385734170176;27.0;1385734170174204375
1385734170385;32.0;1385734170376932646
1385734170580;66.0;1385734170577280546
1385734170779;81.0;1385734170778055693
1385734170987;28.0;1385734170980796476
1385734171183;20.0;1385734171181266447
1385734171388;18.0;1385734171383628508
1385734171632;19.0;1385734171585075041
1385734171988;12.0;1385734171986899992
1385734172189;10.0;1385734172188071867
1385734172996;8.0;1385734172994309868
1385734173197;7.0;1385734173195298637
1385734173405;6.0;1385734173398466774
1385734173600;5.0;1385734173598631569
1385734174211;10.0;1385734174203825661
1385734174609;7.0;1385734174605528541
1385734174808;6.0;1385734174806791969
1385734175010;8.0;1385734175008629391
1385734175212;20.0;1385734175210503170
1385734175417;24.0;1385734175411644527
1385734176022;23.0;1385734176016820503
1385734176223;24.0;1385734176217266328
1385734176421;22.0;1385734176418895967
1385734176822;19.0;1385734176821117646
1385734177227;20.0;1385734177224206212
1385734177427;21.0;1385734177426086346
1385734177630;20.0;1385734177627441326
1385734177831;11.0;1385734177829193035
1385734178031;5.0;1385734178030090252
1385734178232;4.0;1385734178231457655
1385734178652;5.0;1385734178634594862
1385734178838;8.0;1385734178835492079
1385734179043;9.0;1385734179038220351
1385734179245;10.0;1385734179239361708
1385734179442;11.0;1385734179440289442
1385734179847;9.0;1385734179843634219
1385734180051;7.0;1385734180045233340
1385734180449;5.0;1385734180447485538
1385734180856;14.0;1385734180850696679
1385734181058;21.0;1385734181051691797
1385734181255;18.0;1385734181253107812
1385734181455;23.0;1385734181454066064
1385734181657;33.0;1385734181655939843
1385734181861;39.0;1385734181857978691
1385734182060;49.0;1385734182058875908
1385734182262;62.0;1385734182260200371
1385734182463;60.0;1385734182461341728
1385734182665;63.0;1385734182663123955
1385734182930;66.0;1385734182864173759
1385734183068;60.0;1385734183065528740
1385734183279;61.0;1385734183267494072
1385734183470;45.0;1385734183468568595
1385734183672;11.0;1385734183670320304
1385734183873;9.0;1385734183871400626
1385734184075;7.0;1385734184073152335
1385734184478;5.0;1385734184476119174
1385734184884;4.0;1385734184879683627
1385734185087;9.0;1385734185081130161
1385734185283;4.0;1385734185281417026
1385734185686;5.0;1385734185684401645
1385734185893;7.0;1385734185886849162
1385734186088;8.0;1385734186087197062
1385734186295;10.0;1385734186289528605
1385734186491;63.0;1385734186490181681
1385734186894;67.0;1385734186892965355
1385734187499;63.0;1385734187497396507
1385734187700;60.0;1385734187698782005
1385734187936;55.0;1385734187901021995
1385734188304;54.0;1385734188303054834
1385734188517;30.0;1385734188505538965
1385734188707;50.0;1385734188705703760
1385734188916;30.0;1385734188908370996
1385734189111;7.0;1385734189108975831
1385734189318;3.0;1385734189311276857
1385734189714;4.0;1385734189713132326
1385734189923;5.0;1385734189915158693
1385734190117;7.0;1385734190115750734
1385734190319;8.0;1385734190317258302
1385734190520;9.0;1385734190519095535
1385734190740;10.0;1385734190720542068
1385734190923;9.0;1385734190921652908
1385734191125;7.0;1385734191123435134
1385734191326;6.0;1385734191324528050
1385734191527;4.0;1385734191526249241
1385734191930;5.0;1385734191929081273
1385734192137;26.0;1385734192131382298
1385734192333;46.0;1385734192331638646
1385734192570;45.0;1385734192533420872
1385734192736;47.0;1385734192734318089
1385734192938;43.0;1385734192936277719
1385734193140;42.0;1385734193137724252
1385734193348;33.0;1385734193338987680
1385734193547;16.0;1385734193541014047
1385734193743;10.0;1385734193741893348
1385734193952;19.0;1385734193944560584
1385734194153;12.0;1385734194144816932
1385734194348;13.0;1385734194346690711
1385734194550;10.0;1385734194547862586
1385734194752;9.0;1385734194749126014
1385734194956;3.0;1385734194950603065
1385734195154;6.0;1385734195152324256
1385734195355;7.0;1385734195353368091
1385734195558;8.0;1385734195554906177
1385734195959;5.0;1385734195957433033
1385734196160;4.0;1385734196158953268
1385734196362;3.0;1385734196360552389
1385734196764;4.0;1385734196763079244
1385734196977;5.0;1385734196965593893
1385734197167;6.0;1385734197166155416
1385734197370;8.0;1385734197367632467
1385734197635;32.0;1385734197569079000
1385734197776;23.0;1385734197771465493
1385734197974;11.0;1385734197972393227
1385734198175;10.0;1385734198173626138
1385734198381;13.0;1385734198375530435
1385734198581;11.0;1385734198577081185
1385734198981;14.0;1385734198979394417
1385734199191;17.0;1385734199180505257
1385734199383;22.0;1385734199381982308
1385734199585;26.0;1385734199583672982
1385734199786;20.0;1385734199784936409
1385734199988;26.0;1385734199986413460
1385734200189;27.0;1385734200187854138
1385734200391;19.0;1385734200389087048
1385734200596;9.0;1385734200590991345
1385734200794;7.0;1385734200792010632
1385734200995;8.0;1385734200993805385
1385734201196;9.0;1385734201194702602
1385734201403;11.0;1385734201397217250
1385734201604;12.0;1385734201597656703
1385734202002;10.0;1385734202001160121
1385734202204;8.0;1385734202201752162
1385734202724;5.0;1385734202605005619
1385734203010;3.0;1385734203008112308
1385734203210;11.0;1385734203209253666
1385734203412;30.0;1385734203411231894
1385734203613;28.0;1385734203611884970
1385734204022;27.0;1385734204015724081
1385734204218;28.0;1385734204216651816
1385734204425;27.0;1385734204418617148
1385734204822;11.0;1385734204820655722
1385734205225;9.0;1385734205223451259
1385734205631;8.0;1385734205627259852
1385734205830;5.0;1385734205827803500
1385734206232;7.0;1385734206230605014
1385734206440;8.0;1385734206433119662
1385734206836;6.0;1385734206834944613
1385734207239;5.0;1385734207237593539
1385734207444;4.0;1385734207440041072
1385734207845;5.0;1385734207842293269
1385734208045;7.0;1385734208043861873
1385734208246;9.0;1385734208245229635
1385734208449;10.0;1385734208446950826
1385734208649;11.0;1385734208647817525
1385734209053;12.0;1385734209051046285
1385734209268;11.0;1385734209252187642
1385734209667;10.0;1385734209655446920
1385734210260;7.0;1385734210259322814
1385734210466;11.0;1385734210461532286
1385734210684;9.0;1385734210663205136
1385734210865;5.0;1385734210863583554
1385734211072;6.0;1385734211066586484
1385734211267;4.0;1385734211266354550
1385734211477;3.0;1385734211469204892
1385734211874;4.0;1385734211870572079
1385734212077;7.0;1385734212073056210
1385734212482;9.0;1385734212476340005
1385734212678;10.0;1385734212676809976
1385734213082;7.0;1385734213079746465
1385734213282;5.0;1385734213281192999
1385734213492;8.0;1385734213483103643
1385734213686;11.0;1385734213684428106
1385734213892;8.0;1385734213886088263
1385734214088;13.0;1385734214086802374
1385734214289;14.0;1385734214288200492
1385734214491;13.0;1385734214489647025
1385734215100;23.0;1385734215095030762
1385734215296;80.0;1385734215295256592
1385734215503;85.0;1385734215496990458
1385734215700;76.0;1385734215698223368
1385734215903;52.0;1385734215899730936
1385734216103;11.0;1385734216101177470
1385734216304;7.0;1385734216302471415
1385734216510;5.0;1385734216504986063
1385734216707;3.0;1385734216705669657
1385734216936;4.0;1385734216906719462
1385734217316;7.0;1385734217310918773
1385734217513;5.0;1385734217511236156
1385734217714;9.0;1385734217712804760
1385734217915;7.0;1385734217913806172
1385734218123;5.0;1385734218116656514
1385734218320;4.0;1385734218317010869
1385734218721;10.0;1385734218719751348
1385734218929;84.0;1385734218921930303
1385734219124;91.0;1385734219122473918
1385734219326;98.0;1385734219324256145
1385734219527;100.0;1385734219525611125
1385734219729;102.0;1385734219727240764
1385734219930;101.0;1385734219928199016
1385734220138;91.0;1385734220131049358
1385734220333;78.0;1385734220331183635
1385734220534;63.0;1385734220532447063
1385734220735;38.0;1385734220734131998
1385734220942;52.0;1385734220936097330
1385734221139;5.0;1385734221137055582
1385734221340;8.0;1385734221338563150
1385734221551;11.0;1385734221539991953
1385734221744;9.0;1385734221741255380
1385734221951;5.0;1385734221943464853
1385734222356;4.0;1385734222346937753
1385734222554;3.0;1385734222547072031
1385734222952;4.0;1385734222949629404
1385734223158;5.0;1385734223152595790
1385734223360;6.0;1385734223353889735
1385734223557;8.0;1385734223554268153
1385734223763;7.0;1385734223755714686
1385734223959;21.0;1385734223957112650
1385734224169;23.0;1385734224158559183
1385734224361;20.0;1385734224359914164
1385734224564;17.0;1385734224561421732
1385734224784;39.0;1385734224763051371
1385734224970;60.0;1385734224964101175
1385734225177;43.0;1385734225165669779
1385734225368;16.0;1385734225366658548
1385734225574;11.0;1385734225568496014
1385734225775;9.0;1385734225770674969
1385734226178;10.0;1385734226173507000
1385734226582;8.0;1385734226575924358
1385734226779;10.0;1385734226777157268
1385734226980;8.0;1385734226978359660
1385734227183;6.0;1385734227180141887
1385734227383;5.0;1385734227381344279
1385734227585;4.0;1385734227583095988
1385734227786;3.0;1385734227784054240
1385734228592;6.0;1385734228590139588
1385734228793;7.0;1385734228791781906
1385734228995;5.0;1385734228992740157
1385734229200;4.0;1385734229195071700
1385734229402;10.0;1385734229396670822
1385734229600;8.0;1385734229597140792
1385734230209;10.0;1385734230202487472
1385734230404;11.0;1385734230402982061
1385734230607;12.0;1385734230604733770
1385734230813;11.0;1385734230806119268
1385734231012;9.0;1385734231007901494
1385734231213;8.0;1385734231208569364
1385734231415;7.0;1385734231410809355
1385734231816;5.0;1385734231813305692
1385734232016;2.0;1385734232014233427
1385734232218;5.0;1385734232216046171
1385734232420;7.0;1385734232417218046
1385734232829;8.0;1385734232821508875
1385734233025;6.0;1385734233021795741
1385734233224;5.0;1385734233223120204
1385734233436;4.0;1385734233425207606
1385734233831;3.0;1385734233828021441
1385734234232;7.0;1385734234230792437
1385734234433;5.0;1385734234432177935
1385734234635;4.0;1385734234633410845
1385734234836;5.0;1385734234834643755
1385734235440;6.0;1385734235438611382
1385734235645;4.0;1385734235641156548
1385734235843;7.0;1385734235841748589
1385734236045;8.0;1385734236043238446
1385734236254;7.0;1385734236245661542
1385734236447;6.0;1385734236445826336
1385734236655;5.0;1385734236648676678
1385734236877;3.0;1385734236848994061
1385734237253;5.0;1385734237251704022
1385734237656;7.0;1385734237654468933
1385734238261;5.0;1385734238259144226
1385734238462;4.0;1385734238460407654
1385734238664;3.0;1385734238661671082
1385734239267;2.0;1385734239265949646
1385734239473;5.0;1385734239467487732
1385734239671;6.0;1385734239668964783
1385734239873;7.0;1385734239870197693
1385734240073;4.0;1385734240071400086
1385734240276;5.0;1385734240273151795
1385734240678;4.0;1385734240675953308
1385734241282;5.0;1385734241280403210
1385734241685;6.0;1385734241683357311
1385734241891;5.0;1385734241885200573
1385734242305;6.0;1385734242287239147
1385734242491;4.0;1385734242489021374
1385734242691;3.0;1385734242690223766
1385734242893;1.0;1385734242891609264
1385734243095;4.0;1385734243093452526
1385734243501;7.0;1385734243496498180
1385734243900;3.0;1385734243898780895
1385734244314;4.0;1385734244301643444
1385734244708;7.0;1385734244704475475
1385734244911;6.0;1385734244906532360
1385734245133;5.0;1385734245107429577
1385734245311;4.0;1385734245308601452
1385734245512;3.0;1385734245509956432
1385734245915;2.0;1385734245912757946
1385734246116;3.0;1385734246114051891
1385734246526;2.0;1385734246518013073
1385734246722;5.0;1385734246718544079
1385734247123;4.0;1385734247121870817
1385734247537;3.0;1385734247525069059
1385734247934;2.0;1385734247928755583
1385734248332;3.0;1385734248330824674
1385734248541;4.0;1385734248531935514
1385734248937;5.0;1385734248935072721
1385734249345;4.0;1385734249337782682
1385734249544;3.0;1385734249539748014
1385734249943;2.0;1385734249941939176
1385734250147;1.0;1385734250143538297
1385734250352;3.0;1385734250345338933
1385734250549;4.0;1385734250546449773
1385734251353;3.0;1385734251352083318
1385734252984;4.0;1385734252963723769
1385734253571;2.0;1385734253567849746
1385734253971;4.0;1385734253970437637
1385734254180;3.0;1385734254173196426
1385734254778;2.0;1385734254776705977
1385734255382;3.0;1385734255380661679
1385734255786;4.0;1385734255783951474
1385734256595;3.0;1385734256590073300
1385734256998;2.0;1385734256992502664
1385734257400;1.0;1385734257396036599
1385734257597;4.0;1385734257596427512
1385734258404;3.0;1385734258402213645
1385734259411;4.0;1385734259409715129
1385734260020;5.0;1385734260015104952
1385734260426;4.0;1385734260417662325
1385734260620;3.0;1385734260618071260
1385734260822;2.0;1385734260819822969
1385734261022;1.0;1385734261021025362
1385734261229;3.0;1385734261223204317
1385734261626;4.0;1385734261625084297
1385734262433;3.0;1385734262430687324
1385734262642;2.0;1385734262633201972
1385734263441;4.0;1385734263438103095
1385734263642;3.0;1385734263639976875
1385734263843;2.0;1385734263840965644
1385734264246;3.0;1385734264243919746
1385734264447;2.0;1385734264445152656
1385734264648;3.0;1385734264646355049
1385734264854;6.0;1385734264849345942
1385734265056;5.0;1385734265050731440
1385734265254;3.0;1385734265251415034
1385734266059;2.0;1385734266057048578
1385734266260;3.0;1385734266258373041
1385734267267;4.0;1385734267265325409
1385734267670;3.0;1385734267668096405
1385734267877;2.0;1385734267870824677
1385734268282;1.0;1385734268274053436
1385734268475;3.0;1385734268473577362
1385734268879;4.0;1385734268876836639
1385734269080;8.0;1385734269078344208
1385734269282;4.0;1385734269279821259
1385734269711;3.0;1385734269682702331
1385734270290;4.0;1385734270287041930
1385734270697;5.0;1385734270689599303
1385734271297;6.0;1385734271294451759
1385734271498;3.0;1385734271495654152
1385734271720;2.0;1385734271697833107
1385734272304;3.0;1385734272301544378
1385734273111;2.0;1385734273107727240
1385734273713;3.0;1385734273711328366
1385734274115;4.0;1385734274114007810
1385734274727;3.0;1385734274719489538
1385734275151;4.0;1385734275121650183
1385734275324;7.0;1385734275322822058
1385734275531;3.0;1385734275524299108
1385734275727;7.0;1385734275725654089
1385734275929;11.0;1385734275927161657
1385734276130;13.0;1385734276128693718
1385734276332;11.0;1385734276330262321
1385734276532;10.0;1385734276531220573
1385734276734;12.0;1385734276732697624
1385734276937;9.0;1385734276934235710
1385734277137;4.0;1385734277135560173
1385734277340;9.0;1385734277337159294
1385734277544;11.0;1385734277538575310
1385734277743;20.0;1385734277739899773
1385734277945;28.0;1385734277941651482
1385734278144;25.0;1385734278142853874
1385734278345;16.0;1385734278344117302
1385734278749;19.0;1385734278746918816
1385734278951;13.0;1385734278948701042
1385734279152;7.0;1385734279149750847
1385734279354;19.0;1385734279351887382
1385734279554;14.0;1385734279552815117
1385734279762;13.0;1385734279755268730
1385734279957;22.0;1385734279955921806
1385734280159;19.0;1385734280157154716
1385734280360;15.0;1385734280358784355
1385734280561;20.0;1385734280560078300
1385734280763;17.0;1385734280761427207
1385734280965;10.0;1385734280963331504
1385734281172;8.0;1385734281164198203
1385734281368;5.0;1385734281366102500
1385734281573;3.0;1385734281567182822
1385734281772;4.0;1385734281769148154
1385734282074;3.0;1385734281970197959
1385734282179;4.0;1385734282172346396
1385734282376;8.0;1385734282372968955
1385734282576;5.0;1385734282574323935
1385734282796;2.0;1385734282776258750
1385734282979;4.0;1385734282977369590
1385734283386;3.0;1385734283380750937
1385734283786;5.0;1385734283783033652
1385734283990;3.0;1385734283984712562
1385734284187;2.0;1385734284185762367
1385734284400;3.0;1385734284388673744
1385734284998;4.0;1385734284992616615
1385734285396;5.0;1385734285394655189
1385734285800;9.0;1385734285797909168
1385734286000;2.0;1385734285998958973
1385734286203;3.0;1385734286200100330
1385734286403;4.0;1385734286401455310
1385734287012;13.0;1385734287006039051
1385734287209;8.0;1385734287207210926
1385734287410;4.0;1385734287408840564
1385734287611;6.0;1385734287610165027
1385734287815;7.0;1385734287812160877
1385734288014;6.0;1385734288012997059
1385734288217;10.0;1385734288214901355
1385734288418;11.0;1385734288415798572
1385734289022;13.0;1385734289020553392
1385734289426;11.0;1385734289423385423
1385734289626;14.0;1385734289624648851
1385734289828;12.0;1385734289826370042
1385734290034;8.0;1385734290027816576
1385734290231;9.0;1385734290228805345
1385734290433;10.0;1385734290430856535
1385734290633;9.0;1385734290631906340
1385734290845;8.0;1385734290834237883
1385734291036;6.0;1385734291034860442
1385734291460;7.0;1385734291437705089
1385734291640;40.0;1385734291638999034
1385734291844;41.0;1385734291840628673
1385734292043;16.0;1385734292041983653
1385734292245;8.0;1385734292243338634
1385734292446;9.0;1385734292444785167
1385734292850;26.0;1385734292847855350
1385734293051;7.0;1385734293049454471
1385734293257;15.0;1385734293250290653
1385734293456;18.0;1385734293452713748
1385734293655;15.0;1385734293653410001
1385734293858;8.0;1385734293854978605
1385734294057;4.0;1385734294056058927
1385734294259;5.0;1385734294257474942
1385734294738;3.0;1385734294661039396
1385734294863;4.0;1385734294861875577
1385734295066;6.0;1385734295063352628
1385734295266;8.0;1385734295265067915
1385734295472;10.0;1385734295466544966
1385734295670;6.0;1385734295667869429
1385734296075;4.0;1385734296071324451
1385734296495;9.0;1385734296473485095
1385734296676;5.0;1385734296674992664
1385734296884;4.0;1385734296877324207
1385734297081;3.0;1385734297077794177
1385734297487;15.0;1385734297481145007
1385734297684;40.0;1385734297682188894
1385734297892;148.0;1385734297884673025
1385734298088;122.0;1385734298085112478
1385734298288;111.0;1385734298286650564
1385734298491;131.0;1385734298487987960
1385734298691;178.0;1385734298689251388
1385734298898;172.0;1385734298891674484
1385734299104;279.0;1385734299092174972
1385734299295;302.0;1385734299293804611
1385734299497;275.0;1385734299495068038
1385734299698;235.0;1385734299696361984
1385734299905;247.0;1385734299898632492
1385734300109;194.0;1385734300100622281
1385734300311;223.0;1385734300300939664
1385734300506;219.0;1385734300502813443
1385734300776;249.0;1385734300703588589
1385734300907;293.0;1385734300905291813
1385734301113;308.0;1385734301106494206
1385734301310;314.0;1385734301308123844
1385734301511;321.0;1385734301509051579
1385734301712;332.0;1385734301710559147
1385734301917;325.0;1385734301913287419
1385734302115;273.0;1385734302113574284
1385734302326;245.0;1385734302315448063
1385734302524;227.0;1385734302517804414
1385734302720;228.0;1385734302717786103
1385734302921;263.0;1385734302919751435
1385734303125;289.0;1385734303120984345
1385734303330;308.0;1385734303323114683
1385734303726;311.0;1385734303724878599
1385734303934;308.0;1385734303927271177
1385734304532;304.0;1385734304530878355
1385734304734;308.0;1385734304732202818
1385734304935;311.0;1385734304933887915
1385734305137;310.0;1385734305135334448
1385734305337;312.0;1385734305336353735
1385734305551;308.0;1385734305539295630
1385734305741;307.0;1385734305739381443
1385734305943;308.0;1385734305941163669
1385734306143;304.0;1385734306142335544
1385734306350;302.0;1385734306344331394
1385734306548;304.0;1385734306545320163
1385734307151;306.0;1385734307149354587
1385734307555;307.0;1385734307552882436
1385734307957;305.0;1385734307955348256
1385734308185;301.0;1385734308156733754
1385734308364;302.0;1385734308358729604
1385734308828;304.0;1385734308760951284
1385734308965;306.0;1385734308962062124
1385734309367;307.0;1385734309365138295
1385734309568;306.0;1385734309566737417
1385734309770;304.0;1385734309767939809
1385734310173;301.0;1385734310170954946
1385734310375;300.0;1385734310372401479
1385734310575;302.0;1385734310573713777
1385734311184;305.0;1385734311178328035
1385734311387;306.0;1385734311380690096
1385734311584;307.0;1385734311581099031
1385734311784;304.0;1385734311782392977
1385734311986;301.0;1385734311983931063
1385734312187;305.0;1385734312185554970
1385734312389;307.0;1385734312386696328
1385734312596;304.0;1385734312589302529
1385734312791;302.0;1385734312789314736
1385734312999;304.0;1385734312992012490
1385734313194;300.0;1385734313192390908
1385734313597;302.0;1385734313595345009
1385734314201;305.0;1385734314199470986
1385734314605;306.0;1385734314602455605
1385734315008;303.0;1385734315005318154
1385734315208;305.0;1385734315206551064
1385734315419;298.0;1385734315409664017
1385734315612;301.0;1385734315609889847
1385734316014;305.0;1385734316013057572
1385734316417;307.0;1385734316415645463
1385734316619;304.0;1385734316617091996
1385734316820;302.0;1385734316818233353
1385734317022;304.0;1385734317019887641
1385734317223;300.0;1385734317221334174
1385734317626;302.0;1385734317624105170
1385734317827;301.0;1385734317825643256
1385734318029;302.0;1385734318026967719
1385734318231;305.0;1385734318228200629
1385734318633;306.0;1385734318631154731
1385734318851;307.0;1385734318832265571
1385734319037;301.0;1385734319033681586
1385734319438;302.0;1385734319436544135
1385734319877;304.0;1385734319839467719
1385734320043;306.0;1385734320041512530
1385734320245;305.0;1385734320243264239
1385734320451;306.0;1385734320445229571
1385734320647;304.0;1385734320645638506
1385734320848;303.0;1385734320846901934
1385734321050;305.0;1385734321048440020
1385734321460;308.0;1385734321452401202
1385734321655;312.0;1385734321652987530
1385734321855;317.0;1385734321854098370
1385734322061;315.0;1385734322055819561
1385734322460;312.0;1385734322458664465
1385734322730;299.0;1385734322660416174
1385734322863;296.0;1385734322861191320
1385734323064;274.0;1385734323062820959
1385734323265;161.0;1385734323263962316
1385734323471;156.0;1385734323466232824
1385734323669;199.0;1385734323667160558
1385734323871;259.0;1385734323868546056
1385734324273;269.0;1385734324271647559
1385734324483;285.0;1385734324473521338
1385734324676;292.0;1385734324674327002
1385734324877;298.0;1385734324876091019
1385734325084;302.0;1385734325078208939
1385734325280;305.0;1385734325278282181
1385734325482;303.0;1385734325480583207
1385734325687;299.0;1385734325682548539
1385734348848;310.0;1385734348846947804
1385734349056;312.0;1385734349047845021
1385734349250;309.0;1385734349249200002
1385734349654;308.0;1385734349652289109
1385734349854;306.0;1385734349853430467
1385734350258;312.0;1385734350256506639
1385734350460;186.0;1385734350457861619
1385734350660;24.0;1385734350659094529
1385734350862;22.0;1385734350860632615
1385734351065;17.0;1385734351062348195
1385734351265;14.0;1385734351263916799
1385734351466;13.0;1385734351464966603
1385734351668;14.0;1385734351666474172
1385734352082;15.0;1385734352069745923
1385734352274;14.0;1385734352271015887
1385734352474;11.0;1385734352472218280
1385734352675;9.0;1385734352674092059
1385734353279;11.0;1385734353277895083
1385734353481;10.0;1385734353479311099
1385734353910;11.0;1385734353882234683
1385734354085;14.0;1385734354083589663
1385734354287;15.0;1385734354285188784
1385734354488;14.0;1385734354486391177
1385734354690;13.0;1385734354688106289
1385734354891;11.0;1385734354889247647
1385734355092;14.0;1385734355090938321
1385734355295;32.0;1385734355292476407
1385734355495;73.0;1385734355493660821
1385734355696;211.0;1385734355695107354
1385734355898;222.0;1385734355896523370
1385734356104;223.0;1385734356097878350
1385734356301;231.0;1385734356299416436
1385734356502;250.0;1385734356500832452
1385734356703;262.0;1385734356702187432
1385734356915;264.0;1385734356903725518
1385734357116;250.0;1385734357105471368
1385734357308;268.0;1385734357306704278
1385734357509;288.0;1385734357508150812
1385734357914;292.0;1385734357911545000
1385734358113;297.0;1385734358112381182
1385734358315;296.0;1385734358314041338
1385734358517;292.0;1385734358515304766
1385734358718;288.0;1385734358716629229
1385734359121;286.0;1385734359119339190
1385734359323;285.0;1385734359320877275
1385734359526;287.0;1385734359522653402
1385734359793;291.0;1385734359724069417
1385734359927;286.0;1385734359925241292
1385734360133;287.0;1385734360126901449
1385734360330;289.0;1385734360328421549
1385734360733;292.0;1385734360731223062
1385734360961;293.0;1385734360932639078
1385734361136;292.0;1385734361134085611
1385734361337;293.0;1385734361335471109
1385734361538;290.0;1385734361536704019
1385734361739;289.0;1385734361737936930
1385734362142;287.0;1385734362140915687
1385734362344;286.0;1385734362342331703
1385734362545;289.0;1385734362543961342
1385734362747;288.0;1385734362745329393
1385734362950;289.0;1385734362947020067
1385734363205;295.0;1385734363148252977
1385734363351;289.0;1385734363349516405
1385734363560;290.0;1385734363550932421
1385734363759;288.0;1385734363752317919
1385734363962;287.0;1385734363953825487
1385734364186;288.0;1385734364155149950
1385734364358;289.0;1385734364356774403
1385734364566;288.0;1385734364558190419
1385734364761;291.0;1385734364759514881
1385734364962;292.0;1385734364961266590
1385734365365;293.0;1385734365364019656
1385734365567;290.0;1385734365565405154
1385734365768;289.0;1385734365766699099
1385734365970;290.0;1385734365968237185
1385734366171;287.0;1385734366169653201
1385734366648;289.0;1385734366572454714
1385734366977;293.0;1385734366975738459
1385734367178;294.0;1385734367177001887
1385734367381;291.0;1385734367378448420
1385734367582;290.0;1385734367579663678
1385734367787;295.0;1385734367781140729
1385734367984;291.0;1385734367982556745
1385734368185;290.0;1385734368183942243
1385734368386;278.0;1385734368385358258
1385734368588;247.0;1385734368586774274
1385734368790;267.0;1385734368788190290
1385734368991;296.0;1385734368989697858
138