1385733983833
1385733988550
1385733990733
1385733994469
1385733996510
1385734000684
1385734002923
1385734006435
1385734008089
1385734011879
1385734013708
1385734017635
1385734019795
1385734023119
1385734025166
1385734028838
1385734030434
1385734034373
1385734036713
1385734040141
1385734042052
1385734046027
1385734048164
1385734052359
1385734054060
1385734058189
1385734060080
1385734064221
1385734066378
1385734070125
1385734072164
1385734076505
1385734078186
1385734082142
1385734084067
1385734088323
1385734090447
1385734094329
1385734096642
1385734100336
1385734102087
1385734106581
1385734108285
1385734112262
1385734114053
1385734118503
1385734120180
1385734124455
1385734126506
1385734130391
1385734132413
1385734136369
1385734138138
1385734141467
1385734143545
1385734147000
1385734149112
1385734153224
1385734155210
1385734158855
1385734160958
1385734164350
1385734166206
1385734169848
1385734171573
1385734175575
1385734177315
1385734181302
1385734183106
1385734186663
1385734188570
1385734192504
1385734194197
1385734197830
1385734200166
1385734203559
1385734205136
1385734208570
1385734210256
1385734213710
1385734215557
1385734218958
1385734220786
1385734224173
1385734225962
1385734229557
1385734231351
1385734235025
1385734236350
1385734240405
1385734242340
1385734245930
1385734247916
1385734251270
1385734252972
1385734256539
1385734257990
1385734261660
1385734263380
1385734266845
1385734268433
1385734271795
