1385469314763;1019.21985;1385469314335823668
1385469314764;1019.2498;1385469314381233825
1385469314766;1019.2398;1385469314416206969
1385469314767;1019.2498;1385469314449135436
1385469314776;1019.25977;1385469314482491149
1385469314781;1019.25977;1385469314517220153
1385469314782;1019.2698;1385469314553352965
1385469314796;1019.2698;1385469314617897643
1385469314800;1019.2798;1385469314650643004
1385469314802;1019.2798;1385469314684731139
1385469314805;1019.2898;1385469314718544616
1385469314807;1019.2998;1385469314751228942
1385469314854;1019.2998;1385469314785225524
1385469314862;1019.2998;1385469314819496764
1385469314913;1019.2998;1385469314855275633
1385469314926;1019.2998;1385469314920217039
1385469314957;1019.30975;1385469314956075193
1385469315024;1019.30975;1385469315020802976
1385469315055;1019.30975;1385469315053487302
1385469315088;1019.31976;1385469315087239744
1385469315125;1019.30975;1385469315121480467
1385469315156;1019.30975;1385469315154164793
1385469315190;1019.30975;1385469315188100340
1385469315224;1019.31976;1385469315222249510
1385469315256;1019.31976;1385469315255055906
1385469315291;1019.31976;1385469315288594724
1385469315327;1019.31976;1385469315323049070
1385469315361;1019.30975;1385469315359120847
1385469315429;1019.30975;1385469315423909666
1385469315462;1019.30975;1385469315459828855
1385469315530;1019.30975;1385469315524617674
1385469315581;1019.2998;1385469315560475828
1385469315627;1019.30975;1385469315625020506
1385469315660;1019.30975;1385469315657704832
1385469315693;1019.30975;1385469315691426756
1385469315729;1019.30975;1385469315725972654
1385469315764;1019.30975;1385469315761830808
1385469315849;1019.30975;1385469315826711179
1385469315892;1019.30975;1385469315862599851
1385469315930;1019.30975;1385469315927144529
1385469315961;1019.30975;1385469315959859373
1385469315997;1019.31976;1385469315993855955
1385469316034;1019.30975;1385469316028188230
1385469316072;1019.30975;1385469316063985349
1385469316131;1019.31976;1385469316128987791
1385469316170;1019.31976;1385469316164540769
1385469316231;1019.3298;1385469316229512693
1385469316267;1019.3298;1385469316265340330
1385469316335;1019.3298;1385469316330251219
1385469316368;1019.3397;1385469316366170408
1385469316437;1019.3397;1385469316431111814
1385469316474;1019.3397;1385469316467025342
1385469316537;1019.34973;1385469316532027783
1385469316575;1019.34973;1385469316567702832
1385469316638;1019.34973;1385469316632735791
1385469316676;1019.34973;1385469316668532910
1385469316735;1019.34973;1385469316733016553
1385469316768;1019.34973;1385469316765700879
1385469316802;1019.34973;1385469316799697461
1385469316839;1019.34973;1385469316833999219
1385469316877;1019.34973;1385469316869826855
1385469316940;1019.34973;1385469316934890332
1385469316972;1019.35974;1385469316970504346
1385469317041;1019.35974;1385469317035598340
1385469317074;1019.34973;1385469317071273388
1385469317141;1019.34973;1385469317136153760
1385469317179;1019.34973;1385469317171950879
1385469317239;1019.3397;1385469317236599515
1385469317271;1019.3397;1385469317269283841
1385469317305;1019.3397;1385469317303036282
1385469317341;1019.3397;1385469317337734769
1385469317380;1019.3397;1385469317373409817
1385469317443;1019.34973;1385469317438473294
1385469317477;1019.34973;1385469317474178860
1385469317565;1019.34973;1385469317538723538
1385469317573;1019.34973;1385469317571407864
1385469317606;1019.34973;1385469317605068753
1385469317641;1019.34973;1385469317639645169
1385469317677;1019.3397;1385469317675350735
1385469317742;1019.3397;1385469317740200589
1385469317775;1019.3397;1385469317773037503
1385469317808;1019.3397;1385469317806606839
1385469317844;1019.3397;1385469317841091702
1385469317878;1019.3397;1385469317876888821
1385469317947;1019.3397;1385469317942013333
1385469317984;1019.3397;1385469317977688382
1385469318048;1019.3397;1385469318042690823
1385469318081;1019.3298;1385469318078487942
1385469318148;1019.3298;1385469318143246243
1385469318182;1019.3298;1385469318179195950
1385469318246;1019.3298;1385469318243710110
1385469318278;1019.3298;1385469318276394436
1385469318312;1019.3298;1385469318310055325
1385469318351;1019.3298;1385469318344814847
1385469318388;1019.3298;1385469318380520413
1385469318452;1019.3298;1385469318445522854
1385469318488;1019.3298;1385469318481319974
1385469318554;1019.3298;1385469318545956204
1385469318581;1019.3298;1385469318578762601
1385469318615;1019.3397;1385469318612789700
1385469318652;1019.3397;1385469318648129056
1385469318729;1019.3397;1385469318713497708
1385469318751;1019.3397;1385469318747433255
1385469318785;1019.34973;1385469318783138821
1385469318854;1019.34973;1385469318848501687
1385469318902;1019.34973;1385469318884268289
1385469318950;1019.34973;1385469318948721414
1385469318983;1019.34973;1385469318981558328
1385469319018;1019.34973;1385469319015829568
1385469319052;1019.34973;1385469319049734597
1385469319087;1019.34973;1385469319085379129
1385469319153;1019.34973;1385469319150503640
1385469319187;1019.34973;1385469319186117654
1385469319252;1019.34973;1385469319250875955
1385469319285;1019.3397;1385469319283560281
1385469319328;1019.3397;1385469319317282205
1385469319474;1019.3397;1385469319351553445
1385469319479;1019.3397;1385469319384268289
1385469319484;1019.3397;1385469319417929178
1385469319491;1019.3397;1385469319452536111
1385469319494;1019.34973;1385469319488363748
1385469319557;1019.34973;1385469319553213601
1385469319591;1019.3397;1385469319589041238
1385469319656;1019.3397;1385469319653842544
1385469319688;1019.3397;1385469319686557388
1385469319722;1019.3397;1385469319720523452
1385469319756;1019.3397;1385469319754520034
1385469319789;1019.3298;1385469319787204361
1385469319823;1019.3298;1385469319820956802
1385469319862;1019.3298;1385469319855685806
1385469319898;1019.3298;1385469319891360855
1385469319963;1019.3298;1385469319956332778
1385469320000;1019.31976;1385469319992190933
1385469320062;1019.31976;1385469320056925354
1385469320097;1019.30975;1385469320092814026
1385469320163;1019.30975;1385469320157816467
1385469320200;1019.30975;1385469320193460999
1385469320260;1019.30975;1385469320258310852
1385469320296;1019.30975;1385469320294138489
1385469320361;1019.2998;1385469320358927307
1385469320393;1019.30975;1385469320391703186
1385469320427;1019.30975;1385469320425699768
1385469320462;1019.30975;1385469320459665833
1385469320494;1019.30975;1385469320492441711
1385469320535;1019.30975;1385469320525950012
1385469320562;1019.31976;1385469320560373840
1385469320597;1019.31976;1385469320596170959
1385469320663;1019.3298;1385469320661356506
1385469320698;1019.3298;1385469320697062073
1385469320764;1019.3298;1385469320761667786
1385469320796;1019.3298;1385469320794352112
1385469320830;1019.3298;1385469320828379211
1385469320867;1019.3298;1385469320862693795
1385469320920;1019.3397;1385469320898490914
1385469320971;1019.3397;1385469320963279732
1385469321001;1019.3397;1385469320999015816
1385469321068;1019.3397;1385469321063926705
1385469321101;1019.3397;1385469321096733101
1385469321133;1019.3397;1385469321130912789
1385469321170;1019.3397;1385469321165000924
1385469321207;1019.3397;1385469321200737008
1385469321267;1019.3298;1385469321265251168
1385469321300;1019.3397;1385469321297966011
1385469321334;1019.3397;1385469321331932076
1385469321372;1019.3397;1385469321366233834
1385469321410;1019.34973;1385469321402061470
1385469321472;1019.34973;1385469321466972359
1385469321510;1019.34973;1385469321502769478
1385469321573;1019.34973;1385469321567619332
1385469321606;1019.3397;1385469321603569039
1385469321674;1019.3397;1385469321668357857
1385469321707;1019.3397;1385469321704277047
1385469321771;1019.3298;1385469321768760689
1385469321803;1019.3397;1385469321801445015
1385469321837;1019.3397;1385469321835136422
1385469321875;1019.3298;1385469321869743355
1385469321913;1019.3298;1385469321905570992
1385469321973;1019.3298;1385469321970573433
1385469322017;1019.3298;1385469322006279000
1385469322076;1019.31976;1385469322071189888
1385469322112;1019.31976;1385469322107078560
1385469322179;1019.30975;1385469322171897896
1385469322210;1019.30975;1385469322207695015
1385469322277;1019.30975;1385469322272544869
1385469322310;1019.30975;1385469322308158883
1385469322379;1019.30975;1385469322373435982
1385469322417;1019.30975;1385469322409233101
1385469322480;1019.30975;1385469322474229499
1385469322517;1019.31976;1385469322510118171
1385469322581;1019.31976;1385469322575029060
1385469322613;1019.31976;1385469322610673591
1385469322686;1019.3298;1385469322675553962
1385469322712;1019.3298;1385469322711229011
1385469322780;1019.3298;1385469322776231452
1385469322820;1019.3298;1385469322811906501
1385469322882;1019.31976;1385469322877214118
1385469322920;1019.3298;1385469322912950202
1385469322981;1019.3298;1385469322977586433
1385469323012;1019.3298;1385469323010362312
1385469323046;1019.3397;1385469323043870613
1385469323084;1019.3397;1385469323078416511
1385469323117;1019.3397;1385469323114274665
1385469323185;1019.3397;1385469323179277107
1385469323217;1019.3397;1385469323214952155
1385469323283;1019.3397;1385469323279845035
1385469323318;1019.3298;1385469323315672672
1385469323387;1019.3298;1385469323380339420
1385469323416;1019.3298;1385469323413237369
1385469323457;1019.3298;1385469323452177799
1385469323516;1019.3298;1385469323513518131
1385469323551;1019.3298;1385469323547850407
1385469323586;1019.3298;1385469323582213199
1385469323625;1019.3298;1385469323617949283
1385469323688;1019.3298;1385469323682890690
1385469323725;1019.3298;1385469323718565739
1385469323787;1019.31976;1385469323783201969
1385469323817;1019.31976;1385469323815886295
1385469323852;1019.31976;1385469323849760807
1385469323888;1019.3298;1385469323884398258
1385469323922;1019.3298;1385469323919981754
1385469323991;1019.3298;1385469323984984196
1385469324028;1019.3298;1385469324020689762
1385469324093;1019.3298;1385469324085753239
1385469324133;1019.3298;1385469324121458805
1385469324191;1019.3298;1385469324186125553
1385469324224;1019.3298;1385469324218901432
1385469324260;1019.3298;1385469324253081119
1385469324289;1019.3298;1385469324286925114
1385469324324;1019.3298;1385469324322630680
1385469324401;1019.3298;1385469324387694157
1385469324425;1019.3298;1385469324423338688
1385469324490;1019.3298;1385469324488127506
1385469324522;1019.3298;1385469324520811832
1385469324556;1019.3298;1385469324554533756
1385469324591;1019.3298;1385469324589079655
1385469324626;1019.31976;1385469324624907291
1385469324691;1019.31976;1385469324689604557
1385469324724;1019.31976;1385469324722471989
1385469324759;1019.31976;1385469324756499088
1385469324792;1019.31976;1385469324790190494
1385469324824;1019.31976;1385469324822935856
1385469324859;1019.31976;1385469324857023990
1385469324897;1019.31976;1385469324891533686
1385469324929;1019.3298;1385469324927239253
1385469324996;1019.3298;1385469324992150142
1385469325030;1019.3298;1385469325028038813
1385469325099;1019.3298;1385469325092919185
1385469325131;1019.3298;1385469325128746821
1385469325200;1019.3298;1385469325193505122
1385469325231;1019.3298;1385469325229332759
1385469325296;1019.31976;1385469325294152095
1385469325331;1019.3298;1385469325329888179
1385469325400;1019.3298;1385469325394951655
1385469325438;1019.3298;1385469325430870845
1385469325502;1019.3298;1385469325495781733
1385469325539;1019.3298;1385469325531578852
1385469325602;1019.3298;1385469325596367671
1385469325640;1019.3298;1385469325632256343
1385469325702;1019.3298;1385469325697118959
1385469325735;1019.3298;1385469325732946595
1385469325800;1019.3298;1385469325797735414
1385469325836;1019.3298;1385469325833471498
1385469325905;1019.31976;1385469325898626527
1385469325937;1019.31976;1385469325934454164
1385469326018;1019.3298;1385469325999212465
1385469326042;1019.3298;1385469326035131654
1385469326101;1019.3298;1385469326099676332
1385469326135;1019.3298;1385469326132513246
1385469326173;1019.31976;1385469326170538148
1385469326234;1019.31976;1385469326232519349
1385469326269;1019.31976;1385469326267278871
1385469326304;1019.31976;1385469326301305970
1385469326339;1019.31976;1385469326336981019
1385469326406;1019.31976;1385469326402166566
1385469326445;1019.3298;1385469326437994203
1385469326506;1019.3298;1385469326502783021
1385469326547;1019.3298;1385469326538702211
1385469326609;1019.3298;1385469326603521547
1385469326657;1019.3298;1385469326639349183
1385469326707;1019.3298;1385469326704107484
1385469326742;1019.3298;1385469326739843568
1385469326809;1019.3298;1385469326804632386
1385469326839;1019.3298;1385469326837316713
1385469326873;1019.3298;1385469326871313295
1385469326911;1019.3298;1385469326905584535
1385469326949;1019.3298;1385469326941503724
1385469327011;1019.3298;1385469327006323060
1385469327051;1019.3298;1385469327042150697
1385469327113;1019.3298;1385469327107153138
1385469327147;1019.31976;1385469327142889222
1385469327216;1019.31976;1385469327207891664
1385469327246;1019.31976;1385469327243719300
1385469327310;1019.31976;1385469327308349566
1385469327343;1019.31976;1385469327341064410
1385469327377;1019.31976;1385469327375030475
1385469327412;1019.30975;1385469327409332232
1385469327447;1019.30975;1385469327445220904
1385469327518;1019.30975;1385469327510192828
1385469327555;1019.30975;1385469327545867877
1385469327614;1019.30975;1385469327610839801
1385469327654;1019.30975;1385469327646667438
1385469327727;1019.30975;1385469327711425738
1385469327762;1019.31976;1385469327747222857
1385469327813;1019.31976;1385469327811828570
1385469327846;1019.31976;1385469327844512897
1385469327881;1019.31976;1385469327878509479
1385469327915;1019.31976;1385469327912780719
1385469327953;1019.31976;1385469327948638873
1385469328027;1019.31976;1385469328013549762
1385469328051;1019.30975;1385469328049255328
1385469328121;1019.30975;1385469328114392391
1385469328153;1019.30975;1385469328150311580
1385469328221;1019.30975;1385469328215069881
1385469328257;1019.30975;1385469328250897518
1385469328318;1019.30975;1385469328315472713
1385469328353;1019.30975;1385469328348157039
1385469328384;1019.30975;1385469328381878963
1385469328422;1019.30975;1385469328416607967
1385469328461;1019.30975;1385469328452252498
1385469328523;1019.30975;1385469328517315975
1385469328555;1019.30975;1385469328553052059
1385469328623;1019.30975;1385469328617871395
1385469328661;1019.30975;1385469328653821102
1385469328723;1019.30975;1385469328718731990
1385469328763;1019.30975;1385469328754437557
1385469328821;1019.30975;1385469328819226375
1385469328857;1019.30975;1385469328855054012
1385469328925;1019.30975;1385469328920086971
1385469328958;1019.31976;1385469328955884090
1385469329025;1019.30975;1385469329020733943
1385469329063;1019.30975;1385469329056622615
1385469329126;1019.30975;1385469329121564022
1385469329165;1019.30975;1385469329157269588
1385469329233;1019.30975;1385469329222302547
1385469329260;1019.30975;1385469329257977596
1385469329324;1019.30975;1385469329322522274
1385469329357;1019.30975;1385469329355237117
1385469329393;1019.30975;1385469329389203182
1385469329428;1019.30975;1385469329423596492
1385469329476;1019.30975;1385469329459332576
1385469329526;1019.31976;1385469329523968807
1385469329559;1019.31976;1385469329556653133
1385469329592;1019.3298;1385469329590344539
1385469329632;1019.3298;1385469329624707332
1385469329659;1019.3397;1385469329657422176
1385469329692;1019.34973;1385469329691260874
1385469329727;1019.34973;1385469329725715220
1385469329763;1019.35974;1385469329761451304
1385469329828;1019.35974;1385469329826453745
1385469329864;1019.36975;1385469329862281382
1385469329929;1019.36975;1385469329926978648
1385469329962;1019.37976;1385469329959693491
1385469329996;1019.37976;1385469329993598521
1385469330030;1019.3897;1385469330027656138
1385469330062;1019.3897;1385469330060340464
1385469330097;1019.3897;1385469330094031870
1385469330130;1019.3897;1385469330128577769
1385469330166;1019.3897;1385469330164344370
1385469330235;1019.3897;1385469330229499400
1385469330267;1019.37976;1385469330265204966
1385469330332;1019.37976;1385469330329871714
1385469330365;1019.36975;1385469330362708628
1385469330399;1019.35974;1385469330396216929
1385469330433;1019.35974;1385469330430701792
1385469330469;1019.34973;1385469330466620982
1385469330534;1019.3397;1385469330531727824
1385469330593;1019.3397;1385469330567433391
1385469330635;1019.3298;1385469330632252727
1385469330670;1019.3298;1385469330668110881
1385469330739;1019.31976;1385469330733113322
1385469330771;1019.31976;1385469330768971477
1385469330839;1019.30975;1385469330833485637
1385469330868;1019.30975;1385469330866169963
1385469330904;1019.30975;1385469330899898283
1385469330940;1019.2998;1385469330934566252
1385469330972;1019.2998;1385469330970302336
1385469331041;1019.2998;1385469331035304777
1385469331080;1019.2998;1385469331071101896
1385469331150;1019.2998;1385469331135890715
1385469331182;1019.2998;1385469331171657316
1385469331238;1019.2898;1385469331236507170
1385469331274;1019.2998;1385469331272426359
1385469331339;1019.2998;1385469331337032072
1385469331371;1019.2898;1385469331369777433
1385469331410;1019.2998;1385469331403835050
1385469331444;1019.2898;1385469331438106291
1385469331480;1019.2898;1385469331473842375
1385469331543;1019.2898;1385469331538844816
1385469331583;1019.2998;1385469331574580900
1385469331646;1019.2998;1385469331639583341
1385469331677;1019.2998;1385469331675197355
1385469331742;1019.2998;1385469331739937718
1385469331774;1019.2998;1385469331772622044
1385469331808;1019.2998;1385469331806588109
1385469331842;1019.30975;1385469331840828831
1385469331879;1019.30975;1385469331876534398
1385469331943;1019.31976;1385469331941323216
1385469331975;1019.31976;1385469331974068578
1385469332009;1019.3298;1385469332007882054
1385469332044;1019.3298;1385469332042336400
1385469332081;1019.3298;1385469332078255589
1385469332145;1019.3298;1385469332142861302
1385469332178;1019.3397;1385469332175667699
1385469332219;1019.3397;1385469332213601048
1385469332277;1019.3397;1385469332275612767
1385469332311;1019.3397;1385469332310158665
1385469332348;1019.34973;1385469332344307835
1385469332382;1019.34973;1385469332380104955
1385469332452;1019.34973;1385469332445290501
1385469332488;1019.34973;1385469332481087621
1385469332553;1019.34973;1385469332545876439
1385469332589;1019.34973;1385469332581795628
1385469332653;1019.3397;1385469332646553929
1385469332684;1019.3298;1385469332682412083
1385469332754;1019.3298;1385469332747445042
1385469332804;1019.3298;1385469332783089574
1385469332894;1019.3298;1385469332847908910
1385469332909;1019.3298;1385469332883767064
1385469332951;1019.3298;1385469332948372777
1385469332982;1019.31976;1385469332981057103
1385469333016;1019.31976;1385469333014779027
1385469333052;1019.31976;1385469333049416478
1385469333087;1019.30975;1385469333085335667
1385469333152;1019.30975;1385469333150093968
1385469333188;1019.30975;1385469333186043675
1385469333257;1019.2998;1385469333250863011
1385469333288;1019.2998;1385469333286599095
1385469333357;1019.30975;1385469333351626297
1385469333389;1019.30975;1385469333387423416
1385469333457;1019.30975;1385469333452395340
1385469333490;1019.30975;1385469333488284012
1385469333558;1019.2998;1385469333553042312
1385469333591;1019.30975;1385469333588839432
1385469333659;1019.30975;1385469333653902908
1385469333691;1019.30975;1385469333689547439
1385469333762;1019.30975;1385469333754305740
1385469333788;1019.30975;1385469333786990066
1385469333827;1019.30975;1385469333820803543
1385469333857;1019.30975;1385469333854861160
1385469333889;1019.31976;1385469333887576004
1385469333923;1019.3298;1385469333921542068
1385469333972;1019.3298;1385469333955904861
1385469333993;1019.3298;1385469333991701980
1385469334060;1019.3298;1385469334056429764
1385469334095;1019.3298;1385469334092440506
1385469334163;1019.3298;1385469334157364200
1385469334204;1019.3298;1385469334193313907
1385469334275;1019.3298;1385469334258133243
1385469334310;1019.3298;1385469334293960880
1385469334360;1019.3298;1385469334358536075
1385469334392;1019.31976;1385469334391220401
1385469334426;1019.3298;1385469334425308536
1385469334462;1019.3298;1385469334459427189
1385469334497;1019.3298;1385469334495254825
1385469334577;1019.3298;1385469334560257267
1385469334597;1019.31976;1385469334595840763
1385469334663;1019.31976;1385469334660843204
1385469334698;1019.30975;1385469334696487735
1385469334763;1019.30975;1385469334761337589
1385469334795;1019.30975;1385469334793991398
1385469334829;1019.30975;1385469334827957462
1385469334863;1019.30975;1385469334862045597
1385469334896;1019.30975;1385469334894760441
1385469335076;1019.31976;1385469334928451847
1385469335081;1019.31976;1385469334962967228
1385469335087;1019.31976;1385469334998672794
1385469335098;1019.31976;1385469335063675235
1385469335106;1019.31976;1385469335099533390
1385469335166;1019.30975;1385469335164383243
1385469335202;1019.30975;1385469335200241398
1385469335267;1019.30975;1385469335265030216
1385469335309;1019.30975;1385469335297775577
1385469335333;1019.31976;1385469335331894230
1385469335369;1019.31976;1385469335365829776
1385469335404;1019.31976;1385469335401504825
1385469335469;1019.31976;1385469335466507267
1385469335504;1019.31976;1385469335502334903
1385469335574;1019.31976;1385469335567306827
1385469335606;1019.3298;1385469335603226017
1385469335672;1019.3298;1385469335668136905
1385469335712;1019.3298;1385469335703842472
1385469335771;1019.3298;1385469335768838848
1385469335807;1019.3298;1385469335804544414
1385469335872;1019.3298;1385469335869455303
1385469335907;1019.3397;1385469335905282940
1385469335972;1019.34973;1385469335970224346
1385469336008;1019.34973;1385469336006143535
1385469336086;1019.3397;1385469336070993389
1385469336115;1019.34973;1385469336106668438
1385469336174;1019.34973;1385469336171609844
1385469336209;1019.34973;1385469336207376446
1385469336283;1019.34973;1385469336272317852
1385469336338;1019.34973;1385469336308023418
1385469336376;1019.34973;1385469336372781719
1385469336407;1019.34973;1385469336405496563
1385469336441;1019.3397;1385469336439126934
1385469336477;1019.3397;1385469336473489727
1385469336508;1019.3397;1385469336506143535
1385469336541;1019.3397;1385469336540030620
1385469336577;1019.3397;1385469336574607036
1385469336611;1019.3397;1385469336610282085
1385469336677;1019.3397;1385469336675284526
1385469336712;1019.3397;1385469336711112163
1385469336778;1019.3298;1385469336775931499
1385469336810;1019.3298;1385469336808737896
1385469336844;1019.31976;1385469336842581890
1385469336879;1019.31976;1385469336876425884
1385469336912;1019.31976;1385469336909110210
1385469336946;1019.31976;1385469336942899741
1385469336983;1019.31976;1385469336977628745
1385469337020;1019.31976;1385469337013334311
1385469337085;1019.30975;1385469337078336753
1385469337116;1019.30975;1385469337114133872
1385469337185;1019.30975;1385469337179075278
1385469337222;1019.30975;1385469337214872397
1385469337284;1019.30975;1385469337279600181
1385469337317;1019.2998;1385469337315488852
1385469337382;1019.30975;1385469337380247153
1385469337417;1019.30975;1385469337415983237
1385469337483;1019.30975;1385469337480985679
1385469337518;1019.30975;1385469337516782798
1385469337584;1019.30975;1385469337581754722
1385469337620;1019.30975;1385469337617673911
1385469337684;1019.31976;1385469337682279624
1385469337717;1019.31976;1385469337715024985
1385469337759;1019.30975;1385469337749155739
1385469337786;1019.30975;1385469337783243874
1385469337821;1019.30975;1385469337818918923
1385469337886;1019.30975;1385469337883890847
1385469337922;1019.30975;1385469337919535378
1385469337988;1019.30975;1385469337984659890
1385469338022;1019.31976;1385469338020273903
1385469338088;1019.31976;1385469338085489968
1385469338123;1019.30975;1385469338121317605
1385469338189;1019.31976;1385469338186045388
1385469338224;1019.31976;1385469338221964577
1385469338292;1019.31976;1385469338286722878
1385469338335;1019.31976;1385469338322519997
1385469338389;1019.30975;1385469338387400368
1385469338425;1019.30975;1385469338423105935
1385469338493;1019.31976;1385469338488321999
1385469338531;1019.31976;1385469338524149636
1385469338593;1019.31976;1385469338588877419
1385469338627;1019.31976;1385469338624827126
1385469338692;1019.3298;1385469338689585427
1385469338727;1019.3298;1385469338725413064
1385469338793;1019.3298;1385469338790476540
1385469338828;1019.3298;1385469338826029519
1385469338894;1019.3298;1385469338890940407
1385469338929;1019.3298;1385469338926768044
1385469338996;1019.3298;1385469338991739968
1385469339030;1019.3298;1385469339027689675
1385469339097;1019.3298;1385469339092509011
1385469339133;1019.3298;1385469339128245095
1385469339199;1019.3397;1385469339193155984
1385469339231;1019.3397;1385469339229044655
1385469339305;1019.3397;1385469339293863991
1385469339340;1019.3397;1385469339329655718
1385469339396;1019.3298;1385469339394383501
1385469339429;1019.3298;1385469339427067827
1385469339465;1019.3298;1385469339461094927
1385469339498;1019.3298;1385469339495396685
1385469339532;1019.3298;1385469339530980181
1385469339600;1019.31976;1385469339596074175
1385469339639;1019.31976;1385469339631993364
1385469339713;1019.31976;1385469339696782183
1385469339758;1019.31976;1385469339732457231
1385469339799;1019.31976;1385469339797215532
1385469339834;1019.31976;1385469339829899858
1385469339865;1019.31976;1385469339864018511
1385469339900;1019.30975;1385469339897831987
1385469339932;1019.30975;1385469339930607866
1385469339966;1019.2998;1385469339964299272
1385469340007;1019.2998;1385469339998570513
1385469340034;1019.2998;1385469340031315874
1385469340067;1019.2998;1385469340064976763
1385469340101;1019.2998;1385469340099370073
1385469340134;1019.2998;1385469340132115435
1385469340168;1019.2998;1385469340166234087
1385469340203;1019.2998;1385469340199956011
1385469340234;1019.2998;1385469340232701372
1385469340268;1019.2998;1385469340266697954
1385469340312;1019.2998;1385469340300664019
1385469340343;1019.2998;1385469340333409380
1385469340369;1019.2998;1385469340367436479
1385469340407;1019.2998;1385469340401372026
1385469340436;1019.2998;1385469340434147905
1385469340470;1019.2998;1385469340467839311
1385469340507;1019.2998;1385469340502385210
1385469340541;1019.2998;1385469340538365435
1385469340608;1019.2998;1385469340603123735
1385469340643;1019.2998;1385469340638890337
1385469340707;1019.2998;1385469340703557085
1385469340739;1019.2998;1385469340736241411
1385469340773;1019.2998;1385469340770207476
1385469340811;1019.2998;1385469340804631304
1385469340846;1019.2998;1385469340840245317
1385469340909;1019.2898;1385469340905186724
1385469340943;1019.2898;1385469340940983843
1385469341012;1019.2898;1385469341006138872
1385469341044;1019.2898;1385469341041813921
1385469341113;1019.2798;1385469341106694292
1385469341147;1019.2798;1385469341142613481
1385469341213;1019.2798;1385469341207524370
1385469341251;1019.2798;1385469341243229936
1385469341311;1019.2698;1385469341308232378
1385469341350;1019.2698;1385469341343754839
1385469341410;1019.2698;1385469341408513140
1385469341443;1019.2698;1385469341441197466
1385469341477;1019.2698;1385469341474949907
1385469341512;1019.2698;1385469341509617876
1385469341547;1019.2698;1385469341545323442
1385469341612;1019.2698;1385469341610173296
1385469341647;1019.2798;1385469341645878862
1385469341713;1019.2798;1385469341710667681
1385469341745;1019.2798;1385469341743382524
1385469341779;1019.2798;1385469341777104448
1385469341814;1019.2798;1385469341811558794
1385469341849;1019.2898;1385469341847294878
1385469341915;1019.2898;1385469341912266802
1385469341955;1019.2898;1385469341947972368
1385469342021;1019.2898;1385469342013188433
1385469342051;1019.2998;1385469342048893999
1385469342121;1019.2998;1385469342113743853
1385469342152;1019.30975;1385469342149602007
1385469342222;1019.2998;1385469342214604448
1385469342253;1019.2998;1385469342250279497
1385469342322;1019.2998;1385469342315342974
1385469342355;1019.2998;1385469342350926470
1385469342421;1019.2998;1385469342415837358
1385469342457;1019.2998;1385469342451695513
1385469342524;1019.2998;1385469342516606401
1385469342560;1019.2998;1385469342552788288
1385469342624;1019.30975;1385469342617790729
1385469342663;1019.2998;1385469342653343708
1385469342724;1019.30975;1385469342718285114
1385469342756;1019.30975;1385469342754021198
1385469342824;1019.30975;1385469342819206745
1385469342856;1019.2998;1385469342855034382
1385469342922;1019.2998;1385469342919487507
1385469342954;1019.2998;1385469342952171833
1385469342988;1019.30975;1385469342986351520
1385469343048;1019.30975;1385469343020622761
1385469343062;1019.30975;1385469343056236774
1385469343123;1019.30975;1385469343120903522
1385469343155;1019.30975;1385469343153557331
1385469343188;1019.2998;1385469343187279255
1385469343224;1019.30975;1385469343221977741
1385469343264;1019.30975;1385469343257683308
1385469343328;1019.30975;1385469343322746784
1385469343360;1019.30975;1385469343358391315
1385469343426;1019.30975;1385469343423027546
1385469343458;1019.30975;1385469343455742390
1385469343499;1019.30975;1385469343494133503
1385469343558;1019.30975;1385469343555931599
1385469343594;1019.30975;1385469343590508015
1385469343629;1019.30975;1385469343624870808
1385469343663;1019.2998;1385469343660576374
1385469343731;1019.2998;1385469343725578815
1385469343768;1019.30975;1385469343761375935
1385469343836;1019.2998;1385469343826164753
1385469343863;1019.30975;1385469343861931354
1385469343931;1019.30975;1385469343926567585
1385469343961;1019.30975;1385469343959312946
1385469344004;1019.30975;1385469343998405964
1385469344062;1019.30975;1385469344059685261
1385469344097;1019.2998;1385469344094048054
1385469344134;1019.2998;1385469344128380329
1385469344166;1019.30975;1385469344164324235
1385469344231;1019.30975;1385469344229235123
1385469344267;1019.30975;1385469344265032243
1385469344333;1019.30975;1385469344329637955
1385469344364;1019.30975;1385469344362413834
1385469344398;1019.30975;1385469344396410416
1385469344435;1019.31976;1385469344430162858
1385469344467;1019.30975;1385469344462938737
1385469344508;1019.30975;1385469344497148942
1385469344534;1019.30975;1385469344531237077
1385469344577;1019.30975;1385469344567156266
1385469344654;1019.30975;1385469344631914567
1385469344689;1019.2998;1385469344667681168
1385469344734;1019.2998;1385469344732378434
1385469344787;1019.2998;1385469344765062760
1385469344800;1019.2898;1385469344798998307
1385469344835;1019.2898;1385469344833025407
1385469344867;1019.2898;1385469344865770768
1385469344901;1019.2898;1385469344899736832
1385469344936;1019.2898;1385469344933867865
1385469344968;1019.2898;1385469344966582708
1385469345002;1019.2798;1385469345000548773
1385469345036;1019.2798;1385469345034728460
1385469345072;1019.2798;1385469345070403509
1385469345146;1019.2798;1385469345135466986
1385469345173;1019.2698;1385469345171294622
1385469345238;1019.2698;1385469345235961370
1385469345270;1019.2698;1385469345268676214
1385469345305;1019.2698;1385469345302642279
1385469345339;1019.2698;1385469345336638861
1385469345371;1019.2698;1385469345369353704
1385469345405;1019.2698;1385469345403319769
1385469345441;1019.2698;1385469345437377386
1385469345472;1019.2698;1385469345470061712
1385469345506;1019.2698;1385469345504180365
1385469345546;1019.2698;1385469345538512640
1385469345584;1019.2698;1385469345574218206
1385469345642;1019.2698;1385469345639220648
1385469345677;1019.2698;1385469345675017767
1385469345742;1019.2698;1385469345739867620
1385469345778;1019.2698;1385469345775725775
1385469345852;1019.2698;1385469345840636663
1385469345877;1019.2698;1385469345876128607
1385469345944;1019.2698;1385469345940978460
1385469345975;1019.2698;1385469345973662787
1385469346010;1019.2698;1385469346007506781
1385469346044;1019.2698;1385469346042022162
1385469346080;1019.2698;1385469346077880316
1385469346160;1019.2698;1385469346142608099
1385469346180;1019.2698;1385469346178374701
1385469346249;1019.2698;1385469346243346624
1385469346281;1019.2698;1385469346279265814
1385469346348;1019.25977;1385469346344268255
1385469346386;1019.2698;1385469346380004339
1385469346453;1019.2698;1385469346444610052
1385469346482;1019.2698;1385469346480376654
1385469346548;1019.2698;1385469346545647947
1385469346583;1019.2698;1385469346581475584
1385469346649;1019.2698;1385469346646325437
1385469346683;1019.2698;1385469346681969968
1385469346758;1019.25977;1385469346746728269
1385469346782;1019.25977;1385469346779534666
1385469346816;1019.2698;1385469346813866941
1385469346853;1019.2698;1385469346847771970
1385469346885;1019.2698;1385469346883385984
1385469346952;1019.2698;1385469346948357908
1385469346986;1019.2798;1385469346981103269
1385469347024;1019.2798;1385469347019769041
1385469347083;1019.2798;1385469347081017820
1385469347117;1019.2798;1385469347115533201
1385469347153;1019.2798;1385469347149621336
1385469347184;1019.2798;1385469347182305662
1385469347218;1019.2898;1385469347216027586
1385469347253;1019.2898;1385469347250695554
1385469347288;1019.2998;1385469347286401121
1385469347376;1019.2998;1385469347351446356
1385469347388;1019.2998;1385469347387090887
1385469347479;1019.2998;1385469347451788153
1385469347488;1019.2998;1385469347484472479
1385469347526;1019.2998;1385469347518133367
1385469347555;1019.2998;1385469347552435125
1385469347587;1019.30975;1385469347585088934
1385469347621;1019.30975;1385469347619085516
1385469347687;1019.30975;1385469347653539862
1385469347690;1019.30975;1385469347689062322
1385469347756;1019.30975;1385469347754095281
1385469347792;1019.30975;1385469347789922918
1385469347862;1019.30975;1385469347854864324
1385469347892;1019.30975;1385469347890600408
1385469347961;1019.30975;1385469347955267156
1385469347991;1019.2998;1385469347987982000
1385469348024;1019.30975;1385469348022192205
1385469348062;1019.2998;1385469348056463445
1385469348110;1019.30975;1385469348092169012
1385469348180;1019.2998;1385469348156927313
1385469348195;1019.2998;1385469348192602362
1385469348260;1019.2998;1385469348257604803
1385469348296;1019.2898;1385469348293493475
1385469348361;1019.2898;1385469348358556951
1385469348396;1019.2898;1385469348394170965
1385469348462;1019.2798;1385469348458837713
1385469348513;1019.2798;1385469348491522039
1385469348529;1019.2798;1385469348525945867
1385469348565;1019.2798;1385469348560003485
1385469348604;1019.2798;1385469348595648016
1385469348667;1019.2798;1385469348660650457
1385469348698;1019.2798;1385469348696325506
1385469348764;1019.2798;1385469348761358465
1385469348799;1019.2798;1385469348797033514
1385469348865;1019.2698;1385469348861944403
1385469348899;1019.2698;1385469348897558416
1385469348967;1019.2698;1385469348962707796
1385469349005;1019.2798;1385469348998657503
1385469349071;1019.2698;1385469349063659944
1385469349102;1019.2798;1385469349099396028
1385469349169;1019.2798;1385469349164398470
1385469349202;1019.2898;1385469349200104036
1385469349270;1019.2898;1385469349264953890
1385469349308;1019.2798;1385469349300781526
1385469349398;1019.2798;1385469349365783968
1385469349407;1019.2898;1385469349401275911
1385469349470;1019.2898;1385469349466308870
1385469349504;1019.2898;1385469349502136507
1385469349572;1019.2898;1385469349567199984
1385469349605;1019.2898;1385469349602997103
1385469349677;1019.2998;1385469349667663851
1385469349705;1019.2998;1385469349703552523
1385469349770;1019.2998;1385469349768537218
1385469349805;1019.2998;1385469349804120714
1385469349871;1019.2998;1385469349868909532
1385469349903;1019.30975;1385469349901624376
1385469349937;1019.30975;1385469349935590440
1385469349971;1019.30975;1385469349969709093
1385469350004;1019.30975;1385469350002423937
1385469350038;1019.30975;1385469350036054308
1385469350072;1019.30975;1385469350070478136
1385469350104;1019.31976;1385469350103315050
1385469350138;1019.31976;1385469350136853868
1385469350173;1019.3298;1385469350171308214
1385469350209;1019.3298;1385469350207135851
1385469350273;1019.3397;1385469350271741564
1385469350312;1019.3397;1385469350304456407
1385469350341;1019.3397;1385469350338452989
1385469350381;1019.3397;1385469350372632677
1385469350407;1019.3397;1385469350405347521
1385469350441;1019.3397;1385469350438855821
1385469350477;1019.3397;1385469350473371202
1385469350537;1019.3397;1385469350509442980
1385469350576;1019.3298;1385469350573896105
1385469350609;1019.3298;1385469350606610948
1385469350643;1019.3298;1385469350640302355
1385469350687;1019.31976;1385469350674848253
1385469350716;1019.30975;1385469350710553819
1385469350777;1019.30975;1385469350775312120
1385469350810;1019.2998;1385469350807996446
1385469350843;1019.2998;1385469350841687853
1385469350879;1019.2898;1385469350876142198
1385469350911;1019.2898;1385469350908887560
1385469350944;1019.2898;1385469350942395860
1385469350980;1019.2898;1385469350976728136
1385469351011;1019.2798;1385469351009412462
1385469351045;1019.2898;1385469351043622667
1385469351081;1019.2898;1385469351077741319
1385469351115;1019.2798;1385469351113568956
1385469351181;1019.2898;1385469351178449327
1385469351224;1019.2898;1385469351214246446
1385469351295;1019.2898;1385469351279157335
1385469351316;1019.2998;1385469351314954454
1385469351382;1019.2998;1385469351379889903
1385469351414;1019.2998;1385469351412635264
1385469351448;1019.2998;1385469351446143565
1385469351486;1019.2998;1385469351480445323
1385469351536;1019.2998;1385469351513221202
1385469351553;1019.2998;1385469351547431407
1385469351583;1019.2998;1385469351581122813
1385469351616;1019.2998;1385469351613807139
1385469351654;1019.2998;1385469351647559581
1385469351687;1019.2998;1385469351682135997
1385469351726;1019.30975;1385469351718024669
1385469351804;1019.30975;1385469351782813487
1385469351836;1019.30975;1385469351818488536
1385469351888;1019.30975;1385469351883307872
1385469351917;1019.30975;1385469351915992198
1385469351951;1019.2998;1385469351949653087
1385469351988;1019.2998;1385469351984015880
1385469352019;1019.2998;1385469352016730723
1385469352054;1019.2998;1385469352050940928
1385469352092;1019.2898;1385469352084998546
1385469352123;1019.2898;1385469352120856700
1385469352191;1019.2898;1385469352185750012
1385469352228;1019.2898;1385469352221608166
1385469352292;1019.2898;1385469352286488537
1385469352328;1019.2898;1385469352322316174
1385469352394;1019.2898;1385469352387043957
1385469352421;1019.2898;1385469352419789318
1385469352455;1019.2898;1385469352453297619
1385469352491;1019.2898;1385469352487629895
1385469352522;1019.2898;1385469352520375256
1385469352557;1019.2898;1385469352554554943
1385469352593;1019.2898;1385469352588643078
1385469352626;1019.2998;1385469352624440197
1385469352692;1019.2998;1385469352689320568
1385469352727;1019.2998;1385469352725178723
1385469352795;1019.2998;1385469352790028576
1385469352836;1019.2998;1385469352825734143
1385469352895;1019.2898;1385469352890461926
1385469352924;1019.2898;1385469352923146252
1385469352984;1019.2998;1385469352956807141
1385469352993;1019.2998;1385469352991108898
1385469353025;1019.2998;1385469353023793225
1385469353060;1019.2998;1385469353057637219
1385469353094;1019.2898;1385469353092091564
1385469353130;1019.2898;1385469353127980236
1385469353195;1019.2798;1385469353192860607
1385469353230;1019.2798;1385469353228657727
1385469353295;1019.2798;1385469353293232922
1385469353327;1019.2798;1385469353325917248
1385469353362;1019.2798;1385469353359669689
1385469353396;1019.2798;1385469353394001965
1385469353428;1019.2798;1385469353426686291
1385469353462;1019.2698;1385469353460347180
1385469353497;1019.2798;1385469353494679455
1385469353543;1019.2798;1385469353527363781
1385469353564;1019.2698;1385469353561482434
1385469353601;1019.2698;1385469353595662121
1385469353634;1019.2698;1385469353631520275
1385469353698;1019.2698;1385469353696248059
1385469353730;1019.2698;1385469353728993420
1385469353764;1019.2698;1385469353762648196
1385469353801;1019.2698;1385469353796919436
1385469353832;1019.2698;1385469353829603762
1385469353866;1019.2698;1385469353863691897
1385469353904;1019.2698;1385469353897596926
1385469353931;1019.25977;1385469353930311770
1385469353966;1019.25977;1385469353964064211
1385469354004;1019.25977;1385469353998396487
1385469354033;1019.25977;1385469354031080813
1385469354067;1019.25977;1385469354065229983
1385469354105;1019.25977;1385469354099470706
1385469354136;1019.25977;1385469354135115237
1385469354207;1019.25977;1385469354200087161
1385469354238;1019.25977;1385469354235792727
1385469354308;1019.25977;1385469354300825686
1385469354344;1019.2498;1385469354336622805
1385469354405;1019.25977;1385469354401228518
1385469354436;1019.25977;1385469354433912844
1385469354469;1019.25977;1385469354467604250
1385469354506;1019.25977;1385469354502089114
1385469354540;1019.2498;1385469354538069338
1385469354607;1019.2498;1385469354602992881
1385469354641;1019.2498;1385469354638820518
1385469354716;1019.2498;1385469354703548301
1385469354746;1019.2498;1385469354736293662
1385469354771;1019.2498;1385469354769893516
1385469354827;1019.2498;1385469354804103721
1385469355253;1019.2498;1385469354836818564
1385469355257;1019.2498;1385469354870662559
1385469355276;1019.2498;1385469354904781211
1385469355283;1019.2498;1385469354937496055
1385469355304;1019.25977;1385469354971248496
1385469355310;1019.25977;1385469355005550254
1385469355312;1019.2698;1385469355038265098
1385469355315;1019.2698;1385469355071925986
1385469355319;1019.2698;1385469355106258262
1385469355322;1019.2798;1385469355138942588
1385469355325;1019.2698;1385469355172603477
1385469355330;1019.2798;1385469355206966270
1385469355332;1019.2798;1385469355239681113
1385469355334;1019.2798;1385469355273311484
1385469355337;1019.2898;1385469355307674277
1385469355341;1019.2898;1385469355340358603
1385469355377;1019.2898;1385469355374080527
1385469355410;1019.2898;1385469355408321250
1385469355443;1019.2898;1385469355441005576
1385469355476;1019.2998;1385469355474758018
1385469355511;1019.2998;1385469355509090293
1385469355543;1019.2998;1385469355541805137
1385469355577;1019.2898;1385469355575435508
1385469355612;1019.2898;1385469355609798301
1385469355645;1019.2898;1385469355642543662
1385469355679;1019.2898;1385469355676753867
1385469355728;1019.2998;1385469355712184775
1385469355783;1019.2998;1385469355776851523
1385469355816;1019.2998;1385469355811214316
1385469355846;1019.2898;1385469355843929160
1385469355886;1019.2798;1385469355878139365
1385469355916;1019.2798;1385469355913448203
1385469355981;1019.2698;1385469355978420127
1385469356018;1019.2698;1385469356012874473
1385469356055;1019.2698;1385469356048732627
1385469356120;1019.2698;1385469356113643516
1385469356152;1019.25977;1385469356149440635
1385469356221;1019.25977;1385469356214467752
1385469356252;1019.2698;1385469356250295389
1385469356317;1019.2698;1385469356314840067
1385469356350;1019.2698;1385469356347493875
1385469356383;1019.25977;1385469356381246317
1385469356418;1019.25977;1385469356415487040
1385469356451;1019.25977;1385469356448171366
1385469356484;1019.2698;1385469356481954325
1385469356523;1019.2698;1385469356516530741
1385469356555;1019.2798;1385469356552388895
1385469356623;1019.2798;1385469356617269266
1385469356661;1019.2898;1385469356653096903
1385469356722;1019.2798;1385469356717702616
1385469356752;1019.2898;1385469356750386942
1385469356786;1019.2898;1385469356784047831
1385469356841;1019.2898;1385469356818380106
1385469356884;1019.2898;1385469356851064432
1385469356888;1019.2798;1385469356884786356
1385469356921;1019.2898;1385469356919118631
1385469356954;1019.2898;1385469356951802957
1385469356987;1019.2898;1385469356985629036
1385469357024;1019.2898;1385469357020235969
1385469357058;1019.2898;1385469357056063606
1385469357124;1019.2898;1385469357120974495
1385469357158;1019.2898;1385469357156771614
1385469357228;1019.2798;1385469357221682503
1385469357264;1019.2798;1385469357257479622
1385469357326;1019.2798;1385469357322359993
1385469357365;1019.2798;1385469357358218147
1385469357425;1019.2698;1385469357422769296
1385469357457;1019.2698;1385469357455453622
1385469357491;1019.2698;1385469357489175546
1385469357529;1019.2698;1385469357523812997
1385469357562;1019.2698;1385469357559610116
1385469357630;1019.2698;1385469357624459970
1385469357662;1019.25977;1385469357660287606
1385469357728;1019.25977;1385469357725045907
1385469357759;1019.25977;1385469357757791268
1385469357793;1019.25977;1385469357791299569
1385469357830;1019.2498;1385469357825540292
1385469357862;1019.2498;1385469357858255136
1385469357894;1019.2498;1385469357892373788
1385469357928;1019.2498;1385469357926248300
1385469357961;1019.25977;1385469357958993661
1385469357995;1019.25977;1385469357992715585
1385469358033;1019.25977;1385469358027322518
1385469358066;1019.25977;1385469358063150155
1385469358135;1019.25977;1385469358128030526
1385469358171;1019.25977;1385469358163858163
1385469358232;1019.25977;1385469358228782636
1385469358266;1019.25977;1385469358264579755
1385469358333;1019.2698;1385469358329490644
1385469358367;1019.2698;1385469358365348798
1385469358470;1019.2698;1385469358429923994
1385469358488;1019.2698;1385469358462608320
1385469358498;1019.2798;1385469358496299726
1385469358538;1019.2798;1385469358530540449
1385469358564;1019.2798;1385469358563224775
1385469358598;1019.2898;1385469358597007734
1385469358634;1019.2898;1385469358631584150
1385469358669;1019.2898;1385469358667442304
1385469358743;1019.2898;1385469358732109052
1385469358767;1019.2898;1385469358764793378
1385469358800;1019.2898;1385469358798423749
1385469358836;1019.2798;1385469358832756025
1385469358868;1019.2898;1385469358865501386
1385469358903;1019.2898;1385469358899711591
1385469358939;1019.2898;1385469358934989911
1385469359002;1019.2898;1385469358999931318
1385469359041;1019.2898;1385469359034446699
1385469359072;1019.2898;1385469359070304853
1385469359142;1019.2798;1385469359135093671
1385469359179;1019.2698;1385469359171012861
1385469359241;1019.2698;1385469359235862714
1385469359279;1019.2698;1385469359271659833
1385469359347;1019.2698;1385469359336296064
1385469359370;1019.2798;1385469359368980390
1385469359405;1019.2798;1385469359402641279
1385469359442;1019.2798;1385469359437004072
1385469359472;1019.2698;1385469359469688398
1385469359505;1019.2798;1385469359503379804
1385469359545;1019.2798;1385469359537956220
1385469359581;1019.2798;1385469359573814374
1385469359645;1019.2698;1385469359638725263
1385469359682;1019.2698;1385469359674522382
1385469359775;1019.2698;1385469359739402753
1385469359795;1019.25977;1385469359775138837
1385469359842;1019.25977;1385469359839982374
1385469359874;1019.2698;1385469359872697218
1385469359908;1019.2698;1385469359906480177
1385469359942;1019.2698;1385469359940659865
1385469359975;1019.2698;1385469359973344191
1385469360008;1019.2698;1385469360007096632
1385469360047;1019.25977;1385469360041398390
1385469360077;1019.25977;1385469360074082716
1385469360109;1019.25977;1385469360107774122
1385469360144;1019.25977;1385469360142289503
1385469360179;1019.25977;1385469360178056105
1385469360245;1019.25977;1385469360242814406
1385469360277;1019.2698;1385469360275498732
1385469360311;1019.2698;1385469360309220656
1385469360347;1019.2698;1385469360343461378
1385469360377;1019.2698;1385469360376145704
1385469360412;1019.2698;1385469360409928663
1385469360446;1019.2698;1385469360444230421
1385469360478;1019.2698;1385469360476914747
1385469360512;1019.25977;1385469360510636671
1385469360550;1019.25977;1385469360545243605
1385469360583;1019.2498;1385469360581071241
1385469360653;1019.25977;1385469360646024895
1385469360684;1019.25977;1385469360681883049
1385469360748;1019.25977;1385469360746458244
1385469360780;1019.25977;1385469360779142570
1385469360814;1019.25977;1385469360812803459
1385469360853;1019.2698;1385469360847166252
1385469360882;1019.2698;1385469360879911613
1385469360916;1019.2698;1385469360914121818
1385469360951;1019.2698;1385469360949369621
1385469361016;1019.2698;1385469361014341545
1385469361059;1019.25977;1385469361048826408
1385469361087;1019.25977;1385469361084684563
1385469361153;1019.25977;1385469361149534416
1385469361187;1019.25977;1385469361185423088
1385469361254;1019.2698;1385469361250272941
1385469361288;1019.2698;1385469361286100578
1385469361374;1019.25977;1385469361350980949
1385469361392;1019.25977;1385469361386686516
1385469361454;1019.25977;1385469361451383781
1385469361486;1019.25977;1385469361484068107
1385469361520;1019.25977;1385469361517759514
1385469361556;1019.25977;1385469361552396965
1385469361590;1019.25977;1385469361588255119
1385469361675;1019.2498;1385469361653104973
1385469361718;1019.2498;1385469361688841057
1385469361755;1019.2498;1385469361753507805
1385469361787;1019.25977;1385469361786192131
1385469361822;1019.2698;1385469361819914055
1385469361856;1019.2698;1385469361854368400
1385469361888;1019.2798;1385469361887113762
1385469361922;1019.2798;1385469361920622063
1385469361957;1019.2798;1385469361954923820
1385469361989;1019.2898;1385469361987608147
1385469362036;1019.2998;1385469362021330070
1385469362059;1019.30975;1385469362055753898
1385469362091;1019.30975;1385469362088499260
1385469362126;1019.31976;1385469362122678947
1385469362164;1019.31976;1385469362156645012
1385469362200;1019.31976;1385469362192649772
1385469362268;1019.3298;1385469362257530143
1385469362295;1019.31976;1385469362293327262
1385469362365;1019.31976;1385469362358238151
1385469362402;1019.31976;1385469362394004753
1385469362466;1019.30975;1385469362458610465
1385469362493;1019.30975;1385469362491294792
1385469362527;1019.30975;1385469362525016715
1385469362566;1019.2998;1385469362559623649
1385469362602;1019.2998;1385469362595451286
1385469362666;1019.2898;1385469362660392692
1385469362703;1019.2898;1385469362696189811
1385469362764;1019.2798;1385469362760765006
1385469362795;1019.2698;1385469362793449333
1385469362829;1019.2698;1385469362827140739
1385469362864;1019.2698;1385469362861747672
1385469362900;1019.25977;1385469362897605827
1385469362965;1019.25977;1385469362962181022
1385469362996;1019.2698;1385469362994939018
1385469363035;1019.2698;1385469363028630424
1385469363068;1019.2798;1385469363063206841
1385469363101;1019.2798;1385469363099064995
1385469363169;1019.2798;1385469363163945366
1385469363206;1019.2798;1385469363199803520
1385469363270;1019.2798;1385469363264683891
1385469363321;1019.2798;1385469363300481010
1385469363370;1019.2798;1385469363365086723
1385469363399;1019.2798;1385469363397771049
1385469363433;1019.2898;1385469363431462456
1385469363467;1019.2898;1385469363465703178
1385469363500;1019.2998;1385469363498387505
1385469363534;1019.2998;1385469363532170464
1385469363572;1019.2998;1385469363566777397
1385469363610;1019.2998;1385469363602605034
1385469363673;1019.2998;1385469363667454887
1385469363705;1019.2998;1385469363703313042
1385469363774;1019.2998;1385469363768193413
1385469363813;1019.2998;1385469363804021049
1385469363874;1019.30975;1385469363868870903
1385469363907;1019.2998;1385469363904698540
1385469363972;1019.30975;1385469363969273735
1385469364004;1019.30975;1385469364001958061
1385469364037;1019.30975;1385469364035710503
1385469364076;1019.30975;1385469364070317436
1385469364109;1019.2998;1385469364106145073
1385469364174;1019.2998;1385469364171025444
1385469364209;1019.2898;1385469364206853081
1385469364275;1019.2898;1385469364271702934
1385469364310;1019.2898;1385469364307561089
1385469364404;1019.2898;1385469364372380424
1385469364414;1019.2898;1385469364408085991
1385469364474;1019.2898;1385469364472813774
1385469364507;1019.2898;1385469364505498100
1385469364542;1019.2898;1385469364539220024
1385469364577;1019.2898;1385469364573704887
1385469364611;1019.2898;1385469364606627293
1385469364642;1019.2898;1385469364640135593
1385469364677;1019.2798;1385469364674437351
1385469364708;1019.2798;1385469364707121677
1385469364742;1019.2898;1385469364740843601
1385469364777;1019.2898;1385469364775084324
1385469364811;1019.2998;1385469364807768650
1385469364843;1019.2998;1385469364841551609
1385469364878;1019.2898;1385469364875883885
1385469364910;1019.2898;1385469364908598728
1385469364959;1019.2898;1385469364942320652
1385469364978;1019.2898;1385469364976530857
1385469365011;1019.2898;1385469365009245701
1385469365044;1019.2998;1385469365042967625
1385469365079;1019.2998;1385469365077238865
1385469365111;1019.2998;1385469365109923191
1385469365145;1019.2998;1385469365143706150
1385469365180;1019.2998;1385469365178038426
1385469365214;1019.2998;1385469365210722752
1385469365318;1019.2998;1385469365244353123
1385469365323;1019.2998;1385469365278685398
1385469365326;1019.30975;1385469365311400242
1385469365347;1019.30975;1385469365345091648
1385469365382;1019.30975;1385469365379423924
1385469365414;1019.30975;1385469365412212513
1385469365447;1019.31976;1385469365445903920
1385469365482;1019.31976;1385469365480144642
1385469365514;1019.30975;1385469365512828968
1385469365548;1019.31976;1385469365546581410
1385469365583;1019.31976;1385469365580913685
1385469365615;1019.31976;1385469365613628529
1385469365650;1019.31976;1385469365647380970
1385469365684;1019.31976;1385469365681804798
1385469365720;1019.31976;1385469365717723988
1385469365784;1019.30975;1385469365782299183
1385469365817;1019.30975;1385469365814983509
1385469365850;1019.30975;1385469365848705433
1385469365886;1019.2998;1385469365883281849
1385469365921;1019.2998;1385469365919109486
1385469365986;1019.2998;1385469365983715199
1385469366035;1019.2898;1385469366016399525
1385469366052;1019.2898;1385469366050090931
1385469366092;1019.2798;1385469366084697865
1385469366125;1019.2798;1385469366120525502
1385469366191;1019.2798;1385469366185405873
1385469366230;1019.2698;1385469366221294545
1385469366287;1019.25977;1385469366285839222
1385469366320;1019.25977;1385469366318523548
1385469366354;1019.25977;1385469366352245472
1385469366389;1019.25977;1385469366386669300
1385469366422;1019.25977;1385469366419445179
1385469366456;1019.2698;1385469366453685902
1385469366491;1019.2698;1385469366488781117
1385469366555;1019.2798;1385469366553630970
1385469366591;1019.2798;1385469366588207386
1385469366626;1019.2798;1385469366624126576
1385469366692;1019.2898;1385469366688823841
1385469366723;1019.2898;1385469366721569203
1385469366757;1019.2898;1385469366755352162
1385469366791;1019.2898;1385469366789531849
1385469366824;1019.2998;1385469366822246693
1385469366858;1019.2998;1385469366856487416
1385469366893;1019.30975;1385469366890361927
1385469366928;1019.30975;1385469366926220082
1385469366993;1019.31976;1385469366990795277
1385469367025;1019.31976;1385469367023656900
1385469367060;1019.31976;1385469367057409341
1385469367094;1019.30975;1385469367091741617
1385469367128;1019.31976;1385469367124548013
1385469367163;1019.31976;1385469367158727701
1385469367197;1019.31976;1385469367192663247
1385469367230;1019.31976;1385469367228490884
1385469367299;1019.30975;1385469367293401773
1385469367331;1019.31976;1385469367329198892
1385469367398;1019.31976;1385469367394140298
1385469367438;1019.30975;1385469367429937417
1385469367496;1019.30975;1385469367494482095
1385469367529;1019.30975;1385469367527166421
1385469367563;1019.30975;1385469367560888345
1385469367599;1019.30975;1385469367595464761
1385469367638;1019.2998;1385469367631353433
1385469367702;1019.2998;1385469367696203286
1385469367734;1019.2998;1385469367732030923
1385469367802;1019.2998;1385469367796941812
1385469367839;1019.2898;1385469367832721213
1385469367979;1019.2898;1385469367897632102
1385469367983;1019.2898;1385469367933276633
1385469368000;1019.2998;1385469367998065452
1385469368032;1019.2998;1385469368030749778
1385469368066;1019.2998;1385469368064441184
1385469368101;1019.2998;1385469368098773460
1385469368133;1019.2998;1385469368131488303
1385469368167;1019.2998;1385469368165698508
1385469368202;1019.2998;1385469368199542502
1385469368234;1019.2998;1385469368232379417
1385469368269;1019.2998;1385469368266589622
1385469368302;1019.2998;1385469368300494651
1385469368356;1019.2998;1385469368336261252
1385469368406;1019.2998;1385469368401172141
1385469368454;1019.2998;1385469368436999778
1385469368546;1019.2998;1385469368501544456
1385469368548;1019.2998;1385469368534228782
1385469368589;1019.2898;1385469368567981223
1385469368604;1019.2798;1385469368602282981
1385469368639;1019.2798;1385469368634967307
1385469368671;1019.2798;1385469368668689231
1385469368705;1019.2798;1385469368702990989
1385469368738;1019.2798;1385469368735675315
1385469368772;1019.2798;1385469368769793967
1385469368806;1019.2798;1385469368804034690
1385469368842;1019.2798;1385469368839801292
1385469368909;1019.2798;1385469368904742698
1385469368954;1019.2798;1385469368940387229
1385469369010;1019.2798;1385469369005115012
1385469369040;1019.2898;1385469369037799338
1385469369074;1019.2898;1385469369071521262
1385469369112;1019.2898;1385469369105884055
1385469369141;1019.2798;1385469369138629417
1385469369174;1019.2898;1385469369172198752
1385469369208;1019.2898;1385469369206561545
1385469369241;1019.2898;1385469369239276389
1385469369298;1019.2798;1385469369273059348
1385469369310;1019.2898;1385469369307361106
1385469369342;1019.2898;1385469369340106467
1385469369377;1019.2898;1385469369374042014
1385469369416;1019.2898;1385469369408368329
1385469369457;1019.2898;1385469369444165448
1385469369513;1019.2898;1385469369508832196
1385469369552;1019.2898;1385469369541516522
1385469369586;1019.2898;1385469369575238446
1385469369611;1019.2898;1385469369609540204
1385469369644;1019.2898;1385469369642224530
1385469369677;1019.2898;1385469369675915937
1385469369713;1019.2898;1385469369710553388
1385469369763;1019.2898;1385469369746258954
1385469369817;1019.2898;1385469369810956220
1385469369856;1019.2898;1385469369843640546
1385469369879;1019.2998;1385469369877362470
1385469369918;1019.2998;1385469369911694745
1385469369946;1019.2998;1385469369944409589
1385469370021;1019.2998;1385469369978070478
1385469370030;1019.2998;1385469370012341718
1385469370046;1019.2998;1385469370045026044
1385469370080;1019.30975;1385469370078778485
1385469370117;1019.30975;1385469370113019208
1385469370147;1019.30975;1385469370145734052
1385469370188;1019.30975;1385469370179517011
1385469370282;1019.30975;1385469370213861828
1385469370295;1019.30975;1385469370246546154
1385469370303;1019.30975;1385469370280268078
1385469370317;1019.30975;1385469370314722424
1385469370350;1019.30975;1385469370347406750
1385469370405;1019.30975;1385469370381037121
1385469370418;1019.2998;1385469370415247326
1385469370450;1019.2998;1385469370447931652
1385469370484;1019.2998;1385469370481714611
1385469370519;1019.2998;1385469370515955334
1385469370557;1019.2998;1385469370548639660
1385469370584;1019.2998;1385469370582392101
1385469370620;1019.2998;1385469370616663342
1385469370651;1019.2998;1385469370649347668
1385469370685;1019.2998;1385469370683161144
1385469370720;1019.2998;1385469370717371349
1385469370753;1019.2998;1385469370750055676
1385469370786;1019.2998;1385469370783899670
1385469370821;1019.2998;1385469370818079357
1385469370852;1019.2998;1385469370850763683
1385469370887;1019.30975;1385469370884607678
