1386165190825
1386165192462
1386165194604
1386165197055
1386165198741
1386165201069
1386165202785
1386165205093
1386165206842
1386165209047
1386165210375
1386165212586
1386165214312
1386165216433
1386165218202
1386165220410
1386165222176
1386165224399
1386165226551
1386165228227
1386165229609
1386165232286
1386165233632
1386165235893
1386165237583
1386165239839
1386165241352
1386165243675
1386165245632
1386165247889
1386165249780
1386165251894
1386165253592
1386165256022
1386165257799
1386165260062
1386165261729
1386165264110
1386165265813
1386165268020
1386165269831
1386165272071
1386165273881
1386165276267
1386165278029
1386165280459
1386165282125
1386165284842
1386165286769
1386165288786
1386165290445
1386165292905
1386165294544
1386165296778
1386165298455
1386165300461
1386165302575
1386165304870
1386165306645
1386165309044
1386165310676
1386165312774
1386165314772
1386165316876
1386165318709
1386165320939
1386165322812
1386165325286
1386165327042
1386165329551
1386165331651
1386165333921
1386165335625
1386165337900
1386165339813
1386165342453
1386165343820
1386165346176
1386165347881
1386165350140
1386165351706
1386165353802
1386165355566
1386165357724
1386165359473
1386165361463
1386165363269
1386165365342
1386165367317
1386165369417
1386165371103
1386165373344
1386165375074
1386165377187
1386165379146
1386165381133
1386165383441
1386165385775
1386165387654
1386165389736
1386165391702
1386165393714
