1385735492995;8.0;1385735492590108102
1385735493016;9.0;1385735492792592233
1385735493185;7.0;1385735492993929386
1385735493407;9.0;1385735493397249699
1385735493599;7.0;1385735493598207951
1385735494003;9.0;1385735494001406193
1385735494206;8.0;1385735494202883244
1385735494405;7.0;1385735494404268742
1385735494809;6.0;1385735494807064193
1385735495010;3.0;1385735495008510726
1385735495211;8.0;1385735495209926742
1385735495816;9.0;1385735495814449447
1385735496017;6.0;1385735496015621322
1385735496218;5.0;1385735496216762679
1385735496419;3.0;1385735496418392318
1385735497024;5.0;1385735497022640365
1385735497226;7.0;1385735497223812240
1385735497427;9.0;1385735497425655502
1385735497830;11.0;1385735497828872326
1385735498031;10.0;1385735498030105236
1385735498236;7.0;1385735498232131603
1385735498434;6.0;1385735498432784679
1385735498636;1.0;1385735498634658459
1385735498837;7.0;1385735498835586193
1385735499038;8.0;1385735499037002209
1385735499240;9.0;1385735499238998058
1385735499441;10.0;1385735499440316499
1385735499844;9.0;1385735499843331636
1385735500046;5.0;1385735500044564546
1385735500247;7.0;1385735500245657644
1385735500449;4.0;1385735500447409353
1385735500851;5.0;1385735500849844655
1385735501053;8.0;1385735501051779470
1385735501254;9.0;1385735501252646169
1385735501459;10.0;1385735501455160818
1385735501657;13.0;1385735501655508718
1385735501869;12.0;1385735501858383583
1385735502061;10.0;1385735502058700966
1385735502263;3.0;1385735502260666298
1385735502865;5.0;1385735502864224891
1385735503075;7.0;1385735503066647986
1385735503269;8.0;1385735503267331580
1385735503672;6.0;1385735503670407752
1385735503881;7.0;1385735503872281531
1385735504079;8.0;1385735504073605994
1385735504678;9.0;1385735504677085442
1385735505081;10.0;1385735505080021694
1385735505283;9.0;1385735505282353237
1385735505484;8.0;1385735505482945278
1385735505887;3.0;1385735505886113002
1385735506089;6.0;1385735506087864711
1385735506290;7.0;1385735506289311244
1385735506491;10.0;1385735506490147426
1385735506894;8.0;1385735506892973529
1385735507095;5.0;1385735507094328510
1385735507703;4.0;1385735507699687923
1385735508304;6.0;1385735508303362489
1385735508506;7.0;1385735508504473329
1385735508707;8.0;1385735508705871580
1385735509312;6.0;1385735509310913084
1385735509516;4.0;1385735509512451170
1385735509918;5.0;1385735509915283201
1385735510117;6.0;1385735510116210935
1385735510319;7.0;1385735510317773540
1385735510520;8.0;1385735510519159038
1385735511127;6.0;1385735511123267198
1385735511326;5.0;1385735511324591661
1385735511527;4.0;1385735511526099230
1385735511931;5.0;1385735511929450060
1385735512131;7.0;1385735512130133653
1385735512336;8.0;1385735512332617784
1385735512534;9.0;1385735512532965685
1385735513139;7.0;1385735513138092637
1385735513545;9.0;1385735513541273110
1385735513743;38.0;1385735513741712563
1385735513945;43.0;1385735513943616860
1385735514146;35.0;1385735514144941323
1385735514347;36.0;1385735514346357339
1385735514549;35.0;1385735514547468179
1385735514751;27.0;1385735514749372476
1385735514952;9.0;1385735514950941079
1385735515153;6.0;1385735515151740894
1385735515556;9.0;1385735515555000171
1385735515758;10.0;1385735515756690845
1385735515959;9.0;1385735515957936509
1385735516362;7.0;1385735516361043198
1385735516564;5.0;1385735516562245591
1385735516766;1.0;1385735516763844712
1385735516966;7.0;1385735516964619859
1385735517369;8.0;1385735517367421372
1385735517571;10.0;1385735517569777491
1385735517976;9.0;1385735517972792628
1385735518176;6.0;1385735518173750880
1385735518579;5.0;1385735518576595602
1385735518782;4.0;1385735518778560934
1385735519182;7.0;1385735519180935202
1385735519385;8.0;1385735519382168112
1385735519614;9.0;1385735519583553610
1385735519786;11.0;1385735519784725485
1385735520190;10.0;1385735520188314382
1385735520391;4.0;1385735520389333669
1385735520594;22.0;1385735520590810720
1385735520794;16.0;1385735520792452750
1385735521005;11.0;1385735520993807730
1385735521196;20.0;1385735521195040640
1385735521398;24.0;1385735521396243033
1385735521600;35.0;1385735521597964224
1385735521804;40.0;1385735521799044547
1385735522012;38.0;1385735522001315054
1385735522204;33.0;1385735522202517447
1385735522408;28.0;1385735522404385698
1385735522606;36.0;1385735522605649126
1385735522808;38.0;1385735522807004107
1385735523009;36.0;1385735523008237017
1385735523215;43.0;1385735523210123592
1385735523412;42.0;1385735523410593563
1385735523614;40.0;1385735523612382324
1385735523817;5.0;1385735523813767822
1385735524017;1.0;1385735524014970215
1385735524218;7.0;1385735524216416748
1385735524420;8.0;1385735524418303209
1385735524637;10.0;1385735524619536119
1385735524823;9.0;1385735524820988901
1385735525225;6.0;1385735525224004038
1385735525628;5.0;1385735525626970821
1385735526232;6.0;1385735526230822140
1385735526434;8.0;1385735526432390743
1385735526638;9.0;1385735526634295040
1385735526837;10.0;1385735526835039669
1385735527240;11.0;1385735527238476226
1385735527447;8.0;1385735527440380523
1385735527644;4.0;1385735527641064117
1385735528045;7.0;1385735528043817471
1385735528247;8.0;1385735528245294522
1385735528452;9.0;1385735528446741055
1385735528650;10.0;1385735528648035000
1385735528857;9.0;1385735528850580166
1385735529053;19.0;1385735529051050137
1385735529255;30.0;1385735529252618741
1385735529455;29.0;1385735529453882168
1385735529713;30.0;1385735529655506469
1385735529858;31.0;1385735529856495238
1385735530060;29.0;1385735530058430053
1385735530262;31.0;1385735530259510375
1385735530469;32.0;1385735530462495480
1385735530664;29.0;1385735530662568722
1385735530867;13.0;1385735530864265529
1385735531287;21.0;1385735531267891017
1385735531474;32.0;1385735531468238918
1385735531672;29.0;1385735531670186347
1385735531873;28.0;1385735531871053046
1385735532080;13.0;1385735532073506659
1385735532275;12.0;1385735532273915595
1385735532477;21.0;1385735532475301093
1385735532678;10.0;1385735532676625556
1385735532880;5.0;1385735532878438300
1385735533082;4.0;1385735533079640692
1385735533283;7.0;1385735533281753207
1385735533515;8.0;1385735533483749056
1385735533685;9.0;1385735533683883334
1385735533887;10.0;1385735533885482455
1385735534088;11.0;1385735534086941611
1385735534296;10.0;1385735534289029014
1385735534491;7.0;1385735534489926231
1385735534693;6.0;1385735534691220176
1385735534906;2.0;1385735534892758262
1385735535096;6.0;1385735535094326865
1385735535305;7.0;1385735535296322715
1385735535500;8.0;1385735535496945274
1385735535701;9.0;1385735535698599491
1385735535902;10.0;1385735535899893436
1385735536103;9.0;1385735536101217899
1385735536308;7.0;1385735536303488407
1385735536707;6.0;1385735536705631124
1385735536926;5.0;1385735536906711446
1385735537312;7.0;1385735537309879171
1385735537513;8.0;1385735537511264669
1385735537714;9.0;1385735537712680684
1385735537916;10.0;1385735537914096700
1385735538117;11.0;1385735538115598430
1385735538345;10.0;1385735538317746868
1385735538520;8.0;1385735538518552532
1385735538722;7.0;1385735538719815960
1385735539131;8.0;1385735539122721392
1385735539326;9.0;1385735539324656206
1385735539528;10.0;1385735539525614458
1385735539729;11.0;1385735539726999956
1385735540131;12.0;1385735540129923540
1385735540339;10.0;1385735540332188436
1385735541340;9.0;1385735541338853562
1385735541542;10.0;1385735541540055954
1385735541742;8.0;1385735541741044724
1385735541950;11.0;1385735541943650925
1385735542146;6.0;1385735542144242966
1385735542549;9.0;1385735542547136032
1385735542952;10.0;1385735542950390436
1385735543354;8.0;1385735543353161432
1385735543757;7.0;1385735543755639501
1385735544368;8.0;1385735544360894628
1385735544564;10.0;1385735544561517187
1385735544966;11.0;1385735544964837499
1385735545571;9.0;1385735545568713237
1385735545771;5.0;1385735545769976665
1385735546174;8.0;1385735546173004610
1385735546577;9.0;1385735546575745089
1385735547391;8.0;1385735547382355196
1385735547987;7.0;1385735547985986798
1385735548223;11.0;1385735548187128155
1385735548390;14.0;1385735548388709495
1385735548593;10.0;1385735548590339133
1385735549195;11.0;1385735549194465110
1385735549397;9.0;1385735549396094748
1385735549599;8.0;1385735549597388694
1385735549800;7.0;1385735549798438498
1385735550207;9.0;1385735550202454681
1385735550409;13.0;1385735550403138275
1385735550607;14.0;1385735550604706879
1385735550807;15.0;1385735550805708136
1385735551217;12.0;1385735551208784307
1385735551413;8.0;1385735551410291876
1385735551814;7.0;1385735551812788214
1385735552016;5.0;1385735552014509405
1385735552217;13.0;1385735552216108526
1385735552420;11.0;1385735552417305327
1385735552622;10.0;1385735552619057036
1385735553028;5.0;1385735553022011137
1385735553225;8.0;1385735553223226053
1385735553448;9.0;1385735553424519998
1385735553834;10.0;1385735553827565652
1385735554236;11.0;1385735554230519754
1385735554433;10.0;1385735554431539041
1385735554836;9.0;1385735554834517704
1385735555441;10.0;1385735555439040409
1385735555642;11.0;1385735555640621974
1385735556045;12.0;1385735556043423488
1385735556649;7.0;1385735556647549464
1385735556862;5.0;1385735556848782374
1385735557280;8.0;1385735557251882991
1385735557461;13.0;1385735557454245051
1385735557656;15.0;1385735557654745540
1385735557857;17.0;1385735557855947932
1385735558274;20.0;1385735558259128264
1385735558463;21.0;1385735558460269621
1385735558683;22.0;1385735558662906340
1385735559066;21.0;1385735559064792326
1385735559477;23.0;1385735559468845061
1385735559671;26.0;1385735559669156569
1385735559872;27.0;1385735559870511549
1385735560073;76.0;1385735560071713942
1385735560275;47.0;1385735560273526686
1385735560476;39.0;1385735560475199485
1385735560678;21.0;1385735560676005149
1385735560880;10.0;1385735560877580080
1385735561080;5.0;1385735561079118166
1385735561283;9.0;1385735561281114016
1385735561492;10.0;1385735561482835207
1385735561685;11.0;1385735561683562069
1385735561887;13.0;1385735561884947567
1385735562088;6.0;1385735562086302548
1385735562297;8.0;1385735562288878231
1385735562497;11.0;1385735562489867001
1385735562692;12.0;1385735562690428524
1385735562898;13.0;1385735562891783505
1385735563101;14.0;1385735563094084530
1385735563304;16.0;1385735563296074543
1385735563701;15.0;1385735563697807941
1385735563900;11.0;1385735563898979816
1385735564303;12.0;1385735564301824588
1385735564505;13.0;1385735564503698367
1385735564908;15.0;1385735564906072635
1385735565513;14.0;1385735565510625858
1385735565915;13.0;1385735565913299374
1385735566116;12.0;1385735566115020566
1385735566318;13.0;1385735566316711240
1385735566721;14.0;1385735566719372483
1385735566923;15.0;1385735566920605393
1385735567124;17.0;1385735567122235032
1385735567325;20.0;1385735567323559495
1385735567525;17.0;1385735567524426194
1385735567736;16.0;1385735567727398606
1385735567930;15.0;1385735567927654954
1385735568336;16.0;1385735568330725701
1385735568535;18.0;1385735568532599480
1385735568734;20.0;1385735568733557732
1385735568937;22.0;1385735568935626910
1385735569137;24.0;1385735569136310504
1385735569342;32.0;1385735569338672564
1385735569542;37.0;1385735569539203570
1385735569743;68.0;1385735569740863726
1385735569945;33.0;1385735569942096636
1385735570151;46.0;1385735570144672320
1385735570346;62.0;1385735570345111773
1385735570548;70.0;1385735570546552373
1385735570756;24.0;1385735570747998906
1385735570951;8.0;1385735570949323369
1385735571153;10.0;1385735571150739385
1385735571353;8.0;1385735571352168504
1385735571757;10.0;1385735571755244676
1385735571958;11.0;1385735571956355516
1385735572562;8.0;1385735572560817185
1385735572965;7.0;1385735572963887967
1385735573575;8.0;1385735573569295682
1385735573842;10.0;1385735573769442979
1385735573973;11.0;1385735573971164170
1385735574176;13.0;1385735574172397080
1385735574778;6.0;1385735574776706162
1385735575382;9.0;1385735575380917732
1385735575590;10.0;1385735575583768074
1385735575785;11.0;1385735575783749763
1385735576188;13.0;1385735576187052016
1385735576389;11.0;1385735576388040785
1385735576597;12.0;1385735576590646987
1385735576793;22.0;1385735576790964369
1385735577196;23.0;1385735577193918471
1385735577401;29.0;1385735577395303969
1385735577598;32.0;1385735577596628432
1385735577800;34.0;1385735577798770905
1385735578001;52.0;1385735577999973297
1385735578202;38.0;1385735578201084137
1385735578410;23.0;1385735578403263092
1385735578607;20.0;1385735578604142406
1385735578807;18.0;1385735578805375316
1385735579008;17.0;1385735579006669262
1385735579215;19.0;1385735579209214428
1385735579418;18.0;1385735579409562328
1385735579612;16.0;1385735579610764721
1385735580015;18.0;1385735580013657787
1385735580233;19.0;1385735580215220586
1385735580620;14.0;1385735580618327275
1385735580821;8.0;1385735580819590703
1385735581029;6.0;1385735581022179111
1385735581224;5.0;1385735581222435458
1385735581426;6.0;1385735581424278720
1385735581632;12.0;1385735581625420078
1385735581833;9.0;1385735581826866611
1385735582031;6.0;1385735582028221591
1385735582232;5.0;1385735582229759677
1385735582433;7.0;1385735582430931552
1385735582633;8.0;1385735582632494095
1385735583039;9.0;1385735583036119584
1385735583441;8.0;1385735583438445658
1385735583642;6.0;1385735583639953226
1385735583843;7.0;1385735583841247171
1385735584653;9.0;1385735584646575541
1385735584855;10.0;1385735584849059671
1385735585051;11.0;1385735585049767874
1385735585259;13.0;1385735585252190970
1385735585454;12.0;1385735585452874564
1385735585660;8.0;1385735585654382132
1385735585858;5.0;1385735585855596752
1385735586059;6.0;1385735586057195873
1385735586461;8.0;1385735586459753246
1385735586663;9.0;1385735586661047192
1385735586864;10.0;1385735586862890453
1385735587065;13.0;1385735587063970776
1385735587278;15.0;1385735587265661449
1385735587676;14.0;1385735587669556246
1385735588091;13.0;1385735588072357760
1385735588677;14.0;1385735588675763799
1385735588879;16.0;1385735588877210332
1385735589080;13.0;1385735589078717900
1385735589282;16.0;1385735589279920293
1385735589483;15.0;1385735589481519414
1385735589691;14.0;1385735589683545781
1385735589916;12.0;1385735589884345689
1385735590087;11.0;1385735590085609117
1385735590293;10.0;1385735590287177720
1385735590495;12.0;1385735590488715806
1385735590692;9.0;1385735590690174626
1385735591096;11.0;1385735591092884587
1385735591296;5.0;1385735591294300603
1385735591498;4.0;1385735591495960759
1385735591698;7.0;1385735591697010564
1385735591904;8.0;1385735591899159001
1385735592102;10.0;1385735592100203275
1385735592303;19.0;1385735592301710843
1385735592504;23.0;1385735592502821683
1385735592933;21.0;1385735592906673695
1385735593113;17.0;1385735593107387807
1385735593522;18.0;1385735593509914662
1385735593914;20.0;1385735593912777211
1385735594117;23.0;1385735594114132191
1385735594727;22.0;1385735594719595457
1385735594925;20.0;1385735594920218016
1385735595324;19.0;1385735595322757084
1385735595543;20.0;1385735595524539310
1385735595727;24.0;1385735595725924808
1385735595928;8.0;1385735595927218754
1385735596533;7.0;1385735596531710941
1385735596740;6.0;1385735596733645756
1385735596940;5.0;1385735596934536933
1385735597540;6.0;1385735597538601874
1385735597742;7.0;1385735597740335591
1385735598145;8.0;1385735598143045552
1385735598749;7.0;1385735598747781880
1385735599354;6.0;1385735599352024041
1385735599958;4.0;1385735599956211053
1385735600160;7.0;1385735600157548259
1385735600561;6.0;1385735600560075114
1385735600770;5.0;1385735600763047526
1385735600966;7.0;1385735600963395427
1385735601369;8.0;1385735601366013835
1385735601770;7.0;1385735601768839829
1385735601983;6.0;1385735601970072739
1385735602206;5.0;1385735602172648423
1385735602581;3.0;1385735602574686997
1385735602784;4.0;1385735602776988023
1385735602978;5.0;1385735602977152818
1385735603789;3.0;1385735603783274644
1385735604389;4.0;1385735604387553208
1385735604793;5.0;1385735604790629380
1385735604997;6.0;1385735604991972503
1385735605195;7.0;1385735605193510589
1385735605598;6.0;1385735605596098479
1385735605799;4.0;1385735605797361907
1385735606005;3.0;1385735605998686370
1385735606806;4.0;1385735606804680875
1385735607209;3.0;1385735607207726530
1385735607436;5.0;1385735607409125115
1385735607612;4.0;1385735607610266472
1385735607814;3.0;1385735607812018181
1385735608417;5.0;1385735608416418816
1385735608821;8.0;1385735608819189812
1385735609226;9.0;1385735609222656645
1385735609828;8.0;1385735609826568999
1385735610034;7.0;1385735610027649321
1385735610432;6.0;1385735610430511870
1385735610634;9.0;1385735610631897368
1385735611036;6.0;1385735611034973540
1385735611239;7.0;1385735611235992827
1385735611440;8.0;1385735611437714019
1385735611650;9.0;1385735611638977446
1385735611870;11.0;1385735611840973296
1385735612043;13.0;1385735612041412749
1385735612245;11.0;1385735612243213469
1385735612448;8.0;1385735612444904142
1385735612647;7.0;1385735612645892912
1385735612850;4.0;1385735612847644621
1385735613331;3.0;1385735613250293547
1385735613857;4.0;1385735613854993255
1385735614461;5.0;1385735614459363372
1385735614663;4.0;1385735614660486578
1385735614867;3.0;1385735614862726568
1385735615669;4.0;1385735615667719244
1385735616076;5.0;1385735616071619390
1385735616274;7.0;1385735616272297125
1385735616884;4.0;1385735616877277594
1385735617281;3.0;1385735617279420829
1385735617885;4.0;1385735617883394218
1385735618086;3.0;1385735618085176444
1385735618288;8.0;1385735618286378837
1385735618489;13.0;1385735618487733817
1385735618709;15.0;1385735618689662622
1385735619300;14.0;1385735619293666528
1385735619500;11.0;1385735619495705420
1385735619708;12.0;1385735619696358497
1385735620001;13.0;1385735619897866065
1385735620307;12.0;1385735620301430518
1385735620503;13.0;1385735620501869971
1385735620722;14.0;1385735620704537208
1385735620911;15.0;1385735620906227881
1385735621310;14.0;1385735621308046900
1385735621511;17.0;1385735621509279810
1385735621718;19.0;1385735621710573755
1385735621915;10.0;1385735621912338345
1385735622115;3.0;1385735622113723843
1385735622720;4.0;1385735622717849820
1385735622922;5.0;1385735622919326870
1385735623323;13.0;1385735623322280972
1385735623727;15.0;1385735623725595167
1385735624135;14.0;1385735624128945997
1385735624735;13.0;1385735624732077490
1385735624944;14.0;1385735624933920751
1385735625136;16.0;1385735625134787450
1385735625353;13.0;1385735625337668310
1385735625543;16.0;1385735625538535009
1385735625741;15.0;1385735625739340673
1385735626144;14.0;1385735626142594276
1385735626345;13.0;1385735626343827187
1385735626749;14.0;1385735626746976995
1385735627151;15.0;1385735627149595404
1385735627352;16.0;1385735627350980902
1385735627755;17.0;1385735627753721380
1385735627958;15.0;1385735627955381536
1385735628964;11.0;1385735628962364016
1385735629168;16.0;1385735629164281011
1385735629367;17.0;1385735629365452886
1385735629770;14.0;1385735629768474492
1385735630374;15.0;1385735630372674131
1385735631186;13.0;1385735631179375791
1385735631588;11.0;1385735631580956602
1385735631990;10.0;1385735631985186587
1385735632187;5.0;1385735632185290346
1385735632389;7.0;1385735632386889467
1385735632593;9.0;1385735632588336001
1385735632796;4.0;1385735632790314160
1385735633193;3.0;1385735633192535839
1385735633799;4.0;1385735633797272167
1385735634001;5.0;1385735633998413525
1385735634201;7.0;1385735634199737988
1385735634403;8.0;1385735634401453352
1385735635007;6.0;1385735635005335188
1385735635218;5.0;1385735635207282752
1385735635411;4.0;1385735635408851356
1385735635821;3.0;1385735635811500282
1385735636017;4.0;1385735636012672157
1385735636417;7.0;1385735636415687293
1385735636821;5.0;1385735636818605501
1385735637223;3.0;1385735637221345980
1385735637832;5.0;1385735637825698400
1385735638029;6.0;1385735638027151397
1385735638234;7.0;1385735638228353789
1385735638431;8.0;1385735638430288604
1385735639036;13.0;1385735639034579807
1385735639640;15.0;1385735639638651006
1385735640044;11.0;1385735640041434737
1385735640244;9.0;1385735640242606612
1385735640647;10.0;1385735640645560713
1385735640855;11.0;1385735640847007247
1385735641251;9.0;1385735641249534102
1385735641460;12.0;1385735641451499434
1385735642061;10.0;1385735642055680546
1385735642259;5.0;1385735642257279667
1385735642461;3.0;1385735642458830201
1385735643064;5.0;1385735643062962887
1385735643612;4.0;1385735643465459225
1385735643669;5.0;1385735643667467388
1385735643870;3.0;1385735643868273052
1385735645078;4.0;1385735645077343264
1385735645481;5.0;1385735645480114260
1385735646092;4.0;1385735646084588680
1385735646287;5.0;1385735646285797740
1385735646489;7.0;1385735646487549449
1385735646690;4.0;1385735646688812877
1385735647295;8.0;1385735647293012531
1385735647899;6.0;1385735647897504718
1385735648101;5.0;1385735648098951251
1385735648301;4.0;1385735648300031574
1385735648912;5.0;1385735648905280676
1385735649107;8.0;1385735649105872717
1385735649309;9.0;1385735649307624426
1385735649712;8.0;1385735649710560901
1385735650317;10.0;1385735650314601724
1385735650522;11.0;1385735650516200845
1385735650729;12.0;1385735650717141031
1385735650920;10.0;1385735650918465493
1385735651128;7.0;1385735651121254800
1385735651324;4.0;1385735651321450113
1385735651532;5.0;1385735651524056314
1385735651932;3.0;1385735651926186441
1385735652130;5.0;1385735652127480386
1385735652332;7.0;1385735652328982009
1385735653137;3.0;1385735653134841896
1385735653946;2.0;1385735653941061525
1385735654143;3.0;1385735654141836672
1385735654344;4.0;1385735654343112841
1385735654549;8.0;1385735654545322314
1385735654747;5.0;1385735654746097460
1385735654950;4.0;1385735654947605029
1385735655152;3.0;1385735655149143115
1385735656157;5.0;1385735656155912184
1385735656360;7.0;1385735656357663893
1385735656565;6.0;1385735656559049391
1385735656762;8.0;1385735656760569555
1385735656963;7.0;1385735656962016088
1385735657165;4.0;1385735657163438852
1385735657367;5.0;1385735657364854868
1385735657569;4.0;1385735657566240366
1385735657973;3.0;1385735657969725663
1385735658173;7.0;1385735658170317704
1385735658373;6.0;1385735658371672684
1385735658780;3.0;1385735658774901444
1385735658977;5.0;1385735658976317460
1385735659187;6.0;1385735659178526932
1385735659380;7.0;1385735659378783280
1385735659794;8.0;1385735659781975445
1385735660187;7.0;1385735660184929547
1385735661193;6.0;1385735661192022342
1385735661396;5.0;1385735661393651981
1385735661596;3.0;1385735661594671268
1385735661798;6.0;1385735661796270389
1385735661999;5.0;1385735661997772153
1385735662200;4.0;1385735662198944028
1385735662407;3.0;1385735662401214536
1385735663015;7.0;1385735663005963496
1385735663408;9.0;1385735663407361201
1385735663610;10.0;1385735663609296016
1385735663812;7.0;1385735663810956172
1385735664021;5.0;1385735664012738398
1385735664216;4.0;1385735664213635615
1385735664416;6.0;1385735664415076123
1385735664623;5.0;1385735664617712841
1385735664819;4.0;1385735664817633496
1385735665233;3.0;1385735665220569932
1385735665430;7.0;1385735665423725450
1385735666038;5.0;1385735666026454070
1385735666639;4.0;1385735666631782903
1385735667040;5.0;1385735667034187688
1385735667237;7.0;1385735667234962834
1385735668265;6.0;1385735668242281041
1385735668444;7.0;1385735668443361364
1385735669055;5.0;1385735669049148031
1385735669459;4.0;1385735669452315756
1385735670065;5.0;1385735670056258627
1385735670276;6.0;1385735670256759115
1385735670460;7.0;1385735670457772399
1385735671275;6.0;1385735671263723992
1385735671469;5.0;1385735671465780876
1385735671870;3.0;1385735671868094109
1385735672077;2.0;1385735672070456169
1385735672291;3.0;1385735672270773552
1385735672484;2.0;1385735672472952507
1385735672675;5.0;1385735672673697136
1385735673280;4.0;1385735673277878156
1385735673487;3.0;1385735673480362287
1385735673884;4.0;1385735673882291447
1385735674086;5.0;1385735674083927239
1385735674287;7.0;1385735674285251702
1385735674488;8.0;1385735674486789788
1385735674690;9.0;1385735674688144768
1385735674890;8.0;1385735674889482187
1385735675114;6.0;1385735675090989755
1385735675299;4.0;1385735675293656992
1385735675495;3.0;1385735675493882822
1385735675898;2.0;1385735675896562265
1385735676100;1.0;1385735676098313974
1385735676300;5.0;1385735676299211191
1385735676532;6.0;1385735676500895951
1385735676704;7.0;1385735676702891801
1385735676910;6.0;1385735676903972123
1385735677112;4.0;1385735677106151078
1385735677510;3.0;1385735677508263315
1385735678136;5.0;1385735678112639976
1385735678520;4.0;1385735678515972775
1385735678718;3.0;1385735678716900510
1385735679127;2.0;1385735679119647405
1385735679342;3.0;1385735679322192571
1385735679524;4.0;1385735679522387884
1385735679725;2.0;1385735679723816596
1385735679927;4.0;1385735679925415717
1385735680129;3.0;1385735680127106391
1385735681137;4.0;1385735681133942329
1385735681337;5.0;1385735681335596726
1385735681941;6.0;1385735681939478562
1385735682143;7.0;1385735682141456696
1385735682344;4.0;1385735682342353913
1385735682747;3.0;1385735682745497519
1385735683150;2.0;1385735683148390586
1385735683351;3.0;1385735683350002513
1385735683552;8.0;1385735683551174388
1385735683754;7.0;1385735683752895579
1385735683957;4.0;1385735683953914866
1385735684163;3.0;1385735684155758128
1385735684762;2.0;1385735684759975657
1385735685173;4.0;1385735685163595910
1385735685365;5.0;1385735685363882775
1385735685567;7.0;1385735685565665002
1385735685971;9.0;1385735685968418517
1385735686172;8.0;1385735686170023849
1385735686373;4.0;1385735686371409347
1385735686776;3.0;1385735686774149826
1385735687006;1.0;1385735686975334106
1385735687184;4.0;1385735687176750121
1385735687379;5.0;1385735687378410277
1385735688186;3.0;1385735688184410033
1385735688387;4.0;1385735688385246215
1385735688594;5.0;1385735688588304195
1385735688996;6.0;1385735688990800533
1385735689394;5.0;1385735689393096190
1385735689596;4.0;1385735689594298583
1385735689797;3.0;1385735689795958739
1385735690205;4.0;1385735690199584228
1385735690603;2.0;1385735690601500731
1385735690804;5.0;1385735690802947265
1385735691207;4.0;1385735691205742683
1385735691610;3.0;1385735691608605232
1385735692259;5.0;1385735692212902900
1385735692416;7.0;1385735692414105293
1385735692617;9.0;1385735692615795966
1385735692823;10.0;1385735692817242500
1385735693225;8.0;1385735693220148191
1385735693423;5.0;1385735693421784325
1385735693624;4.0;1385735693623017235
1385735693826;2.0;1385735693824585839
1385735694235;1.0;1385735694227369520
1385735694431;6.0;1385735694428816053
1385735694636;7.0;1385735694630384657
1385735695034;5.0;1385735695032880995
1385735695238;4.0;1385735695234510633
1385735695638;3.0;1385735695637098524
1385735696060;2.0;1385735696040626429
1385735696271;5.0;1385735696242561244
1385735696646;4.0;1385735696645039286
1385735696847;7.0;1385735696846150126
1385735697452;5.0;1385735697450405016
1385735697655;4.0;1385735697651668444
1385735697856;3.0;1385735697852852701
1385735698060;5.0;1385735698055397867
1385735698262;4.0;1385735698256783365
1385735698660;2.0;1385735698658913492
1385735698862;3.0;1385735698860268473
1385735699466;4.0;1385735699464541446
1385735699667;5.0;1385735699665743839
1385735699888;8.0;1385735699867312442
1385735700074;9.0;1385735700069186222
1385735700272;7.0;1385735700270327579
1385735700474;4.0;1385735700471835147
1385735700876;3.0;1385735700874148380
1385735701278;2.0;1385735701276949893
1385735701484;3.0;1385735701479281436
1385735701681;6.0;1385735701679812442
1385735701883;8.0;1385735701881686222
1385735702091;7.0;1385735702084109317
1385735702487;4.0;1385735702485598575
1385735702690;3.0;1385735702687613003
1385735702891;4.0;1385735702888693325
1385735703096;3.0;1385735703091055386
1385735703303;5.0;1385735703291647427
1385735703494;6.0;1385735703493277066
1385735703696;8.0;1385735703694784634
1385735703897;9.0;1385735703896170132
1385735704304;7.0;1385735704299545476
1385735704501;5.0;1385735704500106999
1385735704905;3.0;1385735704903671452
1385735705106;2.0;1385735705104538151
1385735705311;8.0;1385735705306717106
1385735705509;4.0;1385735705507248112
1385735706718;3.0;1385735706715988347
1385735707524;4.0;1385735707522220402
1385735707926;3.0;1385735707924564152
1385735708128;2.0;1385735708126315861
1385735708530;4.0;1385735708528903752
1385735708732;3.0;1385735708730716496
1385735708933;9.0;1385735708931760334
1385735709135;5.0;1385735709133878254
1385735709336;3.0;1385735709334989094
1385735709744;2.0;1385735709737773029
1385735709940;3.0;1385735709939280597
1385735710344;4.0;1385735710342204181
1385735710545;5.0;1385735710543223469
1385735710947;6.0;1385735710946208088
1385735711190;7.0;1385735711147624103
1385735711350;6.0;1385735711348943292
1385735711552;3.0;1385735711550786554
1385735711955;2.0;1385735711953588068
1385735712560;7.0;1385735712557672285
1385735712762;8.0;1385735712759423994
1385735713165;5.0;1385735713162072920
1385735713365;3.0;1385735713363684603
1385735714173;2.0;1385735714169745394
1385735714374;3.0;1385735714370490023
1385735714587;4.0;1385735714571661898
1385735714976;5.0;1385735714974915056
1385735715581;4.0;1385735715579010515
1385735715791;3.0;1385735715780652883
1385735715984;1.0;1385735715982557180
1385735716186;3.0;1385735716183484914
1385735716588;4.0;1385735716586286428
1385735717031;5.0;1385735716989545705
1385735717192;4.0;1385735717190717580
1385735717595;6.0;1385735717593452159
1385735717797;7.0;1385735717795081797
1385735717998;9.0;1385735717996528331
1385735718199;8.0;1385735718198079297
1385735718401;7.0;1385735718399525831
1385735718603;3.0;1385735718600856627
1385735719006;2.0;1385735719003749693
1385735719811;5.0;1385735719809395846
1385735720214;4.0;1385735720212258395
1385735720415;3.0;1385735720413643893
1385735720835;2.0;1385735720816079195
1385735721423;3.0;1385735721420931601
1385735721825;4.0;1385735721823776189
1385735722026;5.0;1385735722025009099
1385735722635;3.0;1385735722630264226
1385735723034;2.0;1385735723032119695
1385735723235;0.0;1385735723233688298
1385735723437;3.0;1385735723435281644
1385735723638;4.0;1385735723636545072
1385735724444;3.0;1385735724442435475
1385735724645;2.0;1385735724643698903
1385735725451;3.0;1385735725449668141
1385735725680;4.0;1385735725650901051
1385735725854;5.0;1385735725852372063
1385735726459;6.0;1385735726456833733
1385735726660;3.0;1385735726658384703
1385735726861;2.0;1385735726859648131
1385735727067;4.0;1385735727061979674
1385735727270;5.0;1385735727262510679
1385735727466;4.0;1385735727464231871
1385735727667;3.0;1385735727665190123
1385735728070;2.0;1385735728068266295
1385735728472;3.0;1385735728470787116
1385735728879;4.0;1385735728874595709
1385735729081;5.0;1385735729076421270
1385735729682;3.0;1385735729680058965
1385735730084;2.0;1385735730082494268
1385735730488;1.0;1385735730485326299
1385735730694;5.0;1385735730687895917
1385735731312;4.0;1385735731291808271
1385735731495;3.0;1385735731492473988
1385735731898;2.0;1385735731895519642
1385735732501;3.0;1385735732499828724
1385735732704;4.0;1385735732700970081
1385735732905;5.0;1385735732902508167
1385735733105;6.0;1385735733103766093
1385735733307;7.0;1385735733305578837
1385735733514;6.0;1385735733506903300
1385735733711;4.0;1385735733707861552
1385735734112;1.0;1385735734111377278
1385735734315;3.0;1385735734313013390
1385735734516;4.0;1385735734514154747
1385735734717;5.0;1385735734715296105
1385735735523;4.0;1385735735521406593
1385735735723;3.0;1385735735722425880
1385735735925;2.0;1385735735924177589
1385735736334;3.0;1385735736328273571
1385735736530;4.0;1385735736528529918
1385735736733;3.0;1385735736729671276
1385735737134;2.0;1385735737132655895
1385735737537;3.0;1385735737535579479
1385735737739;5.0;1385735737736964977
1385735737940;10.0;1385735737938588602
1385735738368;5.0;1385735738341420633
1385735738544;3.0;1385735738542531473
1385735738745;2.0;1385735738744204206
1385735739148;3.0;1385735739146981773
1385735739360;4.0;1385735739348580894
1385735739551;5.0;1385735739550027428
1385735739955;7.0;1385735739952933028
1385735740160;5.0;1385735740155386641
1385735740363;7.0;1385735740356863692
1385735740559;5.0;1385735740557181075
1385735740761;3.0;1385735740758505538
1385735741163;2.0;1385735741161337569
1385735741367;1.0;1385735741363516524
1385735741569;5.0;1385735741565048511
1385735741767;7.0;1385735741765549000
1385735741969;5.0;1385735741967239673
1385735742170;6.0;1385735742168655689
1385735742381;5.0;1385735742371182576
1385735742579;4.0;1385735742572568074
1385735742775;3.0;1385735742772671834
1385735742975;2.0;1385735742974270955
1385735743181;3.0;1385735743176327840
1385735743580;4.0;1385735743578427449
1385735743984;5.0;1385735743981620472
1385735744184;6.0;1385735744182670277
1385735744402;7.0;1385735744385612172
1385735744792;3.0;1385735744788029531
1385735744991;2.0;1385735744988560536
1385735745192;3.0;1385735745190190175
1385735745595;4.0;1385735745593235829
1385735745795;5.0;1385735745794194081
1385735746003;7.0;1385735745997044423
1385735746206;8.0;1385735746197148183
1385735746400;3.0;1385735746398985456
1385735746602;4.0;1385735746600218366
1385735746803;6.0;1385735746801481794
1385735747006;8.0;1385735747003080915
1385735747610;7.0;1385735747607372306
1385735747826;4.0;1385735747808605216
1385735748213;2.0;1385735748211589835
1385735748818;8.0;1385735748815862749
1385735749221;7.0;1385735749218816850
1385735749422;4.0;1385735749420293901
1385735749623;3.0;1385735749621447663
1385735749824;2.0;1385735749823046785
1385735750429;3.0;1385735750427508454
1385735750833;4.0;1385735750830279451
1385735751035;5.0;1385735751031695466
1385735751436;6.0;1385735751434460643
1385735751643;5.0;1385735751635998729
1385735751840;4.0;1385735751837475780
1385735752041;3.0;1385735752039118142
1385735752247;1.0;1385735752240442605
1385735752444;3.0;1385735752441614480
1385735752645;4.0;1385735752643244119
1385735752846;5.0;1385735752844690652
1385735753451;6.0;1385735753448969216
1385735753671;5.0;1385735753650379187
1385735753859;4.0;1385735753852893835
1385735754256;3.0;1385735754254962927
1385735754684;5.0;1385735754657716240
1385735754864;6.0;1385735754859773125
1385735755064;7.0;1385735755060578789
1385735755264;8.0;1385735755262055839
1385735755667;7.0;1385735755664857353
1385735755874;3.0;1385735755866944755
1385735756271;7.0;1385735756269190860
1385735756507;5.0;1385735756470545840
1385735756681;4.0;1385735756671565127
1385735757077;3.0;1385735757074898284
1385735757685;4.0;1385735757679237883
1385735757902;5.0;1385735757880623381
1385735758090;6.0;1385735758081825774
1385735758284;7.0;1385735758283180754
1385735758889;5.0;1385735758887880766
1385735759091;4.0;1385735759089327300
1385735759292;3.0;1385735759290725320
1385735759495;1.0;1385735759492171853
1385735759695;5.0;1385735759693465798
1385735760097;6.0;1385735760095931618
1385735760301;7.0;1385735760297744363
1385735760502;6.0;1385735760499068825
1385735760702;4.0;1385735760700576394
1385735761306;3.0;1385735761304787901
1385735761735;5.0;1385735761707785101
1385735762314;6.0;1385735762312063666
1385735762716;7.0;1385735762715017767
1385735762925;5.0;1385735762916403265
1385735763119;3.0;1385735763117874445
1385735763525;5.0;1385735763520798029
1385735763726;6.0;1385735763722671808
1385735763932;7.0;1385735763923795575
1385735764127;8.0;1385735764125150556
1385735764531;7.0;1385735764528104657
1385735764731;6.0;1385735764729154462
1385735764934;5.0;1385735764930784100
1385735765134;4.0;1385735765132139081
1385735765738;5.0;1385735765736686950
1385735765940;7.0;1385735765938133483
1385735766342;6.0;1385735766340977678
1385735766544;5.0;1385735766542302141
1385735766745;3.0;1385735766743870744
1385735766946;7.0;1385735766944859514
1385735767752;5.0;1385735767750798234
1385735768759;6.0;1385735768757750187
1385735768966;7.0;1385735768959593449
1385735769365;8.0;1385735769362364445
1385735769968;6.0;1385735769966551457
1385735770170;5.0;1385735770167997990
1385735770370;2.0;1385735770369169865
1385735770574;5.0;1385735770571104679
1385735770975;6.0;1385735770973509464
1385735771177;7.0;1385735771175340671
1385735771580;8.0;1385735771578142184
1385735771781;7.0;1385735771779710788
1385735771982;13.0;1385735771981004733
1385735772183;16.0;1385735772182207126
1385735772394;18.0;1385735772384538669
1385735772588;19.0;1385735772585466403
1385735772788;21.0;1385735772786723802
1385735772990;23.0;1385735772988353440
1385735773190;24.0;1385735773189433763
1385735773400;26.0;1385735773391978929
1385735773593;20.0;1385735773592052171
1385735773819;12.0;1385735773793590257
1385735773996;4.0;1385735773995189378
1385735774602;8.0;1385735774599528977
1385735775005;10.0;1385735775002544114
1385735775207;15.0;1385735775203868577
1385735775407;17.0;1385735775405223558
1385735775814;16.0;1385735775807780931
1385735776213;19.0;1385735776211150417
1385735776414;20.0;1385735776412688503
1385735776615;21.0;1385735776614012966
1385735777421;20.0;1385735777419341335
1385735777623;16.0;1385735777621239516
1385735777824;20.0;1385735777822533462
1385735778227;22.0;1385735778225396011
1385735778429;23.0;1385735778426934097
1385735778831;21.0;1385735778829644057
1385735779032;19.0;1385735779030724380
1385735779243;16.0;1385735779233239028
1385735779839;18.0;1385735779836785171
1385735780041;20.0;1385735780038231704
1385735780444;22.0;1385735780441094253
1385735780645;23.0;1385735780642601821
1385735780845;24.0;1385735780844219540
1385735781047;23.0;1385735781045544003
1385735781249;19.0;1385735781247082089
1385735781454;20.0;1385735781448467587
1385735781657;24.0;1385735781650890683
1385735781853;53.0;1385735781851269101
1385735782054;27.0;1385735782052532529
1385735782257;23.0;1385735782254253720
1385735782466;16.0;1385735782455663950
1385735782658;10.0;1385735782656835825
1385735782860;8.0;1385735782858373911
1385735783263;7.0;1385735783261340695
1385735783665;11.0;1385735783664020138
1385735783868;16.0;1385735783865771847
1385735784473;17.0;1385735784470264034
1385735784674;21.0;1385735784671435909
1385735784874;17.0;1385735784872662699
1385735785076;15.0;1385735785074414408
1385735785480;14.0;1385735785477032817
1385735785680;18.0;1385735785678387797
1385735785887;17.0;1385735785880871928
1385735786286;16.0;1385735786282666362
1385735786889;17.0;1385735786887036479
1385735787092;18.0;1385735787088360942
1385735787494;19.0;1385735787491254008
1385735788099;17.0;1385735788096008674
1385735788500;11.0;1385735788498779670
1385735788705;16.0;1385735788700165168
1385735789104;17.0;1385735789102661506
1385735789329;21.0;1385735789304443733
1385735789507;23.0;1385735789505432502
1385735789709;24.0;1385735789707392078
1385735789910;26.0;1385735789908655505
1385735790113;41.0;1385735790110132556
1385735790320;88.0;1385735790311426501
1385735790521;91.0;1385735790514429431
1385735790917;87.0;1385735790915857654
1385735791118;84.0;1385735791116754871
1385735791327;79.0;1385735791319055896
1385735791523;43.0;1385735791519922595
1385735791723;12.0;1385735791721399646
1385735791925;11.0;1385735791922846179
1385735792126;4.0;1385735792124201160
1385735792331;5.0;1385735792325769763
1385735792547;6.0;1385735792527124744
1385735792730;9.0;1385735792728540759
1385735792932;17.0;1385735792929975445
1385735793134;18.0;1385735793131727154
1385735793334;19.0;1385735793332960064
1385735793536;21.0;1385735793534650738
1385735793737;22.0;1385735793736005719
1385735793944;20.0;1385735793937177594
1385735794946;21.0;1385735794944495725
1385735795147;22.0;1385735795145972776
1385735795752;17.0;1385735795750203301
1385735795953;21.0;1385735795951497247
1385735796155;20.0;1385735796153035333
1385735796355;22.0;1385735796354054620
1385735796962;21.0;1385735796958937446
1385735797162;19.0;1385735797160475532
1385735797362;16.0;1385735797361616889
1385735797569;19.0;1385735797564174574
1385735797771;20.0;1385735797764705580
1385735797968;25.0;1385735797965907973
1385735798186;53.0;1385735798168605726
1385735798371;60.0;1385735798368862074
1385735798573;78.0;1385735798570461195
1385735798773;81.0;1385735798771724623
1385735798974;78.0;1385735798973201674
1385735799176;71.0;1385735799174978015
1385735799377;18.0;1385735799376119372
1385735799782;20.0;1385735799779256579
1385735799983;17.0;1385735799980410671
1385735800184;9.0;1385735800181948757
1385735800989;8.0;1385735800987612820
1385735801200;7.0;1385735801189974880
1385735801996;8.0;1385735801994565074
1385735802197;9.0;1385735802195889537
1385735802601;10.0;1385735802598904674
1385735803004;7.0;1385735803001370494
1385735803211;5.0;1385735803204098765
1385735803608;6.0;1385735803605893199
1385735803809;8.0;1385735803807400767
1385735804010;9.0;1385735804008694713
1385735804212;10.0;1385735804210354869
1385735805024;9.0;1385735805017380066
1385735805219;10.0;1385735805217697448
1385735805623;11.0;1385735805620590515
1385735806025;13.0;1385735806023147888
1385735806231;17.0;1385735806225876159
1385735806629;14.0;1385735806627634544
1385735806832;19.0;1385735806829325217
1385735807235;20.0;1385735807232126731
1385735807435;22.0;1385735807433329124
1385735808039;20.0;1385735808037607688
1385735808446;17.0;1385735808441233176
1385735808644;12.0;1385735808641672629
1385735808845;5.0;1385735808843332786
1385735809046;8.0;1385735809044382590
1385735809248;9.0;1385735809246347922
1385735809450;10.0;1385735809447397727
1385735809651;11.0;1385735809649229724
1385735810053;12.0;1385735810051787097
1385735810262;8.0;1385735810254576404
1385735810456;7.0;1385735810454954822
1385735810860;9.0;1385735810858000476
1385735811062;10.0;1385735811059080798
1385735811264;11.0;1385735811260978990
1385735811463;12.0;1385735811462211900
1385735811669;13.0;1385735811663658433
1385735812070;11.0;1385735812066472689
1385735812470;10.0;1385735812469396273
1385735813075;11.0;1385735813073308627
1385735813284;13.0;1385735813275151888
1385735813683;14.0;1385735813678893383
1385735813880;11.0;1385735813879271801
1385735814283;9.0;1385735814282347973
1385735814485;8.0;1385735814483471496
1385735814895;13.0;1385735814887310607
1385735815093;11.0;1385735815087750060
1385735815492;10.0;1385735815490490539
1385735815905;11.0;1385735815893597228
1385735816102;13.0;1385735816095068396
1385735816298;14.0;1385735816296728552
1385735816504;15.0;1385735816497991980
1385735816701;16.0;1385735816699652136
1385735816903;17.0;1385735816900928118
1385735817105;19.0;1385735817102099993
1385735817306;18.0;1385735817303943255
1385735817709;47.0;1385735817706775286
1385735817910;26.0;1385735817907977679
1385735818110;20.0;1385735818109241106
1385735818312;17.0;1385735818310809710
1385735818514;13.0;1385735818512433602
1385735818716;10.0;1385735818714063241
1385735818928;8.0;1385735818915296151
1385735819118;5.0;1385735819116773202
1385735819520;4.0;1385735819519373581
1385735819722;5.0;1385735819720820114
1385735819923;11.0;1385735819921961472
1385735820130;17.0;1385735820124384568
1385735820327;19.0;1385735820325525925
1385735820729;20.0;1385735820727930710
1385735821137;17.0;1385735821131062099
1385735821335;16.0;1385735821332356044
1385735821535;15.0;1385735821533924648
1385735821939;16.0;1385735821937166020
1385735822342;17.0;1385735822339723393
1385735822542;19.0;1385735822540986821
1385735823148;18.0;1385735823145204350
1385735823374;17.0;1385735823346889225
1385735823550;16.0;1385735823547969547
1385735824157;18.0;1385735824153176064
1385735824355;19.0;1385735824353493447
1385735824757;13.0;1385735824756478066
1385735824984;16.0;1385735824958138222
1385735825368;17.0;1385735825361916298
1385735825564;18.0;1385735825562508339
1385735825766;17.0;1385735825764162760
1385735826170;16.0;1385735826167116862
1385735826578;14.0;1385735826570785630
1385735827176;15.0;1385735827174057114
1385735827376;17.0;1385735827375228989
1385735827580;18.0;1385735827576950181
1385735827787;20.0;1385735827779159654
1385735827987;22.0;1385735827979690659
1385735828189;23.0;1385735828182412953
1385735828384;24.0;1385735828382608265
1385735828585;42.0;1385735828583932728
1385735828788;51.0;1385735828785470814
1385735828988;54.0;1385735828986764759
1385735829191;51.0;1385735829188241810
1385735829391;11.0;1385735829390054554
1385735829596;9.0;1385735829591745228
1385735829794;10.0;1385735829792978138
1385735830000;8.0;1385735829994821400
1385735830197;6.0;1385735830195230336
1385735830600;4.0;1385735830598245472
1385735831003;3.0;1385735831001138539
1385735831213;6.0;1385735831202401966
1385735831425;7.0;1385735831404904501
1385735831607;8.0;1385735831605527060
1385735831814;11.0;1385735831807217734
1385735832010;36.0;1385735832008084433
1385735832215;43.0;1385735832210019248
1385735832816;39.0;1385735832814053671
1385735833018;29.0;1385735833015860794
1385735833219;33.0;1385735833217185257
1385735833421;40.0;1385735833418692826
1385735833621;48.0;1385735833619742630
1385735834024;49.0;1385735834022770217
1385735834227;47.0;1385735834224216750
1385735834513;51.0;1385735834425602248
1385735834628;54.0;1385735834626835159
1385735834830;56.0;1385735834828617385
1385735835252;57.0;1385735835231449416
1385735835434;55.0;1385735835432585389
1385735835636;49.0;1385735835634337098
1385735835855;52.0;1385735835836638124
1385735836039;51.0;1385735836037321717
1385735836241;47.0;1385735836238536336
1385735836442;43.0;1385735836440165975
1385735836643;38.0;1385735836641368367
1385735836845;15.0;1385735836843028523
1385735837045;19.0;1385735837044261434
1385735837247;38.0;1385735837245616414
1385735837449;29.0;1385735837447276570
1385735837674;11.0;1385735837648204305
1385735837858;8.0;1385735837851292733
1385735838053;5.0;1385735838051488045
1385735838256;6.0;1385735838253178719
1385735838456;8.0;1385735838454381111
1385735838676;9.0;1385735838655901395
1385735838860;12.0;1385735838856981717
1385735839061;11.0;1385735839058580838
1385735839270;5.0;1385735839261461697
1385735839462;4.0;1385735839461199246
1385735839866;5.0;1385735839864733182
1385735840071;8.0;1385735840066692498
1385735840476;9.0;1385735840468334343
1385735840677;10.0;1385735840670604851
1385735840873;11.0;1385735840871624138
1385735841075;10.0;1385735841073040154
1385735841277;8.0;1385735841274547722
1385735841680;7.0;1385735841677227166
1385735842288;8.0;1385735842281963494
1385735842485;10.0;1385735842482830193
1385735842686;8.0;1385735842684337761
1385735842889;9.0;1385735842885479119
1385735843089;8.0;1385735843087230828
1385735843493;7.0;1385735843490173242
1385735844103;8.0;1385735844094360254
1385735845305;9.0;1385735845303155559
1385735845506;10.0;1385735845504480022
1385735845711;11.0;1385735845706580335
1385735845910;13.0;1385735845907294447
1385735846331;14.0;1385735846310408228
1385735846715;23.0;1385735846713209742
1385735846916;25.0;1385735846914607872
1385735847118;14.0;1385735847116023887
1385735847319;9.0;1385735847317287315
1385735847722;11.0;1385735847720332969
1385735848125;10.0;1385735848123287071
1385735848334;8.0;1385735848324703087
1385735848736;5.0;1385735848728566654
1385735848930;6.0;1385735848928914554
1385735849334;9.0;1385735849331851032
1385735849938;10.0;1385735849936007526
1385735850145;7.0;1385735850137270954
1385735850543;5.0;1385735850540255573
1385735851146;8.0;1385735851144711166
1385735851549;9.0;1385735851547665268
1385735851752;12.0;1385735851749246706
1385735851953;13.0;1385735851950601687
1385735852155;10.0;1385735852151956667
1385735852354;8.0;1385735852353189577
1385735852762;7.0;1385735852755960573
1385735853161;5.0;1385735853158975710
1385735853364;8.0;1385735853360752064
1385735853563;6.0;1385735853562137562
1385735853771;11.0;1385735853763492542
1385735853984;7.0;1385735853964878040
1385735854384;9.0;1385735854367783545
1385735854570;10.0;1385735854569260595
1385735854772;11.0;1385735854770432470
1385735855377;10.0;1385735855374711035
1385735855793;18.0;1385735855778910537
1385735855991;20.0;1385735855979411025
1385735856187;23.0;1385735856181376357
1385735856384;13.0;1385735856382090469
1385735856585;10.0;1385735856583488545
1385735856988;11.0;1385735856986351094
1385735857392;5.0;1385735857388938985
1385735857591;4.0;1385735857590477071
1385735857995;5.0;1385735857993339619
1385735858197;8.0;1385735858194841618
1385735858599;9.0;1385735858597826237
1385735858802;10.0;1385735858799120182
1385735859008;11.0;1385735859001299137
1385735859205;10.0;1385735859201830143
1385735859411;8.0;1385735859404314274
1385735859606;7.0;1385735859604692692
1385735859808;6.0;1385735859806322330
1385735860413;8.0;1385735860410478825
1385735860613;9.0;1385735860612047428
1385735860833;7.0;1385735860813310856
1385735861016;8.0;1385735861014726871
1385735861218;7.0;1385735861215929264
1385735861420;6.0;1385735861417668891
1385735861622;5.0;1385735861619451118
1385735862225;8.0;1385735862223363471
1385735862628;10.0;1385735862626378608
1385735863031;11.0;1385735863029357144
1385735863232;10.0;1385735863230467984
1385735863435;8.0;1385735863432372281
1385735863634;7.0;1385735863633544156
1385735863837;8.0;1385735863835064429
1385735864239;10.0;1385735864237804907
1385735864642;7.0;1385735864640820044
1385735865246;8.0;1385735865244732397
1385735865448;10.0;1385735865446874779
1385735865862;14.0;1385735865849371117
1385735866054;13.0;1385735866051153343
1385735866255;10.0;1385735866252399095
1385735866455;9.0;1385735866453876146
1385735866657;8.0;1385735866655170091
1385735866859;5.0;1385735866856799730
1385735867060;4.0;1385735867058002123
1385735867463;7.0;1385735867460864671
1385735867664;9.0;1385735867662463793
1385735867865;10.0;1385735867863752199
138573586826