1385735495179
1385735503260
1385735505583
1385735512183
1385735514135
1385735521097
1385735523180
1385735530277
1385735532346
1385735538731
1385735541230
1385735548110
1385735550696
1385735557984
1385735560430
1385735568393
1385735570358
1385735577925
1385735580245
1385735588231
1385735590264
1385735597473
1385735601847
1385735609010
1385735611721
1385735619401
1385735621392
1385735629534
1385735631587
1385735639811
1385735641502
1385735649322
1385735651345
1385735659812
1385735661944
1385735670298
1385735672294
1385735679383
1385735681458
1385735688274
1385735690170
1385735697130
1385735699030
1385735705916
1385735707433
1385735714721
1385735716818
1385735723959
1385735725813
1385735733603
1385735735685
1385735742339
1385735744066
1385735751607
1385735753638
1385735761813
1385735763541
1385735770728
1385735773258
1385735780251
1385735781993
1385735788916
1385735791059
1385735797972
1385735799545
1385735806465
1385735808070
1385735816353
1385735818055
1385735827312
1385735828787
1385735835589
1385735837255
1385735845061
1385735846865
1385735854743
1385735856703
1385735864315
1385735866236
1385735873776
1385735875817
1385735883125
1385735884877
1385735893156
1385735894711
1385735902758
1385735904471
1385735912402
1385735913973
1385735921347
1385735923441
1385735930710
1385735932524
1385735939897
1385735941737
1385735948585
1385735950499
1385735957087
1385735959060
1385735965822
1385735967810
1385735974152
