1386081661981
1386081664782
1386081666997
1386081669845
1386081672476
1386081675181
1386081679611
1386081682725
1386081685311
1386081687889
1386081690559
1386081693119
1386081696710
1386081698898
1386081701806
1386081704875
1386081707942
1386081710181
1386081713116
1386081715082
1386081717645
1386081719452
1386081722705
1386081725098
1386081727560
1386081729940
1386081732500
1386081734677
1386081737409
1386081739954
1386081742538
1386081745021
1386081747479
1386081749987
1386081752387
1386081755402
1386081757966
1386081760458
1386081763138
1386081765454
1386081768206
1386081770681
1386081774079
1386081777339
1386081780061
1386081782572
1386081785267
1386081787497
1386081789840
1386081792416
1386081794768
1386081797041
1386081799257
1386081802810
1386081805849
1386081808894
1386081811227
1386081813472
1386081816004
1386081818803
1386081821203
1386081824498
1386081826498
1386081830107
1386081832191
1386081835476
1386081838287
1386081842199
1386081844584
1386081848158
1386081850491
1386081853443
1386081855281
1386081859295
1386081861396
1386081864925
1386081867221
1386081870629
1386081872585
1386081876876
1386081878932
1386081882190
1386081884231
1386081889745
1386081891172
1386081896592
1386081898806
1386081902347
1386081904674
1386081908479
1386081911266
1386081915183
1386081916944
1386081919788
1386081921643
1386081924418
1386081926433
1386081929837
1386081931658
1386081935087
1386081937036
1386081939636
