1385702108564;315.0;19294662127000
1385702108580;285.0;19295098803000
1385702108583;210.0;19295130084000
1385702108596;195.0;19295192553000
1385702108598;180.0;19295223803000
1385702108602;165.0;19295286303000
1385702108619;150.0;19295355609000
1385702108650;135.0;19295520892000
1385702108934;120.0;19296833361000
1385702109378;105.0;19298621081000
1385702109538;120.0;19298880206000
1385702109971;105.0;19299433612000
1385702110527;120.0;19299989825000
1385702110871;135.0;19300334124000
1385702111120;120.0;19300583606000
1385702111929;105.0;19301390948000
1385702112331;90.0;19301794421000
1385702113323;75.0;19302786578000
1385702114558;60.0;19304020892000
1385702114658;45.0;19304120837000
1385702114722;30.0;19304184924000
1385702114847;15.0;19304309924000
1385702116597;0.0;19306060046000
1385702116957;15.0;19306419818000
1385702117339;0.0;19306802050000
1385702117746;15.0;19307208422000
1385702118043;0.0;19307505938000
1385702119097;15.0;19308560046000
1385702119910;0.0;19309373553000
1385702120511;15.0;19309974200000
1385702122348;0.0;19311810992000
1385702122441;15.0;19311903888000
1385702122511;0.0;19311974200000
1385702122573;15.0;19312036669000
1385702123332;0.0;19312795062000
1385702124268;15.0;19313731372000
1385702125551;0.0;19315014117000
1385702126019;15.0;19315482409000
1385702127800;0.0;19317263385000
1385702127862;15.0;19317325579000
1385702130087;0.0;19319550158000
1385702130511;15.0;19319973986000
1385702132300;0.0;19321763568000
1385702132387;15.0;19321850085000
1385702132777;30.0;19322239794000
1385702132902;45.0;19322364672000
1385702132996;30.0;19322459094000
1385702133058;15.0;19322521106000
1385702135105;0.0;19324568377000
1385702135838;15.0;19325300830000
1385702136362;0.0;19325825549000
1385702136427;15.0;19325889666000
1385702136495;0.0;19325958575000
1385702136707;15.0;19326169207000
1385702140308;30.0;19329771441000
1385702140617;15.0;19330080096000
1385702140964;30.0;19330427478000
1385702141073;15.0;19330536639000
1385702141167;30.0;19330630481000
1385702141324;15.0;19330786792000
1385702141561;30.0;19331023822000
1385702142191;45.0;19331653674000
1385702142386;60.0;19331849597000
1385702143107;75.0;19332569812000
1385702143222;90.0;19332685595000
1385702143290;75.0;19332752795000
1385702143480;60.0;19332942736000
1385702143543;75.0;19333005938000
1385702143807;90.0;19333265826000
1385702143864;120.0;19333326464000
1385702143902;165.0;19333365435000
1385702143933;195.0;19333396014000
1385702144019;165.0;19333482379000
1385702144050;135.0;19333513140000
1385702144113;120.0;19333576525000
1385702144144;105.0;19333607531000
1385702144347;90.0;19333810565000
1385702144472;75.0;19333935015000
1385702144535;90.0;19333997943000
1385702144597;75.0;19334059985000
1385702144793;60.0;19334255236000
1385702144903;45.0;19334365588000
1385702144958;30.0;19334420459000
1385702146973;45.0;19336435656000
1385702148191;60.0;19337654071000
1385702148808;75.0;19338271472000
1385702149128;90.0;19338591510000
1385702149199;105.0;19338661883000
1385702149230;120.0;19338693011000
1385702149351;135.0;19338813800000
1385702149558;150.0;19339020922000
1385702149641;165.0;19339104113000
1385702149686;180.0;19339148608000
1385702150145;195.0;19339297076000
1385702150203;210.0;19339355456000
1385702150580;225.0;19339732196000
1385702150742;240.0;19339894732000
1385702150788;225.0;19339940264000
1385702151087;240.0;19340239886000
1385702151150;255.0;19340302356000
1385702151244;240.0;19340396106000
1385702151592;210.0;19340744525000
1385702151778;195.0;19340929950000
1385702151885;165.0;19341036792000
1385702151948;150.0;19341099932000
1385702152097;135.0;19341247363000
1385702152577;120.0;19341728900000
1385702152657;105.0;19341809954000
1385702152689;90.0;19341841632000
1385702152814;75.0;19341966632000
1385702152988;60.0;19342139910000
1385702153056;75.0;19342208789000
1385702153352;60.0;19342505206000
1385702154634;45.0;19343786608000
1385702154954;30.0;19344106951000
1385702155017;45.0;19344169757000
1385702155204;30.0;19344356768000
1385702156626;45.0;19345779010000
1385702158009;60.0;19347161914000
1385702158384;45.0;19347536669000
1385702158447;60.0;19347599200000
1385702158650;45.0;19347802966000
1385702158954;60.0;19348106951000
1385702159609;75.0;19348761615000
1385702159736;60.0;19348888446000
1385702160642;75.0;19349794451000
1385702161243;90.0;19350396014000
1385702161306;75.0;19350458636000
1385702161369;90.0;19350521411000
1385702161573;105.0;19350725909000
1385702161790;120.0;19350942889000
1385702161822;105.0;19350974322000
1385702162072;120.0;19351224139000
1385702162135;135.0;19351287219000
1385702162204;150.0;19351357013000
1385702162681;165.0;19351833544000
1385702162963;180.0;19352116015000
1385702163119;195.0;19352271044000
1385702163837;210.0;19352989794000
1385702164033;225.0;19353185595000
1385702164252;240.0;19353403888000
1385702164348;255.0;19353499804000
1385702164429;270.0;19353581317000
1385702164462;315.0;19353614764000
1385702164543;345.0;19353694934000
1385702164580;390.0;19353732135000
1385702164689;360.0;19353842028000
1385702164720;315.0;19353872668000
1385702164791;300.0;19353943469000
1385702164954;330.0;19354106982000
1385702165079;360.0;19354231768000
1385702165219;345.0;19354371600000
1385702165251;315.0;19354403613000
1385702165353;360.0;19354505419000
1385702165384;405.0;19354536731000
1385702165526;375.0;19354678759000
1385702165563;330.0;19354716174000
1385702165658;300.0;19354810778000
1385702165754;285.0;19354906848000
1385702165884;300.0;19355036639000
1385702165948;315.0;19355100604000
1385702166017;345.0;19355169909000
1385702166110;360.0;19355263049000
1385702166174;390.0;19355326709000
1385702166244;525.0;19355396106000
1385702166275;675.0;19355427386000
1385702166338;705.0;19355490435000
1385702166400;585.0;19355552478000
1385702166431;525.0;19355583422000
1385702166552;420.0;19355703997000
1385702166604;345.0;19355756610000
1385702166658;300.0;19355809893000
1385702166699;285.0;19355851733000
1385702166767;300.0;19355919574000
1385702167063;345.0;19356216204000
1385702167096;375.0;19356248919000
1385702167236;390.0;19356388598000
1385702167267;435.0;19356419543000
1385702167330;420.0;19356481829000
1385702167392;405.0;19356544360000
1385702167455;345.0;19356607898000
1385702167525;330.0;19356677508000
1385702167619;345.0;19356771472000
1385702167650;360.0;19356802203000
1385702167712;405.0;19356864703000
1385702167776;450.0;19356928088000
1385702167893;480.0;19357045062000
1385702168057;510.0;19357209124000
1385702168087;540.0;19357239856000
1385702168150;585.0;19357302203000
1385702168213;660.0;19357365649000
1385702168275;615.0;19357427325000
1385702168338;585.0;19357490252000
1385702168376;495.0;19357528369000
1385702168439;435.0;19357591601000
1385702168517;375.0;19357669665000
1385702168563;345.0;19357714770000
1385702168673;375.0;19357825671000
1385702168704;390.0;19357856890000
1385702168877;375.0;19358029345000
1385702168939;390.0;19358091357000
1385702169001;405.0;19358153735000
1385702169157;420.0;19358310046000
1385702169252;405.0;19358403765000
1385702169314;375.0;19358466418000
1385702169377;360.0;19358529956000
1385702169478;345.0;19358630786000
1385702169526;315.0;19358678668000
1385702169611;330.0;19358763171000
1385702169697;345.0;19358849749000
1385702169798;330.0;19358950671000
1385702169861;375.0;19359013171000
1385702169923;420.0;19359075640000
1385702170000;525.0;19359152148000
1385702170040;645.0;19359192797000
1385702170103;705.0;19359255389000
1385702170135;720.0;19359287646000
1385702170267;690.0;19359419940000
1385702170298;660.0;19359450701000
1385702170361;615.0;19359513293000
1385702170424;570.0;19359576251000
1385702170535;585.0;19359687640000
1385702170644;600.0;19359796649000
1385702170721;660.0;19359873675000
1385702170822;645.0;19359973986000
1385702170853;600.0;19360005847000
1385702170921;630.0;19360073931000
1385702171002;810.0;19360154193000
1385702171033;960.0;19360185199000
1385702171097;945.0;19360249041000
1385702171151;930.0;19360303149000
1385702171203;885.0;19360355487000
1385702171284;825.0;19360435931000
1385702171321;660.0;19360474047000
1385702171353;540.0;19360505419000
1385702171416;510.0;19360568927000
1385702171609;495.0;19360760943000
1385702171659;480.0;19360811724000
1385702171822;495.0;19360974658000
1385702171923;585.0;19361076007000
1385702171955;645.0;19361107074000
1385702172025;585.0;19361177264000
1385702172088;570.0;19361240344000
1385702172119;510.0;19361271136000
1385702172151;435.0;19361303210000
1385702172205;390.0;19361357775000
1385702172244;375.0;19361396594000
1385702172698;390.0;19361850116000
1385702172884;405.0;19362036334000
1385702172923;420.0;19362075763000
1385702172955;435.0;19362107928000
1385702173096;390.0;19362248919000
1385702173151;360.0;19362302874000
1385702173197;345.0;19362349627000
1385702173229;315.0;19362381335000
1385702173463;330.0;19362615344000
1385702173591;345.0;19362743579000
1385702173712;330.0;19362863147000
1385702174111;345.0;19363263079000
1385702174175;360.0;19363326098000
1385702174455;375.0;19363607440000
1385702174535;435.0;19363687823000
1385702174579;555.0;19363731707000
1385702174642;585.0;19363794360000
1385702174737;630.0;19363889239000
1385702174845;540.0;19363997699000
1385702174939;420.0;19364091326000
1385702175001;360.0;19364153857000
1385702175283;345.0;19364434985000
1385702175589;360.0;19364740954000
1385702175634;405.0;19364786547000
1385702175665;465.0;19364817736000
1385702175728;540.0;19364880450000
1385702175811;510.0;19364963244000
1385702175862;450.0;19365014483000
1385702175932;405.0;19365083819000
1385702175980;375.0;19365132342000
1385702176064;360.0;19365216388000
1385702176188;420.0;19365340289000
1385702176283;435.0;19365435107000
1385702176345;510.0;19365497729000
1385702176377;810.0;19365529437000
1385702176440;1110.0;19365592120000
1385702176550;1080.0;19365702380000
1385702176634;1125.0;19365786456000
1385702176728;930.0;19365880389000
1385702176759;630.0;19365911578000
1385702176822;495.0;19365974536000
1385702176884;450.0;19366036761000
1385702176947;405.0;19366099200000
1385702176978;390.0;19366130481000
1385702177259;450.0;19366411669000
1385702177321;480.0;19366474047000
1385702177384;465.0;19366536639000
1385702177478;435.0;19366630389000
1385702177557;465.0;19366708911000
1385702177626;450.0;19366778735000
1385702177657;420.0;19366809802000
1385702177720;375.0;19366872302000
1385702177783;330.0;19366935199000
1385702177815;300.0;19366967395000
1385702177980;315.0;19367132464000
1385702178031;330.0;19367183764000
1385702178111;345.0;19367263263000
1385702178142;360.0;19367294482000
1385702178205;375.0;19367356951000
1385702178267;360.0;19367419543000
1385702178361;375.0;19367513140000
1385702178606;390.0;19367757952000
1385702178673;420.0;19367825763000
1385702178704;435.0;19367856951000
1385702178782;465.0;19367934954000
1385702178815;540.0;19367967334000
1385702178916;615.0;19368068408000
1385702178947;690.0;19368099261000
1385702179040;660.0;19368192858000
1385702179103;645.0;19368256060000
1385702179135;615.0;19368287249000
1385702179197;600.0;19368349322000
1385702179259;585.0;19368411669000
1385702179322;615.0;19368474169000
1385702179431;570.0;19368583422000
1385702179495;540.0;19368647265000
1385702179542;525.0;19368694506000
1385702179758;495.0;19368911059000
1385702179822;585.0;19368974353000
1385702179855;705.0;19369007190000
1385702179939;750.0;19369091357000
1385702180040;810.0;19369192828000
1385702180103;765.0;19369255358000
1385702180135;735.0;19369287677000
1385702180205;705.0;19369357074000
1385702180267;735.0;19369419513000
1385702180298;810.0;19369450701000
1385702180361;855.0;19369513293000
1385702180455;720.0;19369607531000
1385702180500;645.0;19369646319000
1385702180594;600.0;19369745318000
1385702180640;555.0;19369792102000
1385702180736;525.0;19369888476000
1385702180767;480.0;19369919635000
1385702180799;435.0;19369951556000
1385702180861;360.0;19370013720000
1385702180961;345.0;19370109393000
1385702181013;315.0;19370163806000
1385702181048;285.0;19370200793000
1385702181079;255.0;19370231921000
1385702181142;240.0;19370294390000
1385702181220;225.0;19370372943000
1385702181252;210.0;19370403796000
1385702181314;195.0;19370466510000
1385702181345;180.0;19370497699000
1385702181408;165.0;19370560168000
1385702181635;150.0;19370787158000
1385702181712;120.0;19370865039000
1385702182119;105.0;19371271167000
1385702182266;90.0;19371418536000
1385702182302;75.0;19371454455000
1385702182369;60.0;19371521380000
1385702182574;45.0;19371726397000
1385702182892;30.0;19372045031000
1385702183528;45.0;19372680743000
1385702183736;30.0;19372888751000
1385702183799;45.0;19372951098000
1385702183964;30.0;19373116565000
1385702185228;15.0;19374380511000
1385702185321;30.0;19374473986000
1385702185447;15.0;19374599169000
1385702189682;30.0;19378834216000
1385702189712;15.0;19378864825000
1385702189806;30.0;19378958575000
1385702190682;45.0;19379834460000
1385702191368;60.0;19380520922000
1385702191861;75.0;19381013812000
1385702192243;90.0;19381396014000
1385702192343;105.0;19381495837000
1385702192798;120.0;19381950701000
1385702193127;135.0;19382279681000
1385702193228;150.0;19382381030000
1385702193292;165.0;19382444323000
1385702193640;180.0;19382792773000
1385702193900;195.0;19383052783000
1385702193962;180.0;19383114856000
1385702194119;195.0;19383271899000
1385702194260;210.0;19383412219000
1385702194290;225.0;19383443011000
1385702194392;210.0;19383544421000
1385702194462;225.0;19383614794000
1385702194577;210.0;19383729052000
1385702194673;195.0;19383825824000
1385702194767;180.0;19383920031000
1385702194954;165.0;19384107013000
1385702195226;150.0;19384378283000
1385702195408;135.0;19384560382000
1385702195623;120.0;19384775286000
1385702195814;105.0;19384966876000
1385702196244;90.0;19385396685000
1385702196478;75.0;19385630358000
1385702196916;60.0;19386068530000
1385702197260;45.0;19386412493000
1385702198025;30.0;19387177783000
1385702198089;45.0;19387241351000
1385702198157;30.0;19387310015000
1385702198978;15.0;19388130877000
1385702203056;0.0;19392208911000
1385702203119;15.0;19392271106000
1385702203400;0.0;19392552233000
1385702215294;15.0;19405030749000
1385702215583;0.0;19405319201000
1385702216668;15.0;19406404345000
1385702216729;0.0;19406466082000
1385702216830;15.0;19406566699000
1385702217024;0.0;19406740008000
1385702217339;15.0;19407076037000
1385702217454;0.0;19407190692000
1385702217785;15.0;19407521563000
1385702218167;0.0;19407903826000
1385702218707;15.0;19408443652000
1385702218769;0.0;19408505236000
1385702218926;15.0;19408662463000
1385702219636;0.0;19409372668000
1385702219761;15.0;19409497515000
1385702219824;0.0;19409560687000
1385702219886;15.0;19409622668000
1385702224402;0.0;19414138873000
1385702224562;15.0;19414298571000
1385702224661;0.0;19414397296000
1385702225792;15.0;19415529040000
1385702226183;0.0;19415920031000
1385702226386;15.0;19416123034000
1385702226565;0.0;19416300311000
1385702226800;15.0;19416536700000
1385702226994;0.0;19416731128000
1385702227097;15.0;19416833453000
1385702227598;0.0;19417334368000
1385702227664;15.0;19417400927000
1385702231771;30.0;19421507708000
1385702232129;45.0;19421865252000
1385702232253;60.0;19421989856000
1385702232285;75.0;19422021319000
1385702232347;90.0;19422083483000
1385702232409;105.0;19422145953000
1385702232504;135.0;19422240710000
1385702232563;165.0;19422299700000
1385702232643;180.0;19422380084000
1385702232675;195.0;19422411425000
1385702233730;180.0;19423466388000
1385702233949;195.0;19423685351000
1385702234245;180.0;19423981921000
1385702234339;195.0;19424076159000
1385702234629;210.0;19424365680000
1385702234729;195.0;19424465411000
1385702234943;210.0;19424679309000
1385702234981;225.0;19424717181000
1385702235269;240.0;19425005358000
1385702235456;255.0;19425192828000
1385702235558;270.0;19425294940000
1385702235714;255.0;19425450946000
1385702235824;270.0;19425560534000
1385702235948;285.0;19425685015000
1385702236206;300.0;19425942919000
1385702236425;330.0;19426161761000
1385702236458;345.0;19426194445000
1385702236550;375.0;19426286517000
1385702236612;360.0;19426349200000
1385702236693;345.0;19426429766000
1385702236791;360.0;19426527545000
1385702236886;390.0;19426622821000
1385702236917;435.0;19426653735000
1385702236948;465.0;19426685107000
1385702236980;480.0;19426716784000
1385702237050;510.0;19426786700000
1385702237179;495.0;19426915820000
1385702237275;570.0;19427011340000
1385702237339;555.0;19427076159000
1385702237370;540.0;19427106951000
1385702237449;600.0;19427185595000
1385702237513;630.0;19427249011000
1385702237613;645.0;19427349383000
1385702237644;660.0;19427380236000
1385702237769;675.0;19427505389000
1385702237894;660.0;19427630572000
1385702237925;645.0;19427661731000
1385702238027;615.0;19427763171000
1385702238058;600.0;19427794879000
1385702238168;585.0;19427904773000
1385702238269;570.0;19428005969000
1385702238395;555.0;19428131335000
1385702238449;540.0;19428185778000
1385702238488;525.0;19428225024000
1385702238568;510.0;19428304003000
1385702238607;495.0;19428343829000
1385702238658;480.0;19428392565000
1385702238722;435.0;19428458758000
1385702238753;420.0;19428490161000
1385702238817;390.0;19428552142000
1385702238913;375.0;19428649646000
1385702239026;345.0;19428762255000
1385702239074;315.0;19428810900000
1385702239137;330.0;19428873919000
1385702239230;345.0;19428967089000
1385702239301;330.0;19429037524000
1385702239363;345.0;19429099780000
1385702239519;375.0;19429255297000
1385702239582;390.0;19429318255000
1385702239706;405.0;19429442706000
1385702239870;390.0;19429607013000
1385702240136;405.0;19429872912000
1385702240198;420.0;19429934954000
1385702240261;435.0;19429998034000
1385702240293;450.0;19430029589000
1385702240354;435.0;19430091143000
1385702240419;420.0;19430155322000
1385702240551;405.0;19430287555000
1385702240605;390.0;19430341937000
1385702240829;375.0;19430566302000
1385702240862;360.0;19430598895000
1385702240934;375.0;19430670184000
1385702241066;390.0;19430802264000
1385702241128;405.0;19430864825000
1385702241191;435.0;19430927325000
1385702241254;465.0;19430990344000
1385702241347;480.0;19431083636000
1385702241472;495.0;19431208819000
1385702241534;525.0;19431270861000
1385702241565;570.0;19431302142000
1385702241628;600.0;19431364764000
1385702241714;615.0;19431450640000
1385702241745;630.0;19431481829000
1385702241808;645.0;19431544451000
1385702241839;675.0;19431576037000
1385702242036;690.0;19431772326000
1385702242086;705.0;19431822558000
1385702242183;720.0;19431919970000
1385702242246;735.0;19431982501000
1385702242332;720.0;19432068225000
1385702242394;705.0;19432130450000
1385702242683;720.0;19432419421000
1385702243020;735.0;19432756701000
1385702243168;720.0;19432904193000
1385702243199;705.0;19432935900000
1385702243307;690.0;19433042681000
1385702243340;675.0;19433076831000
1385702243402;645.0;19433138324000
1385702243464;630.0;19433200671000
1385702243497;600.0;19433233111000
1385702243567;570.0;19433303363000
1385702243636;540.0;19433372546000
1385702243691;525.0;19433404010000
1385702243746;510.0;19433482440000
1385702243781;465.0;19433517382000
1385702243847;435.0;19433583514000
1385702243916;405.0;19433652667000
1385702243948;390.0;19433685168000
1385702244019;375.0;19433755847000
1385702244050;360.0;19433787005000
1385702244113;345.0;19433849292000
1385702244176;360.0;19433912585000
1385702244310;375.0;19434046679000
1385702244455;390.0;19434191577000
1385702244505;420.0;19434241381000
1385702244542;450.0;19434278735000
1385702244573;480.0;19434310107000
1385702244605;495.0;19434341174000
1385702244668;510.0;19434404498000
1385702244730;525.0;19434467059000
1385702244792;510.0;19434528796000
1385702244823;495.0;19434559954000
1385702244886;465.0;19434622668000
1385702244994;510.0;19434730517000
1385702245059;570.0;19434795398000
1385702245159;600.0;19434895983000
1385702245316;555.0;19435052325000
1385702245347;525.0;19435084124000
1385702245480;570.0;19435216388000
1385702245512;600.0;19435248187000
1385702245559;615.0;19435278826000
1385702245628;645.0;19435364703000
1385702245722;630.0;19435457232000
1385702245800;615.0;19435536578000
1385702245831;600.0;19435568072000
1385702245980;645.0;19435716784000
1385702246050;630.0;19435786608000
1385702246208;615.0;19435944934000
1385702246271;585.0;19436007708000
1385702246340;600.0;19436077105000
1385702246392;630.0;19436128222000
1385702246425;645.0;19436161517000
1385702246488;660.0;19436224231000
1385702246551;675.0;19436287432000
1385702246612;645.0;19436349078000
1385702246644;585.0;19436380389000
1385702246706;525.0;19436443011000
1385702246769;480.0;19436505847000
1385702246916;495.0;19436652606000
1385702246965;570.0;19436701281000
1385702247034;600.0;19436771044000
1385702247066;675.0;19436802417000
1385702247098;705.0;19436834552000
1385702247386;720.0;19437122638000
1385702247542;690.0;19437278704000
1385702247605;660.0;19437341265000
1385702247636;645.0;19437372668000
1385702247699;615.0;19437436053000
1385702247786;600.0;19437522326000
1385702248062;585.0;19437798968000
1385702248104;570.0;19437841235000
1385702248355;540.0;19438091265000
1385702248480;525.0;19438217150000
1385702248543;540.0;19438279223000
1385702248761;570.0;19438497485000
1385702248847;630.0;19438584002000
1385702248878;705.0;19438614764000
1385702248918;810.0;19438654742000
1385702249089;675.0;19438825854000
1385702249152;555.0;19438888629000
1385702249184;510.0;19438920336000
1385702249269;450.0;19439005542000
1385702249300;315.0;19439036517000
1385702250410;285.0;19440146746000
1385702250480;300.0;19440216510000
1385702254439;315.0;19444175616000
1385702254503;375.0;19444239794000
1385702254566;405.0;19444302508000
1385702254597;420.0;19444333667000
1385702254659;435.0;19444396106000
1385702254722;405.0;19444458392000
1385702254785;330.0;19444521136000
1385702255081;360.0;19444817767000
1385702255112;510.0;19444849017000
1385702255176;525.0;19444912616000
1385702255244;555.0;19444980761000
1385702255357;705.0;19445093005000
1385702255394;735.0;19445130419000
1385702255426;765.0;19445162402000
1385702255488;735.0;19445224231000
1385702255550;660.0;19445286639000
1385702255613;705.0;19445349719000
1385702255644;795.0;19445380481000
1385702255706;885.0;19445442981000
1385702255802;870.0;19445538714000
1385702255841;825.0;19445577349000
1385702255948;810.0;19445684741000
1385702255982;750.0;19445718371000
1385702256050;720.0;19445786395000
1385702256112;780.0;19445849139000
1385702256144;975.0;19445880389000
1385702256206;930.0;19445942858000
1385702256269;945.0;19446005297000
1385702256362;930.0;19446099047000
1385702256425;960.0;19446161639000
1385702256488;990.0;19446224231000
1385702256550;1005.0;19446286700000
1385702256613;975.0;19446349597000
1385702256644;900.0;19446380542000
1385702256769;930.0;19446505908000
1385702256832;900.0;19446568743000
1385702256863;825.0;19446599231000
1385702256941;810.0;19446677325000
1385702256972;795.0;19446709094000
1385702257028;780.0;19446764636000
1385702257079;735.0;19446815600000
1385702257125;675.0;19446861773000
1385702257203;630.0;19446939868000
1385702257285;600.0;19447022082000
1385702257315;570.0;19447052172000
1385702257378;585.0;19447114733000
1385702257472;555.0;19447208575000
1385702257597;540.0;19447333453000
1385702257660;555.0;19447396563000
1385702257691;570.0;19447427081000
1385702257859;555.0;19447595721000
1385702257950;525.0;19447662860000
1385702257964;495.0;19447700518000
1385702258011;480.0;19447748034000
1385702258073;495.0;19447810107000
1385702258323;510.0;19448060046000
1385702258355;555.0;19448091388000
1385702258417;570.0;19448154010000
1385702258480;555.0;19448216357000
1385702258543;540.0;19448278857000
1385702258636;570.0;19448372638000
1385702258699;555.0;19448435199000
1385702258762;585.0;19448499011000
1385702258855;540.0;19448591967000
1385702258925;510.0;19448661792000
1385702259081;540.0;19448817584000
1385702259112;600.0;19448848864000
1385702259206;585.0;19448942950000
1385702259362;525.0;19449099047000
1385702259425;510.0;19449161608000
1385702259519;525.0;19449255236000
1385702259644;495.0;19449380328000
1385702259775;480.0;19449509692000
1385702259817;450.0;19449553027000
1385702259865;435.0;19449601367000
1385702260066;420.0;19449802233000
1385702260254;405.0;19449990252000
1385702260285;390.0;19450021655000
1385702260355;375.0;19450091906000
1385702260417;345.0;19450153735000
1385702260574;330.0;19450310626000
1385702260636;315.0;19450372638000
1385702260699;300.0;19450435595000
1385702260730;270.0;19450466326000
1385702260838;240.0;19450574328000
1385702261008;255.0;19450744830000
1385702261042;270.0;19450778704000
1385702261137;300.0;19450873339000
1385702261293;315.0;19451029254000
1385702261450;330.0;19451185565000
1385702261574;345.0;19451310992000
1385702261784;360.0;19451521044000
1385702261848;375.0;19451584460000
1385702262051;360.0;19451787738000
1385702262159;345.0;19451895861000
1385702262568;330.0;19452304034000
1385702262725;315.0;19452460864000
1385702262955;330.0;19452691333000
1385702263099;315.0;19452835406000
1385702263144;300.0;19452880816000
1385702263402;285.0;19453138232000
1385702263495;270.0;19453231829000
1385702263558;240.0;19453295123000
1385702263620;225.0;19453356829000
1385702263652;210.0;19453388659000
1385702263777;225.0;19453513568000
1385702263847;240.0;19453583483000
1385702263878;255.0;19453614794000
1385702263965;270.0;19453701495000
1385702264139;285.0;19453876178000
1385702264176;300.0;19453912341000
1385702264269;315.0;19454005236000
1385702264332;300.0;19454068316000
1385702264544;285.0;19454280535000
1385702264859;270.0;19454576464000
1385702265038;255.0;19454774127000
1385702265269;240.0;19455005419000
1385702265363;210.0;19455099353000
1385702265425;195.0;19455161608000
1385702265504;180.0;19455240405000
1385702265568;165.0;19455304370000
1385702265698;195.0;19455434954000
1385702265762;210.0;19455498553000
1385702265863;225.0;19455599261000
1385702266064;240.0;19455801135000
1385702266198;225.0;19455934954000
1385702266363;210.0;19456099322000
1385702266487;225.0;19456224078000
1385702266550;210.0;19456286792000
1385702266582;195.0;19456318347000
1385702266644;180.0;19456380481000
1385702267017;165.0;19456750537000
1385702267422;150.0;19457158984000
1385702267691;165.0;19457427691000
1385702267847;150.0;19457584033000
1385702268480;165.0;19458216418000
1385702268761;150.0;19458497668000
1385702268855;165.0;19458591204000
1385702269199;150.0;19458934985000
1385702269480;165.0;19459216296000
1385702269645;150.0;19459381060000
1385702270167;135.0;19459903704000
1385702270230;150.0;19459966296000
1385702270355;165.0;19460091296000
1385702270503;180.0;19460239825000
1385702270786;195.0;19460523089000
1385702270956;210.0;19460692828000
1385702271104;195.0;19460841265000
1385702271293;210.0;19461029711000
1385702271386;225.0;19461122576000
1385702271511;210.0;19461247607000
1385702271809;225.0;19461545459000
1385702272007;210.0;19461743670000
1385702272566;225.0;19462302233000
1385702272706;240.0;19462442736000
1385702272831;255.0;19462567828000
1385702272918;240.0;19462654345000
1385702273059;255.0;19462795733000
1385702273129;300.0;19462865710000
1385702273184;390.0;19462920153000
1385702273230;465.0;19462966357000
1385702273261;510.0;19462997638000
1385702273324;570.0;19463060351000
1385702273394;555.0;19463130389000
1385702273496;570.0;19463232074000
1385702273628;645.0;19463364398000
1385702273667;930.0;19463403735000
1385702273761;945.0;19463497668000
1385702273823;885.0;19463560046000
1385702273886;840.0;19463622607000
1385702273949;810.0;19463685229000
1385702274106;900.0;19463842242000
1385702274144;1020.0;19463880236000
1385702274189;1080.0;19463923449000
1385702274294;1050.0;19464030444000
1385702274347;1020.0;19464083331000
1385702274473;960.0;19464209185000
1385702274536;915.0;19464272631000
1385702274573;900.0;19464310076000
1385702274605;885.0;19464341326000
1385702274700;915.0;19464436572000
1385702274769;945.0;19464505999000
1385702274850;1005.0;19464586383000
1385702275011;990.0;19464748156000
1385702275045;900.0;19464781054000
1385702275152;915.0;19464888324000
1385702275214;960.0;19464950732000
1385702275321;1020.0;19465057635000
1385702275538;1005.0;19465274340000
1385702275598;945.0;19465334826000
1385702275740;900.0;19465475909000
1385702275777;870.0;19465513079000
1385702275808;735.0;19465544940000
1385702275870;540.0;19465607013000
1385702275933;525.0;19465670092000
1385702276071;585.0;19465808093000
1385702276105;675.0;19465841235000
1385702276144;810.0;19465880999000
1385702276230;885.0;19465966388000
1385702276324;855.0;19466060687000
1385702276355;840.0;19466091449000
1385702276417;885.0;19466153826000
1385702276480;900.0;19466216388000
1385702276543;855.0;19466279681000
1385702276573;825.0;19466310046000
1385702276636;735.0;19466372515000
1385702276699;555.0;19466435565000
1385702276761;420.0;19466497668000
1385702276887;390.0;19466623736000
1385702277009;540.0;19466745379000
1385702277043;735.0;19466779589000
1385702277074;930.0;19466810809000
1385702277238;1050.0;19466974932000
1385702277300;1080.0;19467036853000
1385702277363;1095.0;19467099200000
1385702277588;1050.0;19467324572000
1385702277679;1020.0;19467415423000
1385702277722;1005.0;19467458636000
1385702277816;1035.0;19467552752000
1385702277855;1065.0;19467591235000
1385702277918;1050.0;19467654498000
1385702278012;1005.0;19467749255000
1385702278082;1020.0;19467818560000
1385702278144;1005.0;19467880419000
1385702278175;975.0;19467911639000
1385702278237;945.0;19467974078000
1385702278355;915.0;19468091571000
1385702278415;900.0;19468152179000
1385702278515;885.0;19468251666000
1385702278565;825.0;19468302020000
1385702278608;720.0;19468343920000
1385702278652;510.0;19468388720000
1385702278848;315.0;19468584491000
1385702279171;510.0;19468837329000
1385702279249;540.0;19468914416000
1385702279398;645.0;19469063250000
1385702279530;570.0;19469195605000
1385702279598;480.0;19469263201000
1385702279695;285.0;19469360156000
1385702279959;345.0;19469624438000
1385702280005;480.0;19469670733000
1385702280123;390.0;19469788531000
1385702280188;315.0;19469853717000
1385702280297;420.0;19469962970000
1385702280363;345.0;19470028888000
1385702280911;420.0;19470576648000
1385702280980;540.0;19470646075000
1385702281012;645.0;19470677783000
1385702281099;765.0;19470764331000
1385702281143;855.0;19470808947000
1385702281192;885.0;19470857348000
1385702281285;825.0;19470950610000
1385702281348;855.0;19471013201000
1385702281512;600.0;19471177478000
1385702281574;435.0;19471239764000
1385702281686;540.0;19471351428000
1385702281768;615.0;19471433032000
1385702281809;810.0;19471472827000
1385702281875;885.0;19471538470000
1385702281935;900.0;19471600756000
1385702281973;930.0;19471639270000
1385702282012;975.0;19471677691000
1385702282103;960.0;19471768634000
1385702282152;900.0;19471817492000
1385702282241;945.0;19471906451000
1385702282334;990.0;19471999102000
1385702282371;1035.0;19472036669000
1385702282403;1080.0;19472068560000
1385702282465;915.0;19472130358000
1385702282566;840.0;19472231982000
1385702282726;1050.0;19472391406000
1385702282793;975.0;19472458544000
1385702282855;930.0;19472520983000
1385702282887;900.0;19472552966000
1385702282958;930.0;19472623584000
1385702283059;915.0;19472724627000
1385702283191;960.0;19472857013000
1385702283285;975.0;19472951129000
1385702283347;990.0;19473013018000
1385702283418;1050.0;19473083453000
1385702283449;1095.0;19473114947000
1385702283512;1065.0;19473177356000
1385702283574;975.0;19473239733000
1385702283605;930.0;19473271044000
1385702283668;915.0;19473333453000
1385702283730;900.0;19473396044000
1385702283793;870.0;19473458514000
1385702283824;840.0;19473489642000
1385702284011;855.0;19473677233000
1385702284095;840.0;19473760760000
1385702284278;900.0;19473943957000
1385702284483;960.0;19474104296000
1385702284570;825.0;19474235095000
1385702284614;750.0;19474279467000
1385702284691;705.0;19474356982000
1385702284722;675.0;19474388171000
1385702284785;660.0;19474451068000
1385702284880;645.0;19474544848000
1385702284965;630.0;19474630297000
1385702284996;615.0;19474661517000
1385702285095;630.0;19474760638000
1385702285184;600.0;19474849231000
1385702285371;585.0;19475036731000
1385702285434;570.0;19475099810000
1385702285559;540.0;19475225146000
1385702285614;525.0;19475279498000
1385702285694;540.0;19475359118000
1385702285762;555.0;19475427569000
1385702285824;570.0;19475489825000
1385702286066;585.0;19475731829000
1385702286168;615.0;19475833514000
1385702286200;645.0;19475865741000
1385702286410;600.0;19476076159000
1385702286473;585.0;19476138934000
1385702286504;540.0;19476169238000
1385702286535;525.0;19476200549000
1385702286598;510.0;19476264148000
1385702286699;495.0;19476365161000
1385702286730;480.0;19476395861000
1385702286762;465.0;19476427600000
1385702287046;450.0;19476711108000
1385702287269;465.0;19476935138000
1385702287333;450.0;19476998706000
1385702287461;435.0;19477125628000
1385702287508;420.0;19477171771000
1385702287659;405.0;19477324511000
1385702287922;390.0;19477587573000
1385702287997;375.0;19477662646000
1385702288317;360.0;19477982501000
1385702288379;330.0;19478044574000
1385702288473;300.0;19478138720000
1385702288535;285.0;19478200579000
1385702288598;255.0;19478263690000
1385702288629;240.0;19478294513000
1385702288754;225.0;19478419482000
1385702288849;210.0;19478514666000
1385702288887;195.0;19478552386000
1385702288918;180.0;19478584094000
1385702288980;165.0;19478646136000
1385702289072;150.0;19478737231000
1385702289120;135.0;19478785510000
1385702289207;120.0;19478872576000
1385702289261;105.0;19478927233000
1385702289529;90.0;19479194598000
1385702289816;75.0;19479481982000
1385702290136;90.0;19479802111000
1385702290637;105.0;19480302722000
1385702290793;90.0;19480458697000
1385702290949;105.0;19480614794000
1385702291910;120.0;19481575976000
1385702292168;105.0;19481833514000
1385702292832;120.0;19482497699000
1385702292958;105.0;19482624316000
1385702293769;120.0;19483435138000
1385702294215;135.0;19483881030000
1385702294449;120.0;19484114703000
1385702294605;135.0;19484270953000
1385702294824;150.0;19484489611000
1385702295115;165.0;19484781115000
1385702295545;150.0;19485209002000
1385702295660;165.0;19485325701000
1385702295754;180.0;19485419940000
1385702295816;195.0;19485482013000
1385702295967;210.0;19485632525000
1385702296053;225.0;19485718859000
1385702296434;255.0;19486099719000
1385702296496;270.0;19486161731000
1385702296527;285.0;19486192950000
1385702296590;315.0;19486255786000
1385702296716;300.0;19486381366000
1385702296770;285.0;19486435504000
1385702296801;270.0;19486466357000
1385702297107;255.0;19486773059000
1385702297324;270.0;19486990069000
1385702297480;255.0;19487145922000
1385702297919;270.0;19487585101000
1385702298087;255.0;19487752825000
1385702298198;240.0;19487863513000
1385702298278;225.0;19487943469000
1385702298465;240.0;19488130358000
1385702298527;255.0;19488192828000
1385702298623;270.0;19488288440000
1385702298677;285.0;19488342791000
1385702298715;300.0;19488380847000
1385702298871;315.0;19488536700000
1385702298965;300.0;19488630358000
1385702299130;270.0;19488795672000
1385702299191;285.0;19488856646000
1385702299473;300.0;19489138629000
1385702299629;285.0;19489295031000
1385702299691;270.0;19489356890000
1385702299794;300.0;19489459368000
1385702299855;285.0;19489520922000
1385702299950;255.0;19489615496000
1385702300027;240.0;19489692950000
1385702300099;225.0;19489765063000
1385702300191;240.0;19489856799000
1385702300222;255.0;19489888079000
1385702300254;270.0;19489919421000
1385702300348;285.0;19490013293000
1385702300410;300.0;19490075763000
1385702300473;285.0;19490138751000
1385702300504;270.0;19490169940000
1385702300640;285.0;19490306384000
1385702300677;300.0;19490342456000
1385702301038;315.0;19490702990000
1385702301083;330.0;19490747912000
1385702301153;345.0;19490818591000
1385702301183;360.0;19490849108000
1385702301277;375.0;19490942858000
1385702301340;405.0;19491005236000
1385702301473;375.0;19491138385000
1385702301505;360.0;19491170520000
1385702301629;375.0;19491294940000
1385702301660;405.0;19491325640000
1385702301847;375.0;19491513201000
1385702301879;360.0;19491544757000
1385702301942;375.0;19491607684000
1385702302058;390.0;19491723986000
1385702302127;420.0;19491789050000
1385702302238;480.0;19491903826000
1385702302270;600.0;19491935565000
1385702302395;540.0;19492060748000
1385702302457;495.0;19492123034000
1385702302488;480.0;19492153918000
1385702302552;510.0;19492217639000
1385702302722;675.0;19492387988000
1385702302795;630.0;19492460620000
1385702302833;585.0;19492498492000
1385702302988;540.0;19492654223000
1385702303069;615.0;19492734545000
1385702303168;540.0;19492834124000
1385702303260;615.0;19492925067000
1385702303303;795.0;19492965991000
1385702303496;975.0;19493161669000
1385702303558;1065.0;19493224139000
1385702303621;1005.0;19493286578000
1385702303652;960.0;19493317950000
1385702303716;735.0;19493381427000
1385702303817;495.0;19493482440000
1385702303853;405.0;19493518786000
1385702303887;390.0;19493553057000
1385702303980;435.0;19493646167000
1385702304055;420.0;19493721026000
1385702304128;465.0;19493794116000
1385702304160;645.0;19493825579000
1385702304231;660.0;19493896563000
1385702304324;540.0;19493989917000
1385702304387;510.0;19494052386000
1385702304567;525.0;19494232501000
1385702304660;465.0;19494325549000
1385702304723;390.0;19494388720000
1385702304755;345.0;19494420336000
1385702304879;360.0;19494544421000
1385702304941;375.0;19494606951000
1385702305089;405.0;19494755267000
1385702305121;465.0;19494786517000
1385702305215;405.0;19494880908000
1385702305277;375.0;19494943103000
1385702305371;405.0;19495036486000
1385702305434;450.0;19495099688000
1385702305527;480.0;19495192828000
1385702305590;450.0;19495255419000
1385702305652;420.0;19495317981000
1385702305746;450.0;19495411731000
1385702305941;465.0;19495607135000
1385702306059;495.0;19495723986000
1385702306299;525.0;19495964679000
1385702306364;630.0;19496029895000
1385702306409;720.0;19496075000000
1385702306535;645.0;19496200824000
1385702306631;570.0;19496296405000
1385702306674;510.0;19496339770000
1385702306738;450.0;19496403796000
1385702306769;435.0;19496435076000
1385702306863;420.0;19496528918000
1385702307005;435.0;19496670642000
1385702307059;450.0;19496725238000
1385702307098;465.0;19496763446000
1385702307184;450.0;19496849841000
1385702307246;480.0;19496911944000
1385702307308;465.0;19496974139000
1385702307457;435.0;19497122546000
1385702307488;375.0;19497153826000
1385702307520;345.0;19497185168000
1385702307582;360.0;19497247729000
1385702307644;405.0;19497310168000
1385702307707;435.0;19497372515000
1385702307801;450.0;19497466326000
1385702307863;465.0;19497528918000
1385702307926;450.0;19497591845000
1385702307957;435.0;19497622485000
1385702308036;450.0;19497701831000
1385702308399;435.0;19498054339000
1385702308619;420.0;19498285052000
1385702308683;405.0;19498349108000
1385702308902;390.0;19498567919000
1385702308965;375.0;19498630450000
1385702309044;360.0;19498709796000
1385702309155;375.0;19498820483000
1385702309286;345.0;19498951403000
1385702309348;315.0;19499013232000
1385702309410;285.0;19499075701000
1385702309504;300.0;19499169574000
1385702309566;345.0;19499231951000
1385702309630;360.0;19499295489000
1385702309724;375.0;19499389392000
1385702310087;360.0;19499752856000
1385702310147;345.0;19499812304000
1385702310192;315.0;19499857714000
1385702310293;300.0;19499958453000
1385702310386;285.0;19500052203000
1385702310449;255.0;19500114672000
1385702310512;225.0;19500178180000
1385702310622;195.0;19500287188000
1385702311082;180.0;19500747760000
1385702311200;165.0;19500865557000
1385702311238;150.0;19500904040000
1385702311419;165.0;19501084918000
1385702311582;180.0;19501247485000
1385702311832;165.0;19501498156000
1385702312090;150.0;19501755511000
1385702312223;135.0;19501888263000
1385702312347;120.0;19502013079000
1385702312566;105.0;19502231951000
1385702313057;90.0;19502722705000
1385702313167;105.0;19502832415000
1385702313295;90.0;19502960803000
1385702313644;105.0;19503310107000
1385702313926;120.0;19503591204000
1385702314215;135.0;19503880206000
1385702315004;120.0;19504669909000
1385702315160;135.0;19504825732000
1385702315863;120.0;19505528796000
1385702316122;135.0;19505787860000
1385702316348;120.0;19506013629000
1385702316965;135.0;19506630450000
1385702317380;120.0;19507042987000
1385702317629;105.0;19507294879000
1385702317980;90.0;19507646106000
1385702318160;75.0;19507825549000
1385702319285;60.0;19508950579000
1385702319504;45.0;19509170153000
1385702319659;30.0;19509324084000
1385702319784;15.0;19509450396000
1385702321208;0.0;19510873248000
1385702321270;15.0;19510935992000
1385702321332;0.0;19510997760000
1385702321457;15.0;19511122485000
1385702321769;0.0;19511435107000
1385702321832;15.0;19511497607000
1385702322130;0.0;19511795733000
1385702322332;15.0;19511997668000
1385702322449;0.0;19512106585000
1385702322817;15.0;19512482745000
1385702322934;0.0;19512600024000
1385702323076;15.0;19512741870000
1385702323535;0.0;19513201007000
1385702323598;15.0;19513263385000
1385702323778;0.0;19513443438000
1385702324043;15.0;19513708422000
1385702324184;0.0;19513849871000
1385702335084;15.0;19524749224000
1385702335191;0.0;19524856921000
1385702338606;15.0;19528271289000
1385702338668;0.0;19528333422000
1385702338730;15.0;19528395922000
1385702339949;0.0;19529614764000
1385702340151;15.0;19529817034000
1385702340592;0.0;19530258075000
1385702340933;15.0;19530598895000
1385702340996;0.0;19530661700000
1385702341199;15.0;19530864672000
1385702341324;0.0;19530989733000
1385702341480;15.0;19531145892000
1385702341832;0.0;19531498187000
1385702341926;15.0;19531591418000
1385702342317;0.0;19531982226000
1385702342410;15.0;19532075549000
1385702342761;0.0;19532427203000
1385702342918;15.0;19532583392000
1385702342981;0.0;19532646533000
1385702343074;15.0;19532739856000
1385702343433;0.0;19533099200000
1385702343527;15.0;19533192767000
1385702343591;0.0;19533256121000
1385702344302;15.0;19533967974000
1385702344457;0.0;19534122088000
1385702345091;15.0;19534756884000
1385702345363;0.0;19535028949000
1385702346120;15.0;19535785723000
1385702346380;0.0;19536046344000
1385702346746;15.0;19536411792000
1385702347668;0.0;19537333483000
1385702347730;15.0;19537395922000
1385702348723;30.0;19538388293000
1385702349172;15.0;19538837054000
1385702349972;30.0;19539637896000
1385702350051;15.0;19539716662000
1385702350215;30.0;19539880328000
1385702350973;15.0;19540638354000
1385702353088;30.0;19542753497000
1385702353191;15.0;19542856982000
1385702353254;30.0;19542919421000
1385702353817;15.0;19543482318000
1385702354567;30.0;19544232196000
1385702357231;45.0;19546896411000
1385702357387;60.0;19547052752000
1385702357512;75.0;19547178027000
1385702357543;90.0;19547208667000
1385702357669;105.0;19547334368000
1385702357730;120.0;19547396106000
1385702357762;135.0;19547427752000
1385702357825;150.0;19547490313000
1385702357887;165.0;19547552294000
1385702358340;180.0;19548005877000
1385702358754;195.0;19548419879000
1385702359042;210.0;19548707324000
1385702359144;225.0;19548810046000
1385702359207;240.0;19548872546000
1385702359269;225.0;19548935046000
1385702360363;240.0;19550028704000
1385702360878;225.0;19550544238000
1385702361043;240.0;19550708728000
1385702361152;255.0;19550817919000
1385702361817;240.0;19551482501000
1385702362410;225.0;19552075701000
1385702362613;210.0;19552278521000
1385702362676;225.0;19552341326000
1385702362739;210.0;19552405017000
1385702362863;195.0;19552528704000
1385702362957;210.0;19552622546000
1385702363152;225.0;19552817767000
1385702363465;240.0;19553130481000
1385702363621;225.0;19553287066000
1385702363957;210.0;19553622576000
1385702364113;195.0;19553778826000
1385702364550;210.0;19554216143000
1385702364582;195.0;19554247424000
1385702364832;210.0;19554497515000
1385702365035;195.0;19554700946000
1385702365130;180.0;19554795062000
1385702365246;165.0;19554911639000
1385702365402;180.0;19555067858000
1385702365622;195.0;19555287616000
1385702365785;210.0;19555450701000
1385702365873;225.0;19555513232000
1385702365935;240.0;19555600573000
1385702366040;255.0;19555705401000
1385702366081;270.0;19555746844000
1385702366176;285.0;19555841693000
1385702366206;300.0;19555872363000
1385702366253;315.0;19555917956000
1385702366293;330.0;19555958972000
1385702366324;345.0;19555989794000
1385702366449;375.0;19556114733000
1385702366731;390.0;19556396563000
1385702366789;405.0;19556454394000
1385702366824;420.0;19556489856000
1385702366949;435.0;19556614856000
1385702366981;450.0;19556646655000
1385702367033;435.0;19556698230000
1385702367076;450.0;19556741381000
1385702367176;465.0;19556841906000
1385702367269;450.0;19556934954000
1385702367333;435.0;19556999041000
1385702367402;450.0;19557067736000
1385702367497;435.0;19557162249000
1385702367590;465.0;19557255389000
1385702367670;525.0;19557335589000
1385702367746;510.0;19557411975000
1385702367790;480.0;19557454577000
1385702368013;450.0;19557679248000
1385702368106;465.0;19557771868000
1385702368287;450.0;19557952685000
1385702368418;435.0;19558083483000
1385702368480;465.0;19558146136000
1385702368543;525.0;19558208392000
1385702368677;495.0;19558342852000
1385702368715;450.0;19558380389000
1385702369064;465.0;19558728930000
1385702369215;435.0;19558880847000
1385702369308;420.0;19558974139000
1385702369371;405.0;19559036731000
1385702369566;420.0;19559231738000
1385702369826;435.0;19559491870000
1385702369895;450.0;19559560961000
1385702370038;465.0;19559703295000
1385702370192;495.0;19559857257000
1385702370266;510.0;19559931597000
1385702370739;495.0;19560404223000
1385702370801;480.0;19560466388000
1385702371038;465.0;19560703540000
1385702371143;480.0;19560808154000
1385702371223;495.0;19560888232000
1385702371349;510.0;19561014209000
1385702371460;540.0;19561125720000
1385702371497;570.0;19561162402000
1385702371528;585.0;19561193469000
1385702371674;570.0;19561339709000
1385702371708;555.0;19561373797000
1385702371809;585.0;19561474810000
1385702371879;615.0;19561544421000
1385702371910;630.0;19561575732000
1385702371974;645.0;19561639300000
1385702372082;585.0;19561748217000
1385702372154;555.0;19561819781000
1385702372255;570.0;19561921191000
1385702372310;630.0;19561975451000
1385702372348;675.0;19562013568000
1385702372420;645.0;19562085589000
1385702372458;585.0;19562123278000
1385702372528;570.0;19562193621000
1385702372558;555.0;19562224047000
1385702372621;540.0;19562286486000
1385702372683;525.0;19562349047000
1385702372895;540.0;19562560656000
1385702373036;555.0;19562702014000
1385702373176;540.0;19562841693000
1385702373248;555.0;19562913104000
1385702373285;585.0;19562950824000
1385702373347;615.0;19563013201000
1385702373536;630.0;19563201281000
1385702373629;615.0;19563294329000
1385702373692;630.0;19563357409000
1385702373739;645.0;19563404895000
1385702373814;660.0;19563476550000
1385702373848;675.0;19563513354000
1385702373942;690.0;19563607470000
1385702374012;720.0;19563678210000
1385702374100;705.0;19563765765000
1385702374324;720.0;19563928210000
1385702374332;735.0;19563966265000
1385702374341;765.0;19564004107000
1385702374512;750.0;19564177264000
1385702374631;735.0;19564296679000
1385702374821;765.0;19564486529000
1385702374901;780.0;19564564257000
1385702375004;765.0;19564669574000
1385702375121;780.0;19564786639000
1385702375266;810.0;19564931872000
1385702375340;825.0;19564992358000
1385702375363;840.0;19565028735000
1385702375395;855.0;19565060534000
1385702375457;825.0;19565122607000
1385702375488;795.0;19565153826000
1385702375550;765.0;19565216204000
1385702375707;780.0;19565372912000
1385702375769;765.0;19565435138000
1385702375863;795.0;19565528918000
1385702376061;810.0;19565726245000
1385702376130;825.0;19565796283000
1385702376277;795.0;19565942157000
1385702376418;765.0;19566083422000
1385702376450;735.0;19566115344000
1385702376506;705.0;19566171221000
1385702376684;735.0;19566349841000
1385702376715;765.0;19566380877000
1385702376777;810.0;19566442858000
1385702376935;765.0;19566600116000
1385702377167;600.0;19566833361000
1385702377207;540.0;19566873004000
1385702377293;435.0;19566959124000
1385702377324;375.0;19566989794000
1385702377387;390.0;19567052722000
1385702377418;435.0;19567083575000
1385702377480;405.0;19567145892000
1385702377543;360.0;19567208544000
1385702377605;315.0;19567271075000
1385702377668;300.0;19567333544000
1385702377824;285.0;19567489794000
1385702378301;300.0;19567966235000
1385702378363;345.0;19568028949000
1385702378434;330.0;19568099536000
1385702378465;300.0;19568130419000
1385702384871;360.0;19574536486000
1385702384935;435.0;19574600238000
1385702385019;525.0;19574684985000
1385702385061;600.0;19574726580000
1385702385174;765.0;19574839892000
1385702385246;810.0;19574912188000
1385702385354;780.0;19575019702000
1385702385403;750.0;19575068377000
1385702385590;765.0;19575255267000
1385702385861;750.0;19575526477000
1385702385911;735.0;19575576464000
1385702386274;720.0;19575939837000
1385702386314;660.0;19575979541000
1385702386347;630.0;19576012896000
1385702386378;585.0;19576044177000
1385702386442;555.0;19576106829000
1385702386497;525.0;19576162890000
1385702386547;510.0;19576212939000
1385702386614;495.0;19576279284000
1385702386644;465.0;19576310046000
1385702386707;450.0;19576372576000
1385702386769;420.0;19576435107000
1385702386832;390.0;19576497607000
1385702386864;375.0;19576528918000
1385702386926;360.0;19576591388000
1385702386989;330.0;19576654315000
1385702387082;315.0;19576747302000
1385702387132;300.0;19576793170000
1385702387184;285.0;19576849627000
1385702387228;270.0;19576893634000
1385702387270;255.0;19576935351000
1385702387527;240.0;19577192645000
1385702387590;225.0;19577255297000
1385702387843;210.0;19577509173000
1385702388115;195.0;19577780566000
1385702388363;210.0;19578028949000
1385702388520;225.0;19578185626000
1385702388926;210.0;19578591418000
1385702389052;225.0;19578717273000
1385702389382;240.0;19579047839000
1385702389418;255.0;19579083453000
1385702389480;270.0;19579145983000
1385702389512;285.0;19579177325000
1385702389575;315.0;19579240313000
1385702389660;330.0;19579326190000
1385702389813;345.0;19579478259000
1385702389897;375.0;19579562365000
1385702389942;420.0;19579607226000
1385702389988;465.0;19579653643000
1385702390043;495.0;19579708392000
1385702390083;525.0;19579748980000
1385702390308;540.0;19579974047000
1385702390340;555.0;19580005267000
1385702390403;585.0;19580068530000
1385702390465;600.0;19580130542000
1385702390528;630.0;19580193347000
1385702390558;660.0;19580224169000
1385702390777;690.0;19580442828000
1385702391146;705.0;19580625201000
1385702391192;780.0;19580671557000
1385702391237;825.0;19580715960000
1385702391352;795.0;19580830645000
1385702391487;810.0;19580966021000
1385702391552;840.0;19581026568000
1385702391637;870.0;19581115985000
1385702391806;660.0;19581285144000
1385702391852;555.0;19581330950000
1385702391887;540.0;19581366168000
1385702391933;510.0;19581412310000
1385702391981;405.0;19581459918000
1385702401113;420.0;19590591784000
1385702401160;525.0;19590638629000
1385702401190;615.0;19590669421000
1385702401268;735.0;19590747180000
1385702401310;810.0;19590788897000
1385702401384;885.0;19590863238000
1385702401439;930.0;19590916034000
1385702401597;900.0;19591076098000
1385702401628;870.0;19591106921000
1385702401753;885.0;19591232440000
1385702401879;870.0;19591358447000
1385702401941;840.0;19591420214000
1385702401979;825.0;19591458575000
1385702402011;795.0;19591490466000
1385702402073;765.0;19591552294000
1385702402168;750.0;19591647326000
1385702402206;735.0;19591685046000
1385702402363;720.0;19591821093000
1385702402388;705.0;19591866900000
1385702402450;675.0;19591929034000
1385702402519;645.0;19591998095000
1385702402604;630.0;19592083087000
1385702402636;615.0;19592115222000
1385702402800;600.0;19592279040000
1385702402869;570.0;19592348101000
1385702402901;555.0;19592380481000
1385702402964;525.0;19592442889000
1385702403026;510.0;19592505511000
1385702403058;495.0;19592537158000
1385702403120;480.0;19592599444000
1385702403262;465.0;19592740863000
1385702403308;450.0;19592786761000
1385702403433;435.0;19592910449000
1385702403495;420.0;19592974108000
1385702403545;405.0;19593023425000
1385702403612;420.0;19593091265000
1385702403676;405.0;19593154986000
1385702403770;360.0;19593249346000
1385702403869;330.0;19593347979000
1385702403925;270.0;19593404498000
1385702403981;255.0;19593460498000
1385702404050;240.0;19593528979000
1385702404191;225.0;19593669848000
1385702404221;210.0;19593700671000
1385702404464;195.0;19593939868000
1385702404745;210.0;19594224139000
1385702404776;225.0;19594255603000
1385702404901;210.0;19594380419000
1385702405010;225.0;19594489398000
1385702405214;240.0;19594692797000
1385702405613;270.0;19595092334000
1385702405753;300.0;19595232104000
1385702405784;315.0;19595263598000
1385702405847;285.0;19595325732000
1385702405942;300.0;19595421160000
1385702406042;330.0;19595521319000
1385702406075;375.0;19595552661000
1385702406104;390.0;19595583422000
1385702406167;420.0;19595645983000
1385702406229;435.0;19595708728000
1385702406424;450.0;19595903643000
1385702406464;495.0;19595943286000
1385702406525;555.0;19595997729000
1385702406576;600.0;19596053759000
1385702406612;630.0;19596091082000
1385702406682;660.0;19596161578000
1385702406714;690.0;19596192797000
1385702406776;705.0;19596255358000
1385702406839;720.0;19596318347000
1385702406870;735.0;19596349200000
1385702406932;750.0;19596411608000
1385702406995;765.0;19596474597000
1385702407160;780.0;19596638781000
1385702407272;765.0;19596750994000
1385702407394;840.0;19596872332000
1385702407447;855.0;19596925524000
1385702407604;885.0;19597083422000
1385702407667;855.0;19597146044000
1385702407698;825.0;19597177264000
1385702407761;840.0;19597239825000
1385702407886;870.0;19597364794000
1385702407979;885.0;19597458636000
1385702408042;840.0;19597521197000
1385702408170;660.0;19597648608000
1385702408205;570.0;19597684832000
1385702408238;555.0;19597717242000
1385702408298;540.0;19597777331000
1385702408347;465.0;19597825701000
1385702408386;345.0;19597864703000
1385702427349;315.0;19617060321000
1385702427437;360.0;19617147204000
1385702427474;390.0;19617185168000
1385702427505;405.0;19617216296000
1385702427567;435.0;19617278704000
1385702427630;480.0;19617341174000
1385702427692;510.0;19617403796000
1385702427755;525.0;19617466235000
1385702427849;495.0;19617559985000
1385702427996;330.0;19617707843000
1385702428162;345.0;19617873156000
1385702428241;420.0;19617929858000
1385702428255;480.0;19617966601000
1385702428287;585.0;19617998706000
1385702428349;750.0;19618059954000
1385702428411;870.0;19618122576000
1385702428505;750.0;19618216265000
1385702428621;735.0;19618332354000
1385702428736;915.0;19618446856000
1385702428903;900.0;19618613940000
1385702429033;885.0;19618741442000
1385702429081;855.0;19618792529000
1385702429289;840.0;19618968920000
1385702429348;825.0;19619059619000
1385702429480;810.0;19619191394000
1385702429522;795.0;19619232836000
1385702429645;765.0;19619356768000
1385702429848;750.0;19619558703000
1385702430031;735.0;19619741839000
1385702430147;720.0;19619858172000
1385702430466;705.0;19620177203000
1385702430622;690.0;19620333544000
1385702430819;705.0;19620530291000
1385702430864;720.0;19620575457000
1385702430950;705.0;19620660723000
1385702431089;690.0;19620800372000
1385702431290;705.0;19621001361000
1385702431333;720.0;19621044177000
1385702431412;795.0;19621117358000
1385702431462;840.0;19621173419000
1385702431591;795.0;19621302630000
1385702431850;570.0;19621561480000
1385702431951;765.0;19621662585000
1385702432091;615.0;19621802081000
1385702432130;495.0;19621841204000
1385702432171;375.0;19621881610000
1385702434638;285.0;19624349597000
1385702434700;795.0;19624411547000
1385702434795;690.0;19624506213000
1385702434857;630.0;19624568499000
1385702434920;600.0;19624630816000
1385702435148;585.0;19624859515000
1385702435298;570.0;19625009356000
1385702435367;555.0;19625077899000
1385702435528;570.0;19625239672000
1385702435766;555.0;19625477801000
1385702435802;540.0;19625513781000
1385702435866;525.0;19625577197000
1385702435943;540.0;19625653949000
1385702436059;510.0;19625770037000
1385702436098;495.0;19625809985000
1385702436139;480.0;19625849688000
1385702436248;465.0;19625958483000
1385702436310;450.0;19626021380000
1385702436403;480.0;19626114611000
1385702436482;585.0;19626192919000
1385702436522;660.0;19626232928000
1385702436629;645.0;19626339953000
1385702436675;555.0;19626385974000
1385702436879;495.0;19626590197000
1385702436922;435.0;19626633319000
1385702436959;420.0;19626669909000
1385702437394;480.0;19627104144000
1385702437442;555.0;19627153674000
1385702437482;585.0;19627193438000
1385702437575;525.0;19627286608000
1385702437638;480.0;19627349566000
1385702437732;435.0;19627442981000
1385702437795;390.0;19627505908000
1385702437857;375.0;19627568347000
1385702438341;390.0;19628052294000
1385702438506;375.0;19628216845000
1385702438618;360.0;19628329608000
1385702438685;345.0;19628396014000
1385702438973;330.0;19628684008000
1385702439098;315.0;19628809954000
1385702439174;300.0;19628885211000
1385702439396;285.0;19629106799000
1385702439459;270.0;19629170031000
1385702439489;240.0;19629200671000
1385702439614;225.0;19629325518000
1385702439771;210.0;19629482013000
1385702439928;195.0;19629639361000
1385702439966;180.0;19629677172000
1385702440115;165.0;19629826312000
1385702440333;180.0;19630044360000
1385702440395;165.0;19630106799000
1385702440496;150.0;19630207598000
1385702441561;135.0;19631271991000
1385702441818;120.0;19631528949000
1385702442725;105.0;19632436450000
1385702443271;90.0;19632976031000
1385702444164;75.0;19633875140000
1385702444296;90.0;19634004809000
1385702444817;75.0;19634528826000
1385702445209;90.0;19634919940000
1385702445575;75.0;19635286669000
1385702446466;60.0;19636177172000
1385702447098;75.0;19636809924000
1385702447450;60.0;19637161731000
1385702447607;45.0;19637317981000
1385702447946;30.0;19637656420000
1385702448153;15.0;19637864672000
1385702450482;0.0;19640193103000
1385702450716;15.0;19640427752000
1385702450982;0.0;19640692919000
1385702451065;15.0;19640776202000
1385702451146;0.0;19640857531000
1385702451451;15.0;19641161883000
1385702451864;0.0;19641575671000
1385702452818;15.0;19642528796000
1385702453747;0.0;19643458575000
1385702453935;15.0;19643646411000
1385702454912;0.0;19644623004000
1385702455005;15.0;19644716388000
1385702455898;0.0;19645608599000
1385702455982;15.0;19645693743000
1385702456677;0.0;19646388751000
1385702456740;15.0;19646451617000
1385702458669;30.0;19648380450000
1385702459005;15.0;19648716296000
1385702459169;30.0;19648880786000
1385702459553;15.0;19649263476000
1385702459646;30.0;19649356951000
1385702459771;15.0;19649481951000
1385702460169;30.0;19649880725000
1385702461200;45.0;19650911425000
1385702461577;60.0;19651288317000
1385702462294;75.0;19652005572000
1385702462535;90.0;19652245288000
1385702462841;105.0;19652552172000
1385702462951;120.0;19652662158000
1385702462984;135.0;19652695636000
1385702463083;150.0;19652794451000
1385702463382;165.0;19653092730000
1385702463419;195.0;19653130664000
1385702463451;225.0;19653162310000
1385702463624;255.0;19653334704000
1385702463750;285.0;19653460284000
1385702463818;300.0;19653528918000
1385702463972;285.0;19653683001000
1385702464057;300.0;19653767962000
1385702464091;315.0;19653802386000
1385702464185;300.0;19653896106000
1385702464374;360.0;19654084918000
1385702464411;390.0;19654122607000
1385702464462;405.0;19654173999000
1385702464497;420.0;19654208575000
1385702464561;405.0;19654270983000
1385702464690;420.0;19654401629000
1385702464724;450.0;19654435138000
1385702464786;480.0;19654497668000
1385702464849;510.0;19654560595000
1385702465005;570.0;19654716449000
1385702465114;525.0;19654825274000
1385702465145;495.0;19654856799000
1385702465264;525.0;19654974902000
1385702465303;555.0;19655014178000
1385702465341;615.0;19655052356000
1385702466155;570.0;19655241320000
1385702466218;555.0;19655304431000
1385702466268;525.0;19655354296000
1385702466342;510.0;19655427966000
1385702466395;495.0;19655481829000
1385702466459;465.0;19655546130000
1385702466505;435.0;19655591449000
1385702466667;405.0;19655754229000
1385702466700;375.0;19655786853000
1385702466761;360.0;19655847155000
1385702466805;345.0;19655890551000
1385702466862;330.0;19655947985000
1385702466964;300.0;19656050830000
1385702467005;285.0;19656091815000
1385702467061;255.0;19656147601000
1385702467100;240.0;19656186419000
1385702467193;225.0;19656279498000
1385702467403;210.0;19656489825000
1385702467528;195.0;19656614642000
1385702467700;210.0;19656787036000
1385702467794;195.0;19656880633000
1385702467867;180.0;19656953509000
1385702468004;165.0;19657091143000
1385702468067;150.0;19657153857000
1385702468295;135.0;19657381274000
1385702468648;120.0;19657734851000
1385702468746;105.0;19657832568000
1385702468779;90.0;19657865985000
1385702468935;75.0;19658021716000
1385702468997;60.0;19658083606000
1385702469786;45.0;19658872515000
1385702470935;30.0;19660021319000
1385702471989;15.0;19661075732000
1385702472052;30.0;19661138293000
1385702472529;15.0;19661615344000
1385702476232;0.0;19665318743000
1385702476294;15.0;19665380450000
1385702476559;0.0;19665646044000
1385702477067;15.0;19666153918000
1385702477130;0.0;19666216876000
1385702477505;15.0;19666591204000
1385702477638;0.0;19666724688000
1385702478598;15.0;19667685076000
1385702478763;0.0;19667849169000
1385702479440;15.0;19668526232000
1385702479717;0.0;19668803027000
1385702479825;15.0;19668911578000
1385702480169;0.0;19669255328000
1385702480271;15.0;19669357623000
1385702480552;0.0;19669638537000
1385702480770;15.0;19669856982000
1385702481044;0.0;19670130450000
1385702481106;15.0;19670192950000
1385702483537;30.0;19672623217000
1385702483770;45.0;19672857043000
1385702484139;60.0;19673225512000
1385702484869;75.0;19673955737000
1385702486477;90.0;19675563678000
1385702486888;105.0;19675974231000
1385702487231;120.0;19676317858000
1385702487842;135.0;19676928698000
1385702488209;150.0;19677295214000
1385702488497;165.0;19677583972000
1385702488740;180.0;19677827014000
1385702489350;195.0;19678436206000
1385702489481;180.0;19678567919000
1385702489544;195.0;19678630419000
1385702490357;210.0;19679443621000
1385702490497;225.0;19679583392000
1385702490655;240.0;19679741717000
1385702491537;255.0;19680623584000
1385702491576;270.0;19680662219000
1385702491716;285.0;19680802356000
1385702491809;270.0;19680895983000
1385702491950;285.0;19681037036000
1385702492145;300.0;19681231860000
1385702492476;315.0;19681562701000
1385702492724;300.0;19681810900000
1385702492862;315.0;19681949145000
1385702493101;330.0;19682187762000
1385702493396;345.0;19682482653000
1385702493442;375.0;19682528765000
1385702493513;390.0;19682599169000
1385702493645;375.0;19682731860000
1385702493677;360.0;19682763720000
1385702493895;375.0;19682981127000
1385702494042;390.0;19683128741000
1385702494294;405.0;19683380847000
1385702494387;420.0;19683474047000
1385702494624;405.0;19683710192000
1385702494903;390.0;19683989825000
1385702494966;405.0;19684052386000
1385702495339;420.0;19684425006000
1385702495513;390.0;19684599169000
1385702495575;375.0;19684661975000
1385702495776;390.0;19684862353000
1385702495810;405.0;19684896777000
1385702496005;390.0;19685091296000
1385702496098;405.0;19685185138000
1385702496130;420.0;19685216815000
1385702496380;405.0;19685466143000
1385702496442;390.0;19685528826000
1385702497052;420.0;19686139148000
1385702497146;435.0;19686232745000
1385702497895;450.0;19686981982000
1385702497934;480.0;19687014910000
1385702498028;540.0;19687114520000
1385702498059;615.0;19687146014000
1385702498092;630.0;19687178241000
1385702498187;600.0;19687273150000
1385702498255;570.0;19687341296000
1385702498317;540.0;19687403796000
1385702498473;525.0;19687560168000
1385702498544;495.0;19687630267000
1385702498653;510.0;19687739917000
1385702498818;480.0;19687904254000
1385702498881;465.0;19687966235000
1385702498958;480.0;19688044482000
1385702499015;540.0;19688101092000
1385702499083;495.0;19688169543000
1385702499167;510.0;19688253222000
1385702499200;600.0;19688286517000
1385702499379;705.0;19688465777000
1385702499428;735.0;19688514300000
1385702499497;525.0;19688583483000
1385702499529;375.0;19688615954000
1385702499662;345.0;19688748217000
1385702499771;360.0;19688856189000
1385702499904;375.0;19688990741000
1385702499973;420.0;19689059863000
1385702500044;390.0;19689130328000
1385702500075;360.0;19689162158000
1385702500233;345.0;19689319171000
1385702500271;330.0;19689357196000
1385702500427;315.0;19689513201000
1385702500701;300.0;19689787463000
1385702500856;285.0;19689942858000
1385702500919;300.0;19690005267000
1385702501014;285.0;19690100512000
1385702501818;300.0;19690904528000
1385702502013;285.0;19691099932000
1385702502137;270.0;19691224047000
1385702502231;255.0;19691317981000
1385702502356;240.0;19691442889000
1385702502451;225.0;19691537616000
1385702503003;210.0;19692089679000
1385702503049;195.0;19692135913000
1385702503091;180.0;19692177478000
1385702503950;165.0;19693037127000
1385702504075;150.0;19693161547000
1385702504169;135.0;19693255877000
1385702504333;150.0;19693420001000
1385702504395;165.0;19693481890000
1385702504458;150.0;19693544574000
1385702504862;135.0;19693949023000
1385702504958;120.0;19694044451000
1385702505226;105.0;19694312121000
1385702505897;90.0;19694983172000
1385702507817;105.0;19696903704000
1385702508138;120.0;19697224658000
1385702508200;105.0;19697286731000
1385702508464;135.0;19697550555000
1385702508624;150.0;19697710009000
1385702508701;135.0;19697787646000
1385702508997;150.0;19698083880000
1385702509529;165.0;19698616015000
1385702509794;180.0;19698880297000
1385702509856;195.0;19698942797000
1385702509919;210.0;19699005450000
1385702509981;195.0;19699067950000
1385702510044;210.0;19699130511000
1385702510138;195.0;19699224871000
1385702510294;210.0;19699380694000
1385702510333;240.0;19699419757000
1385702510364;255.0;19699450671000
1385702510466;270.0;19699552417000
1385702510529;285.0;19699615222000
1385702510763;300.0;19699849658000
1385702510794;315.0;19699880389000
1385702511083;300.0;19700169451000
1385702511146;285.0;19700232592000
1385702511302;300.0;19700388751000
1385702511395;285.0;19700481829000
1385702511536;270.0;19700623095000
1385702511690;255.0;19700776416000
1385702511737;225.0;19700824115000
1385702511771;195.0;19700857928000
1385702511832;180.0;19700918872000
1385702511878;165.0;19700965106000
1385702511912;135.0;19700998217000
1385702512060;120.0;19701145892000
1385702512109;75.0;19701195117000
1385702512177;60.0;19701263720000
1385702512552;45.0;19701638781000
1385702513939;30.0;19703025592000
1385702518200;15.0;19707286761000
1385702518736;30.0;19707822314000
1385702519388;15.0;19708474169000
1385702519849;30.0;19708935534000
1385702520467;15.0;19709553271000
1385702522624;30.0;19711709948000
1385702524903;45.0;19713989703000
1385702524997;30.0;19714083575000
1385702525137;45.0;19714224108000
1385702525326;30.0;19714412555000
1385702525388;45.0;19714474566000
1385702527248;60.0;19716334460000
1385702528692;45.0;19717778674000
1385702528912;30.0;19717998492000
1385702528973;45.0;19718059954000
1385702529067;30.0;19718153888000
1385702530568;15.0;19719654925000
1385702531716;0.0;19720802722000
1385702531903;15.0;19720990039000
1385702532271;0.0;19721357775000
1385702532334;15.0;19721420214000
1385702533211;0.0;19722297534000
1385702533279;15.0;19722365313000
1385702534997;0.0;19724083606000
1385702535091;15.0;19724177752000
1385702535872;0.0;19724958514000
1385702535950;15.0;19725036395000
1385702537667;0.0;19727414538000
1385702537748;15.0;19727495410000
1385702538070;0.0;19727817919000
1385702538133;15.0;19727880419000
1385702538289;0.0;19728036608000
1385702542626;15.0;19732373126000
1385702542727;0.0;19732474566000
1385702542853;15.0;19732600024000
1385702542970;0.0;19732717517000
1385702543198;15.0;19732945117000
1385702543438;0.0;19733185565000
1385702543883;15.0;19733630481000
1385702544305;0.0;19734052905000
1385702544429;15.0;19734177142000
1385702544492;0.0;19734239733000
1385702544649;15.0;19734396716000
1385702544711;0.0;19734458941000
1385702544774;15.0;19734521319000
1385702544883;0.0;19734630511000
1385702544985;15.0;19734732867000
1385702545094;0.0;19734841326000
1385702545187;15.0;19734935046000
1385702545312;0.0;19735060046000
1385702545376;15.0;19735123797000
1385702545882;0.0;19735629809000
1385702546010;15.0;19735757830000
1385702550227;0.0;19739974505000
1385702550289;15.0;19740036700000
1385702550508;0.0;19740255358000
1385702550601;15.0;19740349108000
1385702551555;0.0;19741302508000
1385702551625;15.0;19741373004000
1385702551719;0.0;19741466265000
1385702551883;15.0;19741630511000
1385702551993;0.0;19741740283000
1385702552219;15.0;19741966967000
1385702555914;30.0;19745661731000
1385702556102;45.0;19745849719000
1385702556928;60.0;19746675524000
1385702557297;45.0;19747044513000
1385702557391;60.0;19747138751000
1385702558563;75.0;19748310046000
1385702559353;90.0;19749100665000
1385702559627;75.0;19749374713000
1385702559727;90.0;19749474322000
1385702559883;105.0;19749630419000
1385702559953;90.0;19749700640000
1385702560033;105.0;19749780139000
1385702560797;120.0;19750544451000
1385702560879;135.0;19750626513000
1385702560922;150.0;19750669421000
1385702560970;165.0;19750717852000
1385702561122;180.0;19750869342000
1385702561158;210.0;19750905444000
1385702561227;240.0;19750974505000
1385702561258;255.0;19751006091000
1385702561390;270.0;19751138201000
1385702561484;255.0;19751232043000
1385702561547;240.0;19751294818000
1385702561641;255.0;19751388873000
1385702561672;270.0;19751419177000
1385702561703;285.0;19751451129000
1385702561773;315.0;19751520770000
1385702561836;330.0;19751583667000
1385702561867;345.0;19751615039000
1385702561937;330.0;19751684924000
1385702562126;345.0;19751873828000
1385702562164;375.0;19751911883000
1385702562276;390.0;19752022906000
1385702562468;375.0;19752215686000
1385702562500;360.0;19752247607000
1385702562656;375.0;19752403857000
1385702562745;390.0;19752492236000
1385702562782;405.0;19752529773000
1385702562812;420.0;19752560076000
1385702562875;405.0;19752622760000
1385702562954;390.0;19752701525000
1385702563033;420.0;19752780200000
1385702563126;435.0;19752873370000
1385702563191;450.0;19752938922000
1385702563361;420.0;19753108325000
1385702563438;405.0;19753185595000
1385702563594;420.0;19753341418000
1385702563687;450.0;19753434802000
1385702563751;465.0;19753498584000
1385702564123;450.0;19753870776000
1385702564345;435.0;19754092547000
1385702564529;450.0;19754277240000
1385702564859;465.0;19754606921000
1385702564939;495.0;19754686816000
1385702564977;525.0;19754724108000
1385702565055;540.0;19754802325000
1385702565148;555.0;19754895983000
1385702565180;570.0;19754927356000
1385702565305;585.0;19755052905000
1385702565367;600.0;19755114856000
1385702565398;630.0;19755145922000
1385702565461;675.0;19755208392000
1385702565531;690.0;19755279071000
1385702565626;720.0;19755373675000
1385702565728;705.0;19755475451000
1385702565766;675.0;19755513354000
1385702565946;720.0;19755693408000
1385702565976;750.0;19755724017000
1385702566078;765.0;19755825732000
1385702566172;750.0;19755919757000
1385702566250;735.0;19755997546000
1385702566359;750.0;19756106890000
1385702566390;780.0;19756138110000
1385702566453;810.0;19756200824000
1385702566578;840.0;19756325915000
1385702566640;825.0;19756388110000
1385702566672;795.0;19756419360000
1385702566734;810.0;19756482043000
1385702566797;840.0;19756545001000
1385702566859;870.0;19756606951000
1385702567032;885.0;19756779437000
1385702567070;900.0;19756818225000
1385702567227;930.0;19756974780000
1385702567306;960.0;19757053332000
1385702567358;975.0;19757105822000
1385702567555;1005.0;19757302386000
1385702567617;990.0;19757364886000
1385702567788;1035.0;19757535815000
1385702567946;1020.0;19757693896000
1385702568054;1035.0;19757802142000
1385702568127;1020.0;19757874041000
1385702568227;1035.0;19757974536000
1385702568351;1005.0;19758099047000
1385702568453;1020.0;19758200732000
1385702568547;990.0;19758294390000
1385702568610;975.0;19758357714000
1385702568734;990.0;19758482013000
1385702568939;1005.0;19758686053000
1385702569026;945.0;19758773730000
1385702569116;930.0;19758863696000
1385702569149;945.0;19758896502000
1385702569180;960.0;19758927722000
1385702569236;990.0;19758983783000
1385702569273;1020.0;19759021136000
1385702569336;1050.0;19759083544000
1385702569798;1065.0;19759545245000
1385702569875;1095.0;19759622912000
1385702570009;1065.0;19759755908000
1385702570053;1035.0;19759801104000
1385702570133;1050.0;19759880450000
1385702570227;990.0;19759975024000
1385702570320;1020.0;19760067889000
1385702570383;990.0;19760130999000
1385702570445;1020.0;19760193133000
1385702570477;1035.0;19760224871000
1385702570556;1020.0;19760303820000
1385702570594;990.0;19760341326000
1385702570719;1005.0;19760466296000
1385702570875;1020.0;19760622699000
1385702570949;1065.0;19760695727000
1385702571126;975.0;19760873980000
1385702571188;930.0;19760935870000
1385702571250;945.0;19760997515000
1385702571374;900.0;19761120379000
1385702571489;915.0;19761235461000
1385702571554;900.0;19761302172000
1385702571750;915.0;19761497576000
1385702571782;930.0;19761529834000
1385702571867;945.0;19761614764000
1385702572015;915.0;19761763232000
1385702572047;855.0;19761794879000
1385702572105;825.0;19761851245000
1385702572320;885.0;19762067828000
1385702572383;945.0;19762131152000
1385702572423;960.0;19762170581000
1385702572586;975.0;19762334094000
1385702572648;1005.0;19762395953000
1385702572711;1020.0;19762458361000
1385702572743;1035.0;19762490252000
1385702572805;1080.0;19762552356000
1385702572867;1065.0;19762615161000
1385702572975;1050.0;19762722949000
1385702573029;1035.0;19762777056000
1385702573079;1020.0;19762826464000
1385702573119;990.0;19762866229000
1385702573254;945.0;19763001178000
1385702573305;915.0;19763053210000
1385702573344;900.0;19763091876000
1385702573406;915.0;19763153918000
1385702573547;930.0;19763294329000
1385702573578;960.0;19763326220000
1385702573640;975.0;19763388201000
1385702573704;1020.0;19763451648000
1385702573734;1035.0;19763482013000
1385702573994;1005.0;19763741412000
1385702574054;960.0;19763800982000
1385702574103;945.0;19763850634000
1385702574141;915.0;19763888812000
1385702574359;885.0;19764106860000
1385702574439;855.0;19764186419000
1385702574680;885.0;19764427264000
1385702574758;915.0;19764505816000
1385702574789;945.0;19764536669000
1385702574962;915.0;19764710009000
1385702575061;900.0;19764808947000
1385702575102;885.0;19764849841000
1385702575132;870.0;19764880236000
1385702575195;885.0;19764942675000
1385702575226;900.0;19764973864000
1385702575351;930.0;19765099017000
1385702575493;945.0;19765240588000
1385702575562;975.0;19765310015000
1385702575594;990.0;19765341723000
1385702575633;1020.0;19765380511000
1385702575696;1035.0;19765443316000
1385702575789;1020.0;19765537036000
1385702575937;1035.0;19765684436000
1385702575989;1050.0;19765736346000
1385702576127;1020.0;19765874621000
1385702576195;1005.0;19765942828000
1385702576351;990.0;19766099108000
1385702576414;975.0;19766161700000
1385702576445;960.0;19766192981000
1385702576508;930.0;19766255297000
1385702576609;915.0;19766356799000
1385702576672;900.0;19766419757000
1385702576734;885.0;19766481951000
1385702576866;870.0;19766613787000
1385702576972;825.0;19766719683000
1385702577047;810.0;19766794726000
1385702577078;795.0;19766825793000
1385702577109;750.0;19766856951000
1385702577172;690.0;19766919451000
1385702577234;660.0;19766982013000
1385702577297;615.0;19767044635000
1385702577329;585.0;19767076403000
1385702577392;540.0;19767139270000
1385702577493;525.0;19767240496000
1385702577533;510.0;19767280047000
1385702577570;480.0;19767317736000
1385702577608;465.0;19767355334000
1385702577734;435.0;19767482043000
1385702577766;405.0;19767513263000
1385702577828;390.0;19767575976000
1385702577890;360.0;19767638079000
1385702577966;345.0;19767714129000
1385702578071;375.0;19767818591000
1385702578102;390.0;19767849780000
1385702578383;405.0;19768130969000
1385702578453;435.0;19768200763000
1385702578484;480.0;19768232013000
1385702578547;495.0;19768294329000
1385702578696;540.0;19768443225000
1385702578741;570.0;19768488147000
1385702579007;585.0;19768754870000
1385702579047;600.0;19768794390000
1385702579172;615.0;19768919390000
1385702579421;585.0;19769168902000
1385702579453;555.0;19769200671000
1385702579490;510.0;19769238147000
1385702579555;465.0;19769302508000
1385702579618;435.0;19769365283000
1385702579676;420.0;19769423724000
1385702579773;405.0;19769521136000
1385702579868;435.0;19769615588000
1385702580112;420.0;19769859423000
1385702580155;375.0;19769902697000
1385702580187;360.0;19769935107000
1385702580250;330.0;19769997424000
1385702580312;315.0;19770060076000
1385702580531;300.0;19770279162000
1385702580602;285.0;19770349231000
1385702580719;270.0;19770466662000
1385702581063;255.0;19770810839000
1385702581273;240.0;19771021167000
1385702581700;255.0;19771401294000
1385702581834;240.0;19771554675000
1385702581884;225.0;19771630603000
