1385530589941;45.0;10145063020000
1385530596681;60.0;10157212922000
1385530596778;75.0;10157310151000
1385530596840;90.0;10157372438000
1385530596966;105.0;10157497682000
1385530596997;135.0;10157528932000
1385530597059;150.0;10157591279000
1385530597122;165.0;10157653932000
1385530597184;180.0;10157716401000
1385530597216;195.0;10157747712000
1385530597300;210.0;10157831300000
1385530597333;225.0;10157864778000
1385530597396;240.0;10157927858000
1385530597520;255.0;10158052308000
1385530597553;270.0;10158084504000
1385530597731;285.0;10158263063000
1385530597888;300.0;10158420045000
1385530598294;315.0;10158826783000
1385530599044;330.0;10159575685000
1385530599106;315.0;10159638215000
1385530599232;330.0;10159764283000
1385530599287;345.0;10159818849000
1385530599833;360.0;10160365236000
1385530599989;375.0;10160520936000
1385530600115;390.0;10160646913000
1385530600202;405.0;10160733339000
1385530600412;390.0;10160943574000
1385530600490;375.0;10161021821000
1385530601481;360.0;10162013093000
1385530601864;375.0;10162396058000
1385530601936;360.0;10162467622000
1385530602037;345.0;10162568940000
1385530602210;330.0;10162740968000
1385530602372;315.0;10162903718000
1385530602466;300.0;10162997651000
1385530602528;285.0;10163060090000
1385530602638;270.0;10163169465000
1385530602770;255.0;10163302217000
1385530603411;240.0;10163943025000
1385530603636;255.0;10164168092000
1385530604067;270.0;10164599214000
1385530604193;255.0;10164724672000
1385530604795;270.0;10165326722000
1385530604864;255.0;10165396180000
1385530605145;240.0;10165677339000
1385530605856;255.0;10166388185000
1385530606013;240.0;10166544496000
1385530606076;255.0;10166607454000
1385530606138;240.0;10166670228000
1385530606459;255.0;10166991243000
1385530606699;270.0;10167231660000
1385530606731;285.0;10167262910000
1385530607333;300.0;10167864747000
1385530607458;315.0;10167990175000
1385530607684;330.0;10168215669000
1385530607935;315.0;10168466951000
1385530607981;300.0;10168512910000
1385530608184;315.0;10168716432000
1385530608450;330.0;10168981813000
1385530608606;315.0;10169138154000
1385530608680;330.0;10169211824000
1385530608747;315.0;10169278901000
1385530608840;300.0;10169372255000
1385530609122;285.0;10169653718000
1385530609154;300.0;10169685609000
1385530610052;285.0;10170584199000
1385530610669;270.0;10171200685000
1385530610864;255.0;10171396638000
1385530611005;240.0;10171536744000
1385530611317;225.0;10171849122000
1385530611442;210.0;10171974153000
1385530611536;195.0;10172067994000
1385530611598;180.0;10172130403000
1385530611880;165.0;10172411866000
1385530611974;180.0;10172505403000
1385530612543;195.0;10173075105000
1385530612833;210.0;10173365266000
1385530612990;225.0;10173522310000
1385530613115;240.0;10173646547000
1385530613772;255.0;10174304139000
1385530613934;270.0;10174466371000
1385530614028;285.0;10174560243000
1385530614090;315.0;10174622377000
1385530614154;345.0;10174685548000
1385530614380;360.0;10174911500000
1385530614413;375.0;10174943666000
1385530614647;390.0;10175178224000
1385530614690;435.0;10175221559000
1385530614723;450.0;10175255403000
1385530614755;465.0;10175287172000
1385530614817;480.0;10175349092000
1385530614877;510.0;10175409242000
1385530615013;525.0;10175544526000
1385530615076;540.0;10175607545000
1385530615138;555.0;10175669557000
1385530615357;570.0;10175889192000
1385530615817;555.0;10176349092000
1385530616008;540.0;10176534944000
1385530616044;525.0;10176575776000
1385530616138;510.0;10176670259000
1385530616466;525.0;10176997743000
1385530616584;540.0;10177115388000
1385530616950;555.0;10177481843000
1385530617012;540.0;10177544465000
1385530617138;555.0;10177670289000
1385530617381;540.0;10177912294000
1385530617513;525.0;10178045015000
1385530617575;510.0;10178107118000
1385530617637;495.0;10178169435000
1385530617669;465.0;10178200776000
1385530617739;450.0;10178270936000
1385530617802;435.0;10178334138000
1385530617833;420.0;10178365236000
1385530617895;390.0;10178427247000
1385530617958;375.0;10178489717000
1385530618057;360.0;10178588838000
1385530618098;345.0;10178629091000
1385530618148;330.0;10178679384000
1385530618262;315.0;10178793885000
1385530618295;300.0;10178826722000
1385530618386;270.0;10178917848000
1385530618419;255.0;10178950685000
1385530618450;240.0;10178981843000
1385530618513;225.0;10179044893000
1385530618584;210.0;10179115937000
1385530618622;195.0;10179153688000
1385530618699;180.0;10179231721000
1385530618857;165.0;10179388551000
1385530619012;150.0;10179544343000
1385530619169;135.0;10179700715000
1385530619294;120.0;10179826143000
1385530619575;105.0;10180106904000
1385530619895;90.0;10180427308000
1385530620286;75.0;10180817994000
1385530620778;60.0;10181309968000
1385530620873;75.0;10181404878000
1385530620959;60.0;10181490388000
1385530621177;45.0;10181708528000
1385530621575;30.0;10182107087000
1385530623106;15.0;10183638276000
1385530623553;30.0;10184084901000
1385530623716;15.0;10184248140000
1385530627958;0.0;10188490297000
1385530628021;15.0;10188553224000
1385530630051;30.0;10190583467000
1385530630115;15.0;10190646577000
1385530630176;30.0;10190708406000
1385530631097;45.0;10191628694000
1385530631224;30.0;10191755403000
1385530631364;45.0;10191896577000
1385530635724;30.0;10196179261000
1385530636823;15.0;10197278749000
1385530639261;0.0;10199716340000
1385530639472;15.0;10199927217000
1385530640535;0.0;10200990327000
1385530641200;15.0;10201655397000
1385530642292;0.0;10202747529000
1385530642511;15.0;10202966310000
1385530643567;0.0;10204022462000
1385530643767;15.0;10204222352000
1385530643839;0.0;10204294526000
1385530643954;15.0;10204409578000
1385530644465;0.0;10204920045000
1385530644937;15.0;10205392762000
1385530645550;0.0;10206005311000
1385530645737;15.0;10206192872000
1385530645995;0.0;10206450624000
1385530646058;15.0;10206513215000
1385530648815;30.0;10209270936000
1385530649472;45.0;10209927125000
1385530650526;60.0;10210981996000
1385530651925;75.0;10212380433000
1385530652253;60.0;10212708406000
1385530653220;45.0;10213675081000
1385530653409;60.0;10213864686000
1385530653472;45.0;10213927736000
1385530653534;60.0;10213989747000
1385530653691;45.0;10214146730000
1385530653963;60.0;10214419282000
1385530654402;75.0;10214857698000
1385530654479;60.0;10214935151000
1385530654582;75.0;10215035341000
1385530654651;60.0;10215106904000
1385530654940;75.0;10215395845000
1385530655284;90.0;10215739747000
1385530655440;105.0;10215895875000
1385530655722;120.0;10216177125000
1385530655943;135.0;10216398683000
1385530655980;150.0;10216435029000
1385530656011;165.0;10216466310000
1385530656074;180.0;10216528932000
1385530656167;195.0;10216622590000
1385530656230;210.0;10216685548000
1385530656292;225.0;10216747468000
1385530656387;240.0;10216842256000
1385530656550;225.0;10217005983000
1385530656776;240.0;10217231965000
1385530656902;255.0;10217357942000
1385530656989;270.0;10217444459000
1385530657160;285.0;10217615388000
1385530657269;300.0;10217724153000
1385530657456;285.0;10217911653000
1385530657487;270.0;10217942964000
1385530657667;285.0;10218122468000
1385530657839;300.0;10218294893000
1385530657933;315.0;10218388154000
1385530658115;330.0;10218570070000
1385530658284;315.0;10218739717000
1385530658440;300.0;10218895875000
1385530658706;315.0;10219161103000
1385530658801;330.0;10219255983000
1385530658925;345.0;10219380464000
1385530659050;360.0;10219505769000
1385530659277;345.0;10219732118000
1385530659370;330.0;10219825563000
1385530659433;345.0;10219888063000
1385530659589;360.0;10220044343000
1385530659698;375.0;10220153932000
1385530659824;390.0;10220279359000
1385530659917;405.0;10220372529000
1385530660136;390.0;10220591371000
1385530660261;375.0;10220716768000
1385530660323;360.0;10220778840000
1385530660608;375.0;10221061403000
1385530660972;360.0;10221427186000
1385530661097;345.0;10221552125000
1385530661485;360.0;10221940797000
1385530661667;375.0;10222122407000
1385530662145;360.0;10222600099000
1385530662378;375.0;10222833467000
1385530662628;390.0;10223083925000
1385530662792;405.0;10223247560000
1385530663112;390.0;10223567964000
1385530663212;405.0;10223667634000
1385530663401;420.0;10223856904000
1385530663683;435.0;10224138368000
1385530663964;420.0;10224419465000
1385530664245;435.0;10224701051000
1385530664340;450.0;10224795259000
1385530664558;465.0;10225013673000
1385530664621;480.0;10225076112000
1385530664784;495.0;10225239747000
1385530665019;510.0;10225474611000
1385530665081;525.0;10225536622000
1385530665112;540.0;10225567933000
1385530665237;555.0;10225692750000
1385530665456;570.0;10225911561000
1385530665839;555.0;10226294282000
1385530665965;540.0;10226420259000
1385530666183;555.0;10226638704000
1385530666741;540.0;10227196290000
1385530666917;525.0;10227372926000
1385530667011;555.0;10227466523000
1385530667073;585.0;10227528840000
1385530667105;615.0;10227560914000
1385530667191;630.0;10227646119000
1385530667230;645.0;10227685182000
1385530667323;660.0;10227778901000
1385530667756;645.0;10228210634000
1385530667892;660.0;10228347596000
1385530667987;645.0;10228442750000
1385530668339;630.0;10228794862000
1385530668433;615.0;10228888185000
1385530668558;600.0;10229013032000
1385530668625;585.0;10229077913000
1385530668673;570.0;10229128267000
1385530668792;555.0;10229248079000
1385530668907;540.0;10229363008000
1385530669004;525.0;10229459871000
1385530669058;510.0;10229513429000
1385530669145;495.0;10229600557000
1385530669245;480.0;10229700990000
1385530669339;465.0;10229794893000
1385530669433;450.0;10229888154000
1385530669495;435.0;10229950624000
1385530669558;420.0;10230013063000
1385530669589;390.0;10230044801000
1385530669777;330.0;10230232789000
1385530669817;300.0;10230272065000
1385530669854;285.0;10230310182000
1385530669899;270.0;10230354829000
1385530669948;240.0;10230404023000
1385530670026;225.0;10230481935000
1385530670067;195.0;10230522828000
1385530670113;165.0;10230569001000
1385530670156;135.0;10230612123000
1385530670247;120.0;10230701936000
1385530670315;105.0;10230770265000
1385530671042;90.0;10231497621000
1385530671323;75.0;10231778840000
1385530671604;60.0;10232059968000
1385530673933;45.0;10234388887000
1385530675080;30.0;10235536409000
1385530676385;15.0;10236841218000
1385530677284;0.0;10237739625000
1385530677347;15.0;10237802247000
1385530677503;0.0;10237958406000
1385530677566;15.0;10238021699000
1385530677722;0.0;10238177400000
1385530677953;15.0;10238408784000
1385530678188;0.0;10238643739000
1385530678302;15.0;10238757997000
1385530678275;0.0;10239100251000
1385530678466;15.0;10239290651000
1385530678990;0.0;10239815522000
1385530679783;15.0;10240607057000
1385530679846;0.0;10240670045000
1385530680845;15.0;10241669404000
1385530681126;30.0;10241950563000
1385530681399;15.0;10242224000000
1385530681720;0.0;10242544404000
1385530681782;15.0;10242606965000
1385530681884;0.0;10242708375000
1385530684320;15.0;10245144624000
1385530684423;0.0;10245247468000
1385530703682;15.0;10264506135000
1385530703838;0.0;10264662202000
1385530704057;15.0;10264881135000
1385530704275;0.0;10265099092000
1385530704407;15.0;10265231782000
1385530704782;0.0;10265607026000
1385530704864;15.0;10265688752000
1385530706157;30.0;10266981843000
1385530706915;45.0;10267739656000
1385530706978;30.0;10267802125000
1385530707197;45.0;10268021363000
1385530707322;30.0;10268146913000
1385530707867;45.0;10268691591000
1385530707907;30.0;10268731782000
1385530709212;15.0;10270036744000
1385530711861;0.0;10272685121000
1385530711955;15.0;10272779084000
1385530712261;0.0;10273083863000
1385530726048;15.0;10286872560000
1385530726110;0.0;10286934938000
1385530726173;15.0;10286997438000
1385530726267;0.0;10287091279000
1385530731962;15.0;10292786988000
1385530732306;0.0;10293130433000
1385530733197;15.0;10294021699000
1385530733423;0.0;10294247560000
1385530733674;15.0;10294498170000
1385530734018;0.0;10294842103000
1385530734321;15.0;10295146150000
1385530735444;0.0;10296268312000
1385530736236;15.0;10297060151000
1385530738767;0.0;10299591249000
1385530739267;15.0;10300091218000
1385530739986;0.0;10300810579000
1385530748511;15.0;10309335176000
1385530748720;0.0;10309544526000
1385530749082;15.0;10309906404000
1385530750751;30.0;10311575776000
1385530753572;45.0;10314396363000
1385530753667;60.0;10314491182000
1385530753722;75.0;10314545930000
1385530753759;90.0;10314583589000
1385530753791;105.0;10314615205000
1385530753853;120.0;10314677156000
1385530753915;150.0;10314739778000
1385530753978;180.0;10314802217000
1385530754009;195.0;10314833497000
1385530754134;210.0;10314958467000
1385530754259;225.0;10315083619000
1385530754774;210.0;10315599000000
1385530755160;225.0;10315984376000
1385530755853;240.0;10316677919000
1385530755916;255.0;10316740358000
1385530755947;285.0;10316772004000
1385530756050;375.0;10316873964000
1385530756087;390.0;10316911714000
1385530756219;345.0;10317043672000
1385530756282;375.0;10317106782000
1385530756346;405.0;10317170442000
1385530756464;450.0;10317287904000
1385530756541;555.0;10317365541000
1385530756571;570.0;10317395967000
1385530756666;630.0;10317490205000
1385530756728;795.0;10317552278000
1385530756790;1005.0;10317614625000
1385530756874;1065.0;10317698762000
1385530756923;1200.0;10317744050000
1385530756993;1065.0;10317817750000
1385530757056;885.0;10317880342000
1385530757118;795.0;10317942933000
1385530757181;750.0;10318005311000
1385530757243;765.0;10318067750000
1385530757470;990.0;10318294496000
1385530757501;1095.0;10318325654000
1385530757564;1065.0;10318388063000
1385530757627;990.0;10318451753000
1385530757683;945.0;10318506746000
1385530757746;885.0;10318569978000
1385530757782;855.0;10318606782000
1385530757845;795.0;10318669404000
1385530757908;660.0;10318732484000
1385530757956;465.0;10318781007000
1385530758035;315.0;10318859407000
1385530758094;225.0;10318918763000
1385530758126;135.0;10318950715000
1385530758158;120.0;10318982057000
1385530758221;105.0;10319045137000
1385530758345;90.0;10319169862000
1385530758446;75.0;10319270936000
1385530758596;60.0;10319420411000
1385530758642;45.0;10319466920000
1385530759267;30.0;10320091707000
1385530759330;45.0;10320154573000
1385530759400;30.0;10320224458000
1385530760595;15.0;10321419862000
1385530760745;30.0;10321569642000
1385530760783;15.0;10321607881000
1385530761321;30.0;10322146028000
1385530761767;15.0;10322591340000
1385530761829;30.0;10322653749000
1385530764962;45.0;10325786622000
1385530765025;30.0;10325849519000
1385530765087;45.0;10325911500000
1385530766502;60.0;10327326173000
1385530766564;45.0;10327388490000
1385530766626;60.0;10327450837000
1385530766783;45.0;10327607423000
1385530766845;60.0;10327669496000
1385530766923;45.0;10327747560000
1385530767018;60.0;10327842073000
1385530767720;75.0;10328544313000
1385530767783;60.0;10328607515000
1385530768009;75.0;10328833406000
1385530768396;90.0;10329220613000
1385530768571;105.0;10329395875000
1385530768961;120.0;10329785951000
1385530769013;135.0;10329837953000
1385530769173;150.0;10329997529000
1385530769400;165.0;10330224366000
1385530769650;180.0;10330474000000
1385530769900;195.0;10330724122000
1385530770080;210.0;10330904298000
1385530770541;225.0;10331365785000
1385530770829;240.0;10331653688000
1385530771783;255.0;10332607393000
1385530771877;240.0;10332701387000
1385530771939;255.0;10332763124000
1385530772080;240.0;10332904359000
1385530772424;255.0;10333248048000
1385530772705;270.0;10333529268000
1385530772861;255.0;10333685975000
1385530772986;240.0;10333810426000
1385530773814;225.0;10334638246000
1385530773936;210.0;10334760347000
1385530773970;195.0;10334794282000
1385530774172;180.0;10334997255000
1385530774533;165.0;10335357667000
1385530774603;150.0;10335427217000
1385530774696;135.0;10335520875000
1385530774790;120.0;10335614625000
1385530774853;105.0;10335677247000
1385530774978;90.0;10335802247000
1385530775197;75.0;10336021028000
1385530775641;60.0;10336466249000
1385530777196;45.0;10338020967000
1385530777454;60.0;10338278871000
1385530777517;45.0;10338341829000
1385530778734;30.0;10339558748000
1385530780072;45.0;10340896089000
1385530780166;30.0;10340990236000
1385530780290;45.0;10341114808000
1385530780463;30.0;10341287416000
1385530782431;15.0;10343255525000
1385530782494;30.0;10343318605000
1385530782650;15.0;10343474061000
1385530801720;30.0;10362544404000
1385530802603;45.0;10363427278000
1385530803040;60.0;10363864717000
1385530803228;75.0;10364052186000
1385530803321;90.0;10364145814000
1385530803562;105.0;10364386567000
1385530803704;120.0;10364529023000
1385530803855;150.0;10364679322000
1385530804048;165.0;10364872529000
1385530804111;180.0;10364935029000
1385530804267;195.0;10365091432000
1385530804329;180.0;10365153779000
1385530804486;195.0;10365310151000
1385530804976;210.0;10365796449000
1385530805259;195.0;10366084016000
1385530805923;180.0;10366747560000
1385530806048;165.0;10366872377000
1385530806079;150.0;10366903657000
1385530806204;135.0;10367028871000
1385530806298;120.0;10367122377000
1385530806539;105.0;10367363893000
1385530806626;90.0;10367450593000
1385530807306;105.0;10368130830000
1385530807814;120.0;10368638734000
1385530807970;135.0;10368794984000
1385530808415;150.0;10369239656000
1385530808509;165.0;10369333375000
1385530808572;180.0;10369396882000
1385530808645;210.0;10369469545000
1385530808690;240.0;10369514680000
1385530808760;285.0;10369583955000
1385530808790;345.0;10369614503000
1385530808853;420.0;10369677827000
1385530808946;540.0;10369770906000
1385530808978;630.0;10369802827000
1385530809010;675.0;10369834504000
1385530809117;720.0;10369942292000
1385530809162;750.0;10369987153000
1385530809273;765.0;10370097688000
1385530809353;780.0;10370177217000
1385530809535;690.0;10370359468000
1385530809579;600.0;10370403901000
1385530809650;570.0;10370474885000
1385530809681;525.0;10370505220000
1385530809743;465.0;10370567933000
1385530809829;450.0;10370653962000
1385530810033;465.0;10370857087000
1385530810064;480.0;10370888276000
1385530810127;465.0;10370951204000
1385530810400;450.0;10371224061000
1385530810525;465.0;10371349916000
1385530810618;450.0;10371442750000
1385530810681;435.0;10371505342000
1385530810743;450.0;10371567903000
1385530810774;480.0;10371599031000
1385530810837;510.0;10371661561000
1385530810900;540.0;10371724122000
1385530810962;570.0;10371786592000
1385530811126;555.0;10371950654000
1385530811415;570.0;10372239686000
1385530811572;585.0;10372396516000
1385530811665;600.0;10372489686000
1385530811728;570.0;10372552736000
1385530811790;540.0;10372614778000
1385530811822;525.0;10372646058000
1385530811892;555.0;10372716890000
1385530812056;540.0;10372880983000
1385530812118;570.0;10372942720000
1385530812275;555.0;10373099946000
1385530812337;540.0;10373161836000
1385530812439;525.0;10373263154000
1385530812606;555.0;10373428621000
1385530812689;525.0;10373513948000
1385530812782;570.0;10373607026000
1385530812845;630.0;10373669404000
1385530812877;660.0;10373701509000
1385530813001;675.0;10373825685000
1385530813282;690.0;10374106935000
1385530813382;705.0;10374206147000
1385530813446;735.0;10374270814000
1385530813509;780.0;10374333497000
1385530813540;810.0;10374364747000
1385530813689;765.0;10374513429000
1385530813744;375.0;10374568757000
1385530814157;585.0;10374981782000
1385530814220;840.0;10375044465000
1385530814283;825.0;10375106935000
1385530814383;840.0;10375207124000
1385530814447;825.0;10375270845000
1385530814764;810.0;10375589051000
1385530814861;825.0;10375685121000
1385530815204;810.0;10376028779000
1385530815431;795.0;10376255342000
1385530815524;780.0;10376349031000
1385530815658;765.0;10376481935000
1385530815720;750.0;10376544435000
1385530815751;735.0;10376575776000
1385530815939;720.0;10376763185000
1385530816033;750.0;10376857881000
1385530816135;765.0;10376959504000
1385530816223;795.0;10377046907000
1385530816259;855.0;10377083802000
1385530816353;945.0;10377177217000
1385530816389;930.0;10377213472000
1385530816485;900.0;10377309999000
1385530816579;855.0;10377403749000
1385530816642;810.0;10377466279000
1385530816704;795.0;10377528749000
1385530816767;780.0;10377591768000
1385530816798;765.0;10377622499000
1385530816861;750.0;10377685151000
1385530817017;780.0;10377841249000
1385530817048;795.0;10377872987000
1385530817079;825.0;10377903779000
1385530817168;900.0;10377991792000
1385530817204;1020.0;10378028627000
1385530817267;840.0;10378091188000
1385530817298;705.0;10378122560000
1385530817433;780.0;10378257875000
1385530817487;930.0;10378311921000
1385530817525;1035.0;10378349031000
1385530817587;990.0;10378411653000
1385530817651;930.0;10378475068000
1385530817681;840.0;10378505647000
1385530817743;780.0;10378567811000
1385530817806;765.0;10378630769000
1385530817931;795.0;10378755891000
1385530817962;855.0;10378786897000
1385530818024;960.0;10378848939000
1385530818088;1095.0;10378912629000
1385530818175;1080.0;10378999482000
1385530818260;1110.0;10379084565000
1385530818361;990.0;10379185243000
1385530818439;855.0;10379263215000
1385530818470;780.0;10379294465000
1385530818565;705.0;10379389405000
1385530818603;630.0;10379427308000
1385530818657;585.0;10379481721000
1385530818698;570.0;10379523103000
1385530818798;555.0;10379622468000
1385530819134;570.0;10379958467000
1385530819196;555.0;10380020845000
1385530819291;540.0;10380115724000
1385530819571;555.0;10380395875000
1385530819697;570.0;10380520936000
1385530819728;585.0;10380552644000
1385530819853;600.0;10380677217000
1385530819915;615.0;10380739686000
1385530819946;630.0;10380770967000
1385530820259;570.0;10381083619000
1385530820291;555.0;10381115297000
1385530820353;540.0;10381177552000
1385530820696;555.0;10381520814000
1385530820885;570.0;10381709077000
1385530821017;555.0;10381841340000
1385530821081;525.0;10381905092000
1385530821118;510.0;10381942994000
1385530821182;495.0;10382006135000
1385530821275;480.0;10382099702000
1385530821665;495.0;10382489564000
1385530821790;510.0;10382614808000
1385530821946;495.0;10382770936000
1385530822103;480.0;10382927736000
1385530822314;495.0;10383138673000
1385530822352;510.0;10383176332000
1385530822393;525.0;10383217561000
1385530822470;540.0;10383294404000
1385530822501;555.0;10383325715000
1385530822631;570.0;10383452089000
1385530822721;600.0;10383544862000
1385530822790;615.0;10383614778000
1385530823011;600.0;10383835054000
1385530823330;615.0;10384154207000
1385530823431;630.0;10384255677000
1385530823618;645.0;10384442903000
1385530823735;630.0;10384559938000
1385530823768;615.0;10384592683000
1385530823861;600.0;10384685579000
1385530823972;585.0;10384795747000
1385530824103;600.0;10384927125000
1385530824486;615.0;10385310487000
1385530824704;600.0;10385528627000
1385530824829;585.0;10385653840000
1385530825050;600.0;10385874116000
1385530825212;585.0;10386036470000
1385530825275;570.0;10386099244000
1385530825501;585.0;10386325593000
1385530825595;600.0;10386419404000
1385530825875;615.0;10386699342000
1385530825978;630.0;10386802339000
1385530826103;645.0;10386927125000
1385530826166;660.0;10386990205000
1385530826259;675.0;10387083558000
1385530826321;690.0;10387145936000
1385530826486;675.0;10387310579000
1385530826548;660.0;10387372590000
1385530826617;630.0;10387441316000
1385530826650;615.0;10387474183000
1385530826775;600.0;10387599183000
1385530826817;585.0;10387641908000
1385530826978;600.0;10387802339000
1385530827040;615.0;10387864717000
1385530827138;630.0;10387962709000
1385530827173;645.0;10387997529000
1385530827205;675.0;10388029481000
1385530827298;660.0;10388122651000
1385530827462;630.0;10388286653000
1385530827493;600.0;10388317750000
1385530827525;570.0;10388349672000
1385530827606;555.0;10388430665000
1385530827907;570.0;10388731996000
1385530828134;555.0;10388958558000
1385530828197;570.0;10389021425000
1385530828267;555.0;10389091401000
1385530828532;570.0;10389356630000
1385530828675;585.0;10389499208000
1385530828725;600.0;10389550172000
1385530828777;615.0;10389601106000
1385530828822;630.0;10389646486000
1385530828859;660.0;10389683107000
1385530828940;675.0;10389763856000
1385530829003;690.0;10389826570000
1385530829041;720.0;10389865602000
1385530829181;705.0;10390005342000
1385530829244;690.0;10390068513000
1385530829306;660.0;10390130433000
1385530829368;645.0;10390192903000
1385530829408;630.0;10390232759000
1385530829470;615.0;10390294374000
1385530829604;630.0;10390429048000
1385530829853;645.0;10390677247000
1385530829915;660.0;10390739747000
1385530830071;645.0;10390895875000
1385530830134;630.0;10390958467000
1385530830197;600.0;10391021058000
1385530830228;585.0;10391052339000
1385530830290;570.0;10391114747000
1385530830353;555.0;10391177247000
1385530830571;570.0;10391395906000
1385530830791;585.0;10391615632000
1385530830946;570.0;10391770936000
1385530831008;525.0;10391833345000
1385530831071;510.0;10391895845000
1385530831219;495.0;10392022462000
1385530831399;510.0;10392223939000
1385530831580;525.0;10392405122000
1385530831665;540.0;10392489808000
1385530831712;570.0;10392536409000
1385530831744;615.0;10392568238000
1385530831775;660.0;10392599153000
1385530831837;675.0;10392661622000
1385530831901;660.0;10392725038000
1385530831994;645.0;10392818574000
1385530832058;630.0;10392882051000
1385530832095;615.0;10392919587000
1385530832127;600.0;10392951204000
1385530832189;585.0;10393013154000
1385530832283;570.0;10393107484000
1385530832345;585.0;10393169526000
1385530832415;600.0;10393239869000
1385530832509;615.0;10393333741000
1385530832571;660.0;10393395814000
1385530832604;705.0;10393428132000
1385530832665;780.0;10393489808000
1385530832728;855.0;10393552125000
1385530832799;915.0;10393623689000
1385530832845;960.0;10393670015000
1385530832908;900.0;10393732698000
1385530832939;780.0;10393763429000
1385530833002;675.0;10393826600000
1385530833096;630.0;10393919984000
1385530833142;615.0;10393966310000
1385530833173;600.0;10393997560000
1385530833236;630.0;10394060060000
1385530833267;645.0;10394091340000
1385530833329;630.0;10394153779000
1385530833431;645.0;10394255250000
1385530833462;705.0;10394286561000
1385530833494;750.0;10394318300000
1385530833556;765.0;10394380342000
1385530833626;720.0;10394450715000
1385530833673;630.0;10394498048000
1385530833744;495.0;10394568635000
1385530833821;375.0;10394645875000
1385530833853;315.0;10394677247000
1385530833885;285.0;10394709474000
1385530834064;255.0;10394889192000
1385530834579;270.0;10395403657000
1385530834618;285.0;10395441407000
1385530834681;315.0;10395505494000
1385530834712;330.0;10395536348000
1385530834775;345.0;10395599061000
1385530834838;360.0;10395662233000
1385530834868;375.0;10395692872000
1385530834931;390.0;10395755189000
1385530834993;420.0;10395817842000
1385530835056;465.0;10395880738000
1385530835118;480.0;10395942750000
1385530835220;495.0;10396044282000
1385530835283;525.0;10396107850000
1385530835338;555.0;10396162507000
1385530835382;600.0;10396206422000
1385530835446;660.0;10396270906000
1385530835478;720.0;10396302064000
1385530835603;690.0;10396427766000
1385530835697;705.0;10396521577000
1385530835728;690.0;10396552186000
1385530835759;645.0;10396583406000
1385530835821;600.0;10396645936000
1385530835885;585.0;10396708925000
1385530835978;600.0;10396802125000
1385530836041;570.0;10396865236000
1385530836103;585.0;10396927278000
1385530836194;645.0;10397018983000
1385530836236;720.0;10397060182000
1385530836267;780.0;10397091798000
1385530836361;840.0;10397185518000
1385530836401;930.0;10397225343000
1385530836494;825.0;10397318238000
1385530836587;840.0;10397411470000
1385530836679;795.0;10397503083000
1385530836795;705.0;10397619996000
1385530836864;660.0;10397688874000
1385530836931;690.0;10397755372000
1385530837025;780.0;10397849275000
1385530837087;870.0;10397911500000
1385530837164;915.0;10397988038000
1385530837197;975.0;10398021638000
1385530837260;1005.0;10398083986000
1385530837322;1020.0;10398146394000
1385530837390;930.0;10398214113000
1385530837423;870.0;10398247621000
1385530837486;885.0;10398310395000
1385530837548;855.0;10398372468000
1385530837579;735.0;10398403810000
1385530837650;660.0;10398474214000
1385530837712;630.0;10398536561000
1385530837743;615.0;10398567964000
1385530837806;645.0;10398630311000
1385530837962;690.0;10398787019000
1385530837993;765.0;10398817811000
1385530838025;840.0;10398849458000
1385530838087;990.0;10398912019000
1385530838149;1155.0;10398973970000
1385530838212;1185.0;10399036927000
1385530838306;1035.0;10399130983000
1385530838374;915.0;10399199250000
1385530838407;810.0;10399231813000
1385530838469;675.0;10399294282000
1385530838532;600.0;10399356935000
1385530838604;570.0;10399428468000
1385530838649;540.0;10399473970000
1385530838821;525.0;10399645936000
1385530838915;555.0;10399739778000
1385530838978;585.0;10399802247000
1385530839041;600.0;10399865205000
1385530839134;585.0;10399958558000
1385530839197;555.0;10400021455000
1385530839259;510.0;10400083619000
1385530839291;420.0;10400115113000
1385530839353;345.0;10400177186000
1385530839423;300.0;10400247590000
1385530839559;285.0;10400384095000
1385530839650;270.0;10400474000000
1385530839728;255.0;10400542848000
1385530839915;270.0;10400739625000
1385530839978;285.0;10400802186000
1385530840009;315.0;10400833467000
1385530840072;330.0;10400896028000
1385530840134;315.0;10400958558000
1385530840290;300.0;10401114686000
1385530840353;285.0;10401177217000
1385530840423;270.0;10401247621000
1385530840861;285.0;10401685060000
1385530840924;300.0;10401748567000
1385530840978;315.0;10401802858000
1385530841080;300.0;10401904268000
1385530841142;285.0;10401966340000
1385530841173;270.0;10401997529000
1385530841259;255.0;10402083741000
1385530841418;240.0;10402241761000
1385530841454;225.0;10402278901000
1385530842000;240.0;10402823884000
1385530842033;255.0;10402857026000
1385530842064;270.0;10402888276000
1385530842220;285.0;10403044465000
1385530842392;300.0;10403216737000
1385530842517;315.0;10403341188000
1385530842579;330.0;10403403810000
1385530842675;345.0;10403499025000
1385530842789;420.0;10403613740000
1385530842884;405.0;10403708467000
1385530843009;375.0;10403833375000
1385530843103;360.0;10403927339000
1385530843136;330.0;10403960267000
1385530843173;315.0;10403998018000
1385530843462;330.0;10404286592000
1385530843556;345.0;10404380311000
1385530843634;360.0;10404458863000
1385530843689;375.0;10404513887000
1385530843785;390.0;10404609102000
1385530843853;375.0;10404677339000
1385530843884;360.0;10404708406000
1385530843947;345.0;10404771089000
1385530844009;330.0;10404833650000
1385530844111;315.0;10404935182000
1385530844407;330.0;10405231935000
1385530844439;345.0;10405263765000
1385530844501;360.0;10405325715000
1385530844564;375.0;10405388124000
1385530844626;360.0;10405450593000
1385530844721;345.0;10405545472000
1385530844812;330.0;10405636476000
1385530844847;315.0;10405670747000
1385530844947;300.0;10405771547000
1385530845098;285.0;10405922944000
1385530845142;270.0;10405966371000
1385530845329;285.0;10406153749000
1385530845401;315.0;10406225709000
1385530845455;345.0;10406279481000
1385530845556;360.0;10406380220000
1385530845618;345.0;10406442811000
1385530845723;330.0;10406546510000
1385530845790;315.0;10406614717000
1385530845821;300.0;10406645997000
1385530845884;285.0;10406708497000
1385530845946;270.0;10406770875000
1385530845978;255.0;10406802095000
1385530846042;240.0;10406866212000
1385530846166;255.0;10406990175000
1385530846322;270.0;10407146974000
1385530846430;255.0;10407255189000
1385530846494;225.0;10407318208000
1385530846557;195.0;10407380983000
1385530846674;180.0;10407498506000
1385530846704;165.0;10407529176000
1385530846985;180.0;10407810029000
1385530847048;165.0;10407872682000
1385530847204;180.0;10408028688000
1385530847329;165.0;10408153932000
1385530847431;180.0;10408255311000
1385530847916;195.0;10408739686000
1385530848431;210.0;10409255494000
1385530848698;225.0;10409522889000
1385530848806;240.0;10409630342000
1385530848868;255.0;10409692781000
1385530848931;270.0;10409755281000
1385530849025;285.0;10409849153000
1385530849087;300.0;10409911592000
1385530849243;315.0;10410067720000
1385530849306;330.0;10410130189000
1385530849368;345.0;10410192842000
1385530849439;360.0;10410263643000
1385530849470;375.0;10410294343000
1385530849533;390.0;10410357545000
1385530849596;405.0;10410420167000
1385530849651;420.0;10410475404000
1385530849783;435.0;10410607637000
1385530849829;450.0;10410653688000
1385530850251;465.0;10411075715000
1385530850415;480.0;10411239625000
1385530850760;495.0;10411583955000
1385530850916;510.0;10411739625000
1385530851228;525.0;10412052247000
1385530851259;540.0;10412083497000
1385530851454;525.0;10412278779000
1385530851861;510.0;10412685243000
1385530851954;495.0;10412778688000
1385530852017;480.0;10412841310000
1385530852080;465.0;10412904268000
1385530852142;450.0;10412966279000
1385530852173;435.0;10412997865000
1385530852268;420.0;10413091920000
1385530852306;390.0;10413130311000
1385530852337;360.0;10413161714000
1385530852407;345.0;10413231904000
1385530852470;330.0;10413294435000
1385530852563;300.0;10413388032000
1385530852626;285.0;10413450502000
1385530852720;270.0;10413544832000
1385530852783;255.0;10413607393000
1385530852845;225.0;10413669252000
1385530852907;210.0;10413731874000
1385530853001;195.0;10413825624000
1385530853064;180.0;10413888093000
1385530853188;165.0;10414013124000
1385530853556;150.0;10414380830000
1385530853892;135.0;10414716310000
1385530854173;120.0;10414998048000
1385530854493;105.0;10415317750000
1385530854900;90.0;10415724122000
1385530855173;75.0;10415996705000
1385530855618;60.0;10416442872000
1385530855900;45.0;10416724122000
1385530856389;30.0;10417213441000
1385530858650;15.0;10419474519000
1385530865229;30.0;10426053499000
1385530867290;45.0;10428114167000
1385530867783;60.0;10428607118000
1385530868252;75.0;10429076356000
1385530868315;60.0;10429139161000
1385530868428;75.0;10429252504000
1385530868493;60.0;10429317811000
1385530868666;75.0;10429490541000
1385530868884;90.0;10429708436000
1385530869165;105.0;10429989808000
1385530869844;120.0;10430669069000
1385530869916;135.0;10430740297000
1385530870041;150.0;10430865052000
1385530870103;165.0;10430927125000
1385530870253;180.0;10431078218000
1385530870329;195.0;10431154207000
1385530870482;225.0;10431307008000
1385530870556;240.0;10431380952000
1385530870621;255.0;10431445680000
1385530870689;270.0;10431513276000
1385530870751;285.0;10431575593000
1385530870908;300.0;10431732118000
1385530870970;315.0;10431794587000
1385530871033;330.0;10431856874000
1385530871126;315.0;10431950929000
1385530871189;330.0;10432013307000
1385530871251;345.0;10432075868000
1385530871354;360.0;10432177980000
1385530871389;375.0;10432213929000
1385530871580;390.0;10432404725000
1385530871689;405.0;10432513459000
1385530871751;420.0;10432575685000
1385530871955;435.0;10432779573000
1385530872142;420.0;10432966493000
1385530872360;435.0;10433184999000
1385530872432;525.0;10433256074000
1385530872488;645.0;10433312257000
1385530872594;660.0;10433418977000
1385530872751;615.0;10433575654000
1385530872783;585.0;10433607484000
1385530873126;615.0;10433950776000
1385530873189;675.0;10434013276000
1385530873251;750.0;10434075715000
1385530873284;810.0;10434108522000
1385530873353;870.0;10434177186000
1385530873423;960.0;10434247590000
1385530873455;1035.0;10434278993000
1385530873517;945.0;10434341859000
1385530873580;870.0;10434404634000
1385530873612;780.0;10434436372000
1385530873698;660.0;10434522859000
1385530873776;615.0;10434600679000
1385530873814;600.0;10434638307000
1385530873845;585.0;10434669587000
1385530873908;570.0;10434732026000
1385530873970;585.0;10434794893000
1385530874001;615.0;10434825685000
1385530874064;630.0;10434888154000
1385530874126;675.0;10434950837000
1385530874189;750.0;10435013337000
1385530874221;825.0;10435045350000
1385530874303;870.0;10435125459000
1385530874350;900.0;10435171998000
1385530874459;870.0;10435284059000
1385530874502;825.0;10435326112000
1385530874555;750.0;10435375276000
1385530874587;645.0;10435411836000
1385530874619;570.0;10435443025000
1385530874682;510.0;10435506074000
1385530874783;450.0;10435607026000
1385530875010;465.0;10435834535000
1385530875109;495.0;10435933809000
1385530875142;570.0;10435966676000
1385530875181;615.0;10436005433000
1385530875212;630.0;10436036683000
1385530875393;600.0;10436218049000
1385530875449;525.0;10436272920000
1385530875486;450.0;10436310273000
1385530875518;405.0;10436342042000
1385530875548;375.0;10436372895000
1385530875611;360.0;10436435640000
1385530875674;345.0;10436498140000
1385530875736;330.0;10436560884000
1385530876219;315.0;10437043275000
1385530876282;300.0;10437106843000
1385530876345;285.0;10437169404000
1385530876376;270.0;10437200654000
1385530876447;255.0;10437271211000
1385530876728;270.0;10437552400000
1385530876791;285.0;10437615449000
1385530876884;300.0;10437708528000
1385530876947;315.0;10437771089000
1385530877010;330.0;10437834413000
1385530877103;345.0;10437927186000
1385530877165;360.0;10437989839000
1385530877228;405.0;10438052430000
1385530877259;420.0;10438083650000
1385530877321;435.0;10438145906000
1385530877390;465.0;10438214875000
1385530877454;495.0;10438278840000
1385530877486;510.0;10438310090000
1385530877548;525.0;10438372651000
1385530877611;540.0;10438435060000
1385530877674;555.0;10438498567000
1385530877729;585.0;10438552766000
1385530877923;600.0;10438747499000
1385530877986;615.0;10438810060000
1385530878132;630.0;10438956544000
1385530878182;660.0;10439006257000
1385530878212;675.0;10439036714000
1385530878657;705.0;10439481965000
1385530878775;690.0;10439599977000
1385530879103;705.0;10439927125000
1385530879321;690.0;10440145997000
1385530879423;675.0;10440247621000
1385530879704;660.0;10440528749000
1385530879846;645.0;10440670167000
1385530879877;630.0;10440701356000
1385530880033;660.0;10440857301000
1385530880095;675.0;10440919496000
1385530880189;690.0;10441013246000
1385530880479;720.0;10441303224000
1385530880669;705.0;10441493348000
1385530880929;735.0;10441753877000
1385530880978;750.0;10441802797000
1385530881040;735.0;10441864778000
1385530881071;720.0;10441895997000
1385530881197;705.0;10442021547000
1385530881259;690.0;10442083589000
1385530881664;675.0;10442480806000
1385530881797;690.0;10442615815000
1385530881931;675.0;10442755403000
1385530881962;660.0;10442786714000
1385530882025;645.0;10442849183000
1385530882087;630.0;10442911744000
1385530882166;600.0;10442990327000
1385530882259;585.0;10443083619000
1385530882423;570.0;10443247468000
1385530883017;585.0;10443841340000
1385530883212;600.0;10444037294000
1385530883291;630.0;10444115419000
1385530883353;615.0;10444177217000
1385530883592;600.0;10444416475000
1385530883640;585.0;10444464326000
1385530883705;570.0;10444529878000
1385530883783;555.0;10444607332000
1385530884212;540.0;10445036866000
1385530884298;525.0;10445122560000
1385530884397;510.0;10445221772000
1385530884557;495.0;10445381440000
1385530884782;480.0;10445606843000
1385530885126;495.0;10445950685000
1385530885416;480.0;10446240327000
1385530885447;465.0;10446271821000
1385530885665;450.0;10446489717000
1385530885869;465.0;10446693361000
1385530886119;450.0;10446943483000
1385530886182;435.0;10447006349000
1385530886337;420.0;10447161683000
1385530886439;405.0;10447263154000
1385530886564;420.0;10447388124000
1385530886626;405.0;10447450685000
1385530886845;390.0;10447669404000
1385530886939;375.0;10447763276000
1385530887001;360.0;10447825532000
1385530887095;345.0;10447919374000
1385530887126;330.0;10447950685000
1385530887158;315.0;10447982484000
1385530887220;285.0;10448044343000
1385530887282;270.0;10448106874000
1385530887345;255.0;10448169709000
1385530887410;240.0;10448234163000
1385530887477;225.0;10448301606000
1385530887509;210.0;10448333986000
1385530887603;195.0;10448427095000
1385530887892;180.0;10448716371000
1385530888368;165.0;10449192781000
1385530889087;150.0;10449911744000
1385530889423;135.0;10450247529000
1385530889877;120.0;10450701204000
1385530890095;105.0;10450919679000
1385530890462;90.0;10451286470000
1385530891626;75.0;10452450776000
1385530892962;60.0;10453786622000
1385530893948;75.0;10454771791000
1385530895057;60.0;10455881288000
1385530895447;45.0;10456271089000
1385530896892;60.0;10457716371000
1385530897056;75.0;10457880861000
1385530897345;90.0;10458169435000
1385530899291;105.0;10460115480000
1385530899368;90.0;10460192781000
1385530900024;105.0;10460848939000
1385530900087;90.0;10460911500000
1385530900251;105.0;10461075776000
1385530902329;90.0;10463153749000
1385530902595;105.0;10463419435000
1385530902783;195.0;10463607423000
1385530902846;225.0;10463670137000
1385530902876;270.0;10463700380000
1385530902909;315.0;10463732850000
1385530902986;360.0;10463810426000
1385530903017;405.0;10463841157000
1385530903079;390.0;10463903657000
1385530903142;435.0;10463966371000
1385530903213;480.0;10464037629000
1385530903251;495.0;10464075807000
1385530903321;525.0;10464145875000
1385530903353;570.0;10464177736000
1385530903454;720.0;10464278871000
1385530903517;705.0;10464341920000
1385530903579;690.0;10464403627000
1385530903666;705.0;10464490388000
1385530903759;690.0;10464583528000
1385530903861;675.0;10464685182000
1385530903924;690.0;10464748323000
1385530904017;660.0;10464841279000
1385530904079;675.0;10464903779000
1385530904141;690.0;10464966310000
1385530904173;705.0;10464997621000
1385530904357;735.0;10465175874000
1385530904412;795.0;10465237153000
1385530904494;780.0;10465318513000
1385530904533;765.0;10465357209000
1385530904564;750.0;10465388246000
1385530904626;735.0;10465450898000
1385530904689;720.0;10465513093000
1385530904862;735.0;10465686860000
1385530905025;750.0;10465849550000
1385530905056;780.0;10465880250000
1385530905118;810.0;10465942720000
1385530905181;840.0;10466005433000
1385530905244;900.0;10466067842000
1385530905345;870.0;10466169770000
1385530905525;780.0;10466349824000
1385530905585;765.0;10466409974000
1385530905636;720.0;10466460176000
1385530905682;660.0;10466505861000
1385530905743;645.0;10466567872000
1385530906025;660.0;10466849641000
1385530906057;675.0;10466881227000
1385530906145;720.0;10466968507000
1385530906200;765.0;10467024781000
1385530906235;780.0;10467059877000
1385530906353;765.0;10467177461000
1385530906384;720.0;10467208833000
1385530906454;690.0;10467278871000
1385530906525;675.0;10467349427000
1385530906557;660.0;10467381410000
1385530906642;645.0;10467466432000
1385530906673;630.0;10467497926000
1385530906820;645.0;10467644014000
1385530906924;675.0;10467748292000
1385530906993;690.0;10467817842000
1385530907025;720.0;10467849183000
1385530907119;705.0;10467943513000
1385530907181;660.0;10468005433000
1385530907212;615.0;10468036836000
1385530907282;585.0;10468107209000
1385530907401;630.0;10468225679000
1385530907471;510.0;10468295564000
1385530907525;480.0;10468349580000
1385530907563;450.0;10468387880000
1385530907657;435.0;10468481843000
1385530907720;420.0;10468544709000
1385530907789;405.0;10468613557000
1385530907941;390.0;10468765382000
1385530907977;375.0;10468802125000
1385530908040;360.0;10468864747000
1385530908072;345.0;10468896730000
1385530908103;330.0;10468927278000
1385530908166;315.0;10468990388000
1385530908392;285.0;10469216523000
1385530908470;300.0;10469295167000
1385530908917;315.0;10469741945000
1385530909134;300.0;10469959230000
1385530909294;285.0;10470119050000
1385530909876;300.0;10470700837000
1385530909977;285.0;10470802125000
1385530910040;270.0;10470864839000
1385530910165;255.0;10470989625000
1385530910401;270.0;10471225312000
1385530910759;285.0;10471583497000
1385530910884;270.0;10471708467000
1385530911117;255.0;10471941865000
1385530911548;240.0;10472373140000
1385530911633;255.0;10472458406000
1385530911666;285.0;10472489839000
1385530911696;315.0;10472520875000
1385530911760;330.0;10472584382000
1385530911862;345.0;10472686311000
1385530911993;330.0;10472817842000
1385530912025;315.0;10472849092000
1385530912259;330.0;10473083863000
1385530912431;345.0;10473255952000
1385530912462;360.0;10473286714000
1385530912525;375.0;10473349641000
1385530912588;360.0;10473412660000
1385530912715;345.0;10473538545000
1385530912814;315.0;10473638215000
1385530912908;300.0;10473732576000
1385530913032;285.0;10473856904000
1385530913126;300.0;10473950593000
1385530913251;315.0;10474075746000
1385530913353;330.0;10474177125000
1385530913455;345.0;10474279329000
1385530913587;330.0;10474411897000
1385530913650;315.0;10474474183000
1385530913697;300.0;10474522187000
1385530913892;285.0;10474717317000
1385530913979;270.0;10474802858000
1385530914228;285.0;10475052522000
1385530914298;300.0;10475123018000
1385530914525;285.0;10475348970000
1385530914588;270.0;10475412111000
1385530914682;255.0;10475506288000
1385530914845;240.0;10475669374000
1385530915134;255.0;10475958467000
1385530915228;270.0;10476052705000
1385530915361;255.0;10476185121000
1385530915471;240.0;10476295106000
1385530915558;225.0;10476382722000
1385530915627;210.0;10476451173000
1385530915751;195.0;10476575654000
1385530916134;180.0;10476958314000
1385530916229;165.0;10477053773000
1385530916321;150.0;10477145936000
1385530916432;135.0;10477256105000
1385530916526;120.0;10477350038000
1385530918298;135.0;10479122621000
1385530918493;150.0;10479317750000
1385530919002;165.0;10479826143000
1385530919189;180.0;10480013765000
1385530919363;195.0;10480187837000
1385530919472;210.0;10480295655000
1385530919759;195.0;10480583558000
1385530920182;210.0;10481006105000
1385530921369;195.0;10482193086000
1385530921658;180.0;10482482820000
1385530921792;165.0;10482616365000
1385530921830;150.0;10482654176000
1385530921861;135.0;10482685670000
1385530922003;120.0;10482827485000
1385530922143;105.0;10482967592000
1385530922213;90.0;10483037416000
1385530922321;75.0;10483145662000
1385530922580;60.0;10483404390000
1385530922923;45.0;10483747407000
1385530923003;60.0;10483826753000
1385530923104;45.0;10483928224000
1385530924478;30.0;10485302461000
1385530925697;15.0;10486521608000
1385530934197;30.0;10495021058000
1385530934298;15.0;10495122773000
1385530934361;30.0;10495185029000
1385530934868;45.0;10495692781000
1385530936696;60.0;10497520967000
1385530936790;45.0;10497614656000
1385530937017;60.0;10497841340000
1385530937111;45.0;10497935609000
1385530937173;60.0;10497997560000
1385530937564;45.0;10498388246000
1385530937626;60.0;10498450685000
1385530937784;45.0;10498608064000
1385530938502;60.0;10499326326000
1385530938774;45.0;10499598878000
1385530939783;30.0;10500607515000
1385530940470;15.0;10501294374000
1385530947572;30.0;10508396180000
1385530947727;15.0;10508552186000
1385530947853;30.0;10508677369000
1385530948354;15.0;10509178651000
1385530948431;30.0;10509255433000
1385530948892;45.0;10509716401000
1385530949517;60.0;10510341249000
1385530949839;75.0;10510663972000
1385530950165;90.0;10510989656000
1385530950673;105.0;10511497499000
1385530950985;120.0;10511809999000
1385530952109;135.0;10512404054000
1385530952162;150.0;10512457429000
1385530952251;165.0;10512545808000
1385530952637;180.0;10512932496000
1385530952757;195.0;10513051881000
1385530952812;225.0;10513107240000
1385530952861;240.0;10513155702000
1385530953132;270.0;10513427034000
1385530953197;300.0;10513491334000
1385530953281;330.0;10513575715000
1385530953313;345.0;10513607911000
1385530953366;360.0;10513660646000
1385530953469;375.0;10513763673000
1385530953501;390.0;10513795930000
1385530953586;420.0;10513880861000
1385530953681;435.0;10513975496000
1385530953750;450.0;10514045076000
1385530953843;465.0;10514138307000
1385530953906;450.0;10514200685000
1385530954016;465.0;10514310487000
1385530954085;480.0;10514380250000
1385530954268;495.0;10514561280000
1385530954857;480.0;10515152192000
1385530955475;465.0;10515769929000
1385530955828;450.0;10516122743000
1385530955858;435.0;10516153596000
1385530956117;420.0;10516411500000
1385530956273;405.0;10516567720000
1385530956398;390.0;10516692750000
1385530956492;375.0;10516786714000
1385530956617;360.0;10516911622000
1385530956773;345.0;10517067903000
1385530956835;330.0;10517130372000
1385530956999;315.0;10517294343000
1385530957032;300.0;10517326722000
1385530957100;285.0;10517395540000
1385530957154;270.0;10517448915000
1385530957243;255.0;10517537172000
1385530957289;240.0;10517583436000
1385530957382;225.0;10517677278000
1385530957774;210.0;10518068818000
1385530958086;195.0;10518380983000
1385530958727;180.0;10519021669000
1385530958953;165.0;10519248018000
1385530959384;150.0;10519678682000
1385530959688;165.0;10519983583000
1385530959875;180.0;10520169954000
1385530960023;195.0;10520317903000
1385530960148;210.0;10520443452000
1385530960414;225.0;10520708558000
1385530960566;240.0;10520859712000
1385530960695;255.0;10520989717000
1385530961394;285.0;10521689332000
1385530961632;300.0;10521927217000
1385530961984;285.0;10522278779000
1385530962211;300.0;10522506074000
1385530962368;315.0;10522662690000
1385530962618;300.0;10522912874000
1385530962720;285.0;10523014344000
1385530963218;300.0;10523513246000
1385530963343;315.0;10523638093000
1385530963405;300.0;10523700532000
1385530963469;285.0;10523763704000
1385530963531;270.0;10523825746000
1385530963617;255.0;10523911683000
1385530963687;240.0;10523982148000
1385530963782;225.0;10524076448000
1385530964413;210.0;10524708253000
1385530964515;195.0;10524809968000
1385530964734;180.0;10525028657000
1385530964796;195.0;10525091371000
1385530964867;180.0;10525162111000
1385530966062;195.0;10526356904000
1385530966406;180.0;10526700654000
1385530966947;195.0;10527241456000
1385530967398;180.0;10527692903000
1385530967556;195.0;10527850496000
1385530968374;210.0;10528669282000
1385530968562;225.0;10528856813000
1385530968675;240.0;10528970033000
1385530968711;255.0;10529005586000
1385530968843;270.0;10529138002000
1385530968874;285.0;10529169313000
1385530968946;300.0;10529240968000
1385530969001;315.0;10529295167000
1385530969210;300.0;10529505281000
1385530969358;315.0;10529653138000
1385530969492;330.0;10529786592000
1385530969695;360.0;10529990083000
1385530969726;375.0;10530021119000
1385530969757;390.0;10530052369000
1385530970023;375.0;10530317872000
1385530970054;360.0;10530349183000
1385530970204;345.0;10530490327000
1385530970227;330.0;10530521943000
1385530970492;345.0;10530786927000
1385530970587;360.0;10530881440000
1385530970680;375.0;10530974794000
1385530970742;390.0;10531036653000
1385530970773;405.0;10531067750000
1385530970875;375.0;10531169923000
1385530970945;360.0;10531240297000
1385530970976;345.0;10531270967000
1385530971039;330.0;10531333497000
1385530971101;315.0;10531396211000
1385530971468;330.0;10531763307000
1385530971531;360.0;10531826234000
1385530971657;375.0;10531951753000
1385530971749;360.0;10532044374000
1385530971819;345.0;10532113832000
1385530971851;315.0;10532145906000
1385530971922;300.0;10532216615000
1385530971985;285.0;10532279847000
1385530972091;270.0;10532384248000
1385530972503;285.0;10532797303000
1385530972539;300.0;10532833528000
1385530972695;285.0;10532989686000
1385530972758;270.0;10533052858000
1385530972789;255.0;10533083497000
1385530972867;240.0;10533162141000
1385530972968;225.0;10533263154000
1385530973273;210.0;10533567872000
1385530973394;195.0;10533689332000
1385530973523;180.0;10533817994000
1385530973596;150.0;10533890260000
1385530973632;120.0;10533927156000
1385530973726;105.0;10534021302000
1385530973757;75.0;10534052369000
1385530973788;60.0;10534083406000
1385530973860;45.0;10534154542000
1385530973930;30.0;10534224458000
1385530976460;45.0;10536755342000
1385530976625;30.0;10536919984000
1385530976835;45.0;10537130464000
1385530977554;30.0;10537849153000
1385530977781;45.0;10538075624000
1385530977882;30.0;10538177217000
1385530979093;15.0;10539388124000
1385530981141;0.0;10541435884000
1385530981266;15.0;10541560670000
1385530981938;0.0;10542232606000
1385530982132;15.0;10542427308000
1385530982258;0.0;10542553041000
1385530982648;15.0;10542943300000
1385530982743;0.0;10543037690000
1385530982921;15.0;10543216127000
1385530983015;0.0;10543310212000
1385530984476;15.0;10544771028000
1385530985226;0.0;10545520936000
1385530985450;15.0;10545745210000
1385530985671;0.0;10545966279000
1385530985999;15.0;10546294282000
1385530988883;30.0;10549177888000
1385530990093;45.0;10550388246000
1385530991109;60.0;10551403871000
1385530991359;75.0;10551653840000
1385530991555;90.0;10551850374000
1385530991698;105.0;10551993104000
1385530992076;120.0;10552370881000
1385530992141;135.0;10552435579000
1385530992203;120.0;10552497590000
1385530992632;135.0;10552927400000
1385530993210;150.0;10553505403000
1385530993429;165.0;10553724122000
1385530993523;180.0;10553817933000
1385530993681;195.0;10553975618000
1385530993860;210.0;10554155000000
1385530994132;225.0;10554427217000
1385530994371;240.0;10554663423000
1385530994501;255.0;10554795503000
1385530994759;270.0;10555012635000
1385530994952;285.0;10555247316000
1385530994999;300.0;10555294587000
1385530995376;315.0;10555913850000
1385530995590;300.0;10556128297000
1385530995747;285.0;10556285280000
1385530996116;270.0;10556653871000
1385530996210;285.0;10556747682000
1385530996539;270.0;10557076265000
1385530996640;255.0;10557177461000
1385530996710;240.0;10557247651000
1385530996772;225.0;10557310029000
1385530996834;210.0;10557372438000
1385530996983;195.0;10557520906000
1385530997140;180.0;10557678071000
1385530997203;165.0;10557739991000
1385530997389;150.0;10557926851000
1385530997428;120.0;10557966279000
1385530997491;105.0;10558028901000
1385530997593;90.0;10558130830000
1385530997764;75.0;10558302125000
1385530998210;60.0;10558747590000
1385530998646;45.0;10559183351000
1385530999164;30.0;10559701692000
1385531000145;15.0;10560682954000
1385531003178;0.0;10563715425000
1385531003242;15.0;10563779542000
1385531003952;0.0;10564489778000
1385531004016;15.0;10564554078000
1385531005108;0.0;10565646089000
1385531005177;15.0;10565714967000
1385531009312;30.0;10569850038000
1385531009755;45.0;10570288820000
1385531010163;60.0;10570700654000
1385531011343;45.0;10571880769000
1385531011968;30.0;10572505433000
1385531012625;15.0;10573162050000
1385531016008;0.0;10576544252000
1385531016319;15.0;10576856965000
1385531016445;0.0;10576982637000
1385531017163;15.0;10577700532000
1385531017319;0.0;10577856996000
1385531017538;15.0;10578075746000
1385531018265;0.0;10578802644000
1385531018422;15.0;10578959382000
1385531021625;30.0;10582162568000
1385531022530;45.0;10583067689000
1385531023249;60.0;10583786500000
1385531023567;75.0;10584105073000
1385531023796;90.0;10584333589000
1385531024196;105.0;10584733552000
1385531024233;120.0;10584770875000
1385531024358;135.0;10584895967000
1385531024457;150.0;10584991121000
1385531024669;165.0;10585206331000
1385531024927;180.0;10585465181000
1385531024960;195.0;10585498262000
1385531024999;210.0;10585536592000
1385531025124;225.0;10585661622000
1385531025444;240.0;10585981996000
1385531026265;225.0;10586802858000
1385531027038;210.0;10587575624000
1385531027492;195.0;10588029695000
1385531027805;180.0;10588342134000
1385531027984;165.0;10588521455000
1385531028210;150.0;10588747926000
1385531028507;135.0;10589044496000
1385531029327;120.0;10589864900000
1385531029710;105.0;10590247499000
1385531029951;90.0;10590488618000
1385531030187;75.0;10590724519000
1385531030374;60.0;10590911744000
1385531030592;45.0;10591130220000
1385531031069;30.0;10591606904000
1385531032350;15.0;10592888337000
1385531034345;0.0;10594882783000
1385531034412;15.0;10594950563000
1385531035015;0.0;10595553010000
1385531035272;15.0;10595810090000
1385531035850;0.0;10596388276000
1385531036134;15.0;10596671510000
1385531036327;0.0;10596864778000
1385531036732;15.0;10597269716000
1385531036850;0.0;10597388276000
1385531039694;15.0;10600231843000
1385531039757;0.0;10600295015000
1385531040249;15.0;10600786775000
1385531040375;0.0;10600912446000
1385531040789;15.0;10601326387000
1385531043429;30.0;10603967012000
1385531043522;15.0;10604060151000
1385531044187;30.0;10604724916000
1385531045343;45.0;10605881166000
1385531045500;60.0;10606037385000
1385531045569;75.0;10606106965000
1385531045669;90.0;10606207063000
1385531045733;105.0;10606271028000
1385531045796;120.0;10606333589000
1385531045827;150.0;10606365236000
1385531045890;165.0;10606427339000
1385531045968;195.0;10606505738000
1385531045999;210.0;10606536836000
1385531046062;225.0;10606599611000
1385531046132;240.0;10606669832000
1385531046163;255.0;10606700654000
1385531046288;270.0;10606825654000
1385531046351;285.0;10606888398000
1385531046507;300.0;10607044587000
1385531046592;285.0;10607130281000
1385531046662;300.0;10607199250000
1385531046820;315.0;10607357911000
1385531046960;330.0;10607497682000
1385531046991;345.0;10607529298000
1385531047053;360.0;10607591249000
1385531047280;390.0;10607817964000
1385531047661;420.0;10608198426000
1385531047725;435.0;10608263124000
1385531047945;450.0;10608482454000
1385531048108;465.0;10608646150000
1385531048171;480.0;10608709260000
1385531048202;495.0;10608739778000
1385531048351;810.0;10608888490000
1385531048382;930.0;10608919832000
1385531048444;900.0;10608981721000
1385531048538;915.0;10609076112000
1385531048669;870.0;10609206819000
1385531048702;840.0;10609239869000
1385531048764;810.0;10609302125000
1385531048827;750.0;10609365052000
1385531048921;870.0;10609458589000
1385531048983;765.0;10609521028000
1385531049046;750.0;10609583619000
1385531049286;735.0;10609823426000
1385531049445;750.0;10609982393000
1385531049502;765.0;10610040467000
1385531049538;795.0;10610076234000
1385531049669;810.0;10610206819000
1385531049811;795.0;10610349183000
1385531050250;810.0;10610787385000
1385531050342;825.0;10610880281000
1385531050374;855.0;10610912080000
1385531050436;870.0;10610974214000
1385531050468;885.0;10611005525000
1385531050531;855.0;10611068544000
1385531050593;840.0;10611130891000
1385531050662;810.0;10611199250000
1385531050695;780.0;10611232423000
1385531050757;750.0;10611294404000
1385531050882;735.0;10611419618000
1385531050983;525.0;10611520906000
1385531051140;540.0;10611677949000
1385531051202;585.0;10611739869000
1385531051264;630.0;10611802217000
1385531051297;660.0;10611834474000
1385531051417;870.0;10611954561000
1385531051503;825.0;10612040712000
1385531051542;795.0;10612078004000
1385531051633;765.0;10612170137000
1385531051678;735.0;10612216218000
1385531051725;720.0;10612262300000
1385531051757;705.0;10612294496000
1385531052140;720.0;10612677644000
1385531052202;735.0;10612739717000
1385531052264;750.0;10612802308000
1385531052483;735.0;10613020875000
1385531052523;720.0;10613060548000
1385531052720;705.0;10613257478000
1385531052757;690.0;10613295198000
1385531052850;705.0;10613388154000
1385531052914;690.0;10613451173000
1385531052977;675.0;10613514314000
1385531053046;660.0;10613583497000
1385531053139;645.0;10613677278000
1385531053233;615.0;10613770875000
1385531053296;600.0;10613833955000
1385531053359;585.0;10613896974000
1385531053452;555.0;10613989717000
1385531053483;525.0;10614021028000
1385531053515;510.0;10614052400000
1385531053578;495.0;10614115327000
1385531053640;465.0;10614177644000
1385531053716;435.0;10614254274000
1385531053750;405.0;10614287721000
1385531053844;390.0;10614381257000
1385531053882;345.0;10614419313000
1385531053913;300.0;10614450624000
1385531053976;255.0;10614514131000
1385531054032;210.0;10614569490000
1385531054072;150.0;10614609254000
1385531054158;120.0;10614696290000
1385531054233;90.0;10614770753000
1385531054274;75.0;10614812257000
1385531055225;60.0;10615763185000
1385531055571;45.0;10616108308000
1385531056676;30.0;10617214021000
1385531057272;15.0;10617809968000
1385531057336;30.0;10617873567000
1385531057421;15.0;10617958406000
1385531061867;0.0;10622404451000
1385531062242;15.0;10622779237000
1385531063825;0.0;10624363405000
1385531064078;15.0;10624615388000
1385531064577;0.0;10625114839000
1385531064804;15.0;10625341829000
1385531066133;0.0;10626671083000
1385531066358;15.0;10626896211000
1385531068710;30.0;10629247712000
1385531068781;15.0;10629318635000
1385531068874;30.0;10629411958000
1385531068937;15.0;10629474550000
1385531068999;30.0;10629536775000
1385531069600;45.0;10630138276000
1385531069702;30.0;10630239656000
1385531069773;45.0;10630310670000
1385531071858;60.0;10632395967000
1385531072179;45.0;10632716645000
1385531073796;30.0;10634333467000
1385531075035;15.0;10635570497000
1385531075166;30.0;10635704255000
1385531075240;15.0;10635778505000
1385531077077;0.0;10637614686000
1385531077350;15.0;10637888215000
1385531081085;30.0;10641623140000
1385531083256;45.0;10643794099000
1385531083577;60.0;10644115205000
1385531084030;75.0;10644567903000
1385531084132;90.0;10644669465000
1385531084539;105.0;10645077119000
1385531084646;90.0;10645183809000
1385531084749;105.0;10645286653000
1385531085007;120.0;10645545015000
1385531085194;135.0;10645731935000
1385531085445;150.0;10645982393000
1385531085780;165.0;10646318177000
1385531086006;180.0;10646543275000
1385531086085;195.0;10646623140000
1385531086211;210.0;10646749177000
1385531086398;225.0;10646935884000
1385531086507;240.0;10647044496000
1385531086642;255.0;10647179139000
1385531086687;270.0;10647224550000
1385531086804;285.0;10647341951000
1385531086835;315.0;10647372682000
1385531086897;345.0;10647435151000
1385531086984;360.0;10647521486000
1385531087049;375.0;10647585817000
1385531087085;405.0;10647623079000
1385531087117;435.0;10647654512000
1385531087179;450.0;10647716401000
1385531087303;465.0;10647841157000
1385531087335;480.0;10647872529000
1385531087460;495.0;10647997957000
1385531087553;510.0;10648091188000
1385531087616;525.0;10648153810000
1385531087751;540.0;10648289247000
1385531087952;555.0;10648489717000
1385531088241;540.0;10648778840000
1385531088335;525.0;10648872560000
1385531088569;510.0;10649106965000
1385531089070;525.0;10649607393000
1385531089319;510.0;10649856935000
1385531089669;525.0;10650207124000
1385531089916;540.0;10650453950000
1385531090007;525.0;10650545015000
1385531090233;510.0;10650770845000
1385531090328;495.0;10650865754000
1385531090552;480.0;10651089692000
1385531090655;465.0;10651192903000
1385531090828;450.0;10651365297000
1385531090921;420.0;10651458497000
1385531091046;405.0;10651584077000
1385531091114;390.0;10651651887000
1385531091156;375.0;10651693391000
1385531091280;360.0;10651817750000
1385531091311;345.0;10651849000000
1385531091520;330.0;10652057649000
1385531091554;300.0;10652091310000
1385531091585;285.0;10652122529000
1385531091649;270.0;10652186555000
1385531091819;255.0;10652356874000
1385531091882;240.0;10652419435000
1385531092257;255.0;10652794526000
1385531092350;240.0;10652888154000
1385531092475;225.0;10653013215000
1385531092710;210.0;10653248170000
1385531092866;195.0;10653403779000
1385531093249;180.0;10653787080000
1385531093539;165.0;10654076295000
1385531093796;180.0;10654334169000
1385531093858;165.0;10654396058000
1385531094015;180.0;10654552247000
1385531094334;210.0;10654872377000
1385531094366;225.0;10654903932000
1385531094428;240.0;10654966157000
1385531094523;255.0;10655060579000
1385531094650;270.0;10655186403000
1385531094829;285.0;10655366884000
1385531095203;300.0;10655740785000
1385531095259;315.0;10655795930000
1385531095531;300.0;10656069429000
1385531095601;315.0;10656139253000
1385531095734;300.0;10656271455000
1385531096093;315.0;10656630403000
1385531096186;330.0;10656724153000
1385531096311;315.0;10656848909000
1385531096406;300.0;10656943330000
1385531096726;315.0;10657264192000
1385531096859;330.0;10657396516000
1385531097069;360.0;10657606813000
1385531097132;375.0;10657669404000
1385531097350;360.0;10657888185000
1385531097507;345.0;10658044557000
1385531097755;360.0;10658292817000
1385531097788;375.0;10658325837000
1385531097850;390.0;10658388154000
1385531097922;405.0;10658459687000
1385531097985;435.0;10658522126000
1385531098023;480.0;10658560518000
1385531098054;510.0;10658591401000
1385531098117;525.0;10658654573000
1385531098218;510.0;10658755372000
1385531098281;465.0;10658818452000
1385531098343;435.0;10658880494000
1385531098499;420.0;10659036561000
1385531098562;405.0;10659099550000
1385531098695;435.0;10659232393000
1385531098726;495.0;10659263276000
1385531098788;585.0;10659326112000
1385531098850;615.0;10659388246000
1385531098883;630.0;10659420350000
1385531098984;660.0;10659521425000
1385531099117;645.0;10659654512000
1385531099209;600.0;10659747377000
1385531099257;525.0;10659794618000
1385531099287;465.0;10659825410000
1385531099350;390.0;10659888093000
1385531099382;330.0;10659919526000
1385531099445;270.0;10659982484000
1385531099507;255.0;10660044404000
1385531099570;240.0;10660107332000
1385531099671;255.0;10660208406000
1385531099846;300.0;10660384095000
1385531099882;315.0;10660420076000
1385531099968;345.0;10660505403000
1385531099999;360.0;10660536592000
1385531100233;345.0;10660771089000
1385531100265;330.0;10660802430000
1385531100327;315.0;10660864717000
1385531100608;330.0;10661145997000
1385531100680;360.0;10661216249000
1385531100732;375.0;10661270082000
1385531100874;390.0;10661411744000
1385531100936;405.0;10661474061000
1385531101061;390.0;10661599061000
1385531101093;375.0;10661630403000
1385531101155;345.0;10661692964000
1385531101218;315.0;10661755220000
1385531101281;300.0;10661818483000
1385531101311;285.0;10661849214000
1385531101530;300.0;10662067964000
1385531101562;315.0;10662099702000
1385531101593;345.0;10662130464000
1385531101664;360.0;10662201478000
1385531101725;375.0;10662263063000
1385531101757;390.0;10662295289000
1385531101990;375.0;10662523744000
1385531102054;345.0;10662592073000
1385531102085;330.0;10662622499000
1385531102148;315.0;10662685457000
1385531102265;300.0;10662802339000
1385531102327;285.0;10662864839000
1385531102390;300.0;10662927705000
1385531102421;315.0;10662958467000
1385531102584;375.0;10663121400000
1385531102624;420.0;10663161683000
1385531102655;465.0;10663193238000
1385531102732;495.0;10663270265000
1385531102827;465.0;10663364961000
1385531102921;420.0;10663459169000
1385531102983;375.0;10663521119000
1385531103077;360.0;10663614717000
1385531103109;330.0;10663646699000
1385531103140;300.0;10663677278000
1385531103203;285.0;10663740266000
1385531103264;270.0;10663802247000
1385531103655;285.0;10664193269000
1385531103695;330.0;10664232576000
1385531103757;390.0;10664294404000
1385531103873;420.0;10664411256000
1385531103913;450.0;10664450715000
1385531103975;420.0;10664513093000
1385531104039;405.0;10664575685000
1385531104256;390.0;10664794130000
1385531104320;375.0;10664857484000
1385531104413;390.0;10664950807000
1385531104487;405.0;10665024141000
1385531104523;420.0;10665061067000
1385531104625;480.0;10665162080000
1385531104694;570.0;10665231782000
1385531104742;585.0;10665279329000
1385531104804;540.0;10665341890000
1385531104867;525.0;10665404481000
1385531104929;495.0;10665466340000
1385531104960;480.0;10665498048000
1385531105093;465.0;10665631349000
1385531105143;450.0;10665681092000
1385531105178;435.0;10665716188000
1385531105292;420.0;10665829591000
1385531105429;435.0;10665966645000
1385531105492;465.0;10666029298000
1385531105523;540.0;10666060670000
1385531105618;630.0;10666156221000
1385531105670;690.0;10666208040000
1385531105772;660.0;10666309785000
1385531105820;645.0;10666357270000
1385531105850;600.0;10666388215000
1385531105960;525.0;10666498109000
1385531105991;480.0;10666528932000
1385531106085;495.0;10666622438000
1385531106179;465.0;10666716737000
1385531106248;435.0;10666786592000
1385531106343;450.0;10666880433000
1385531106406;480.0;10666943483000
1385531106468;525.0;10667005342000
1385531106530;600.0;10667067964000
1385531106562;735.0;10667099641000
1385531106629;825.0;10667166169000
1385531106702;750.0;10667240083000
1385531106733;645.0;10667271028000
1385531106796;615.0;10667333436000
1385531106866;570.0;10667403779000
1385531106898;510.0;10667435701000
1385531106961;480.0;10667499086000
1385531107069;495.0;10667606446000
1385531107171;450.0;10667708558000
1385531107452;465.0;10667989869000
1385531107516;525.0;10668053926000
1385531107602;585.0;10668139772000
1385531107716;570.0;10668253755000
1385531107749;525.0;10668287019000
1385531107780;465.0;10668317872000
1385531107843;420.0;10668380433000
1385531107905;405.0;10668442750000
1385531108051;390.0;10668575013000
1385531108146;360.0;10668683473000
1385531108195;345.0;10668732667000
1385531108390;360.0;10668927400000
1385531108468;405.0;10669005738000
1385531108500;420.0;10669037507000
1385531108568;390.0;10669106202000
1385531108632;345.0;10669169587000
1385531108669;300.0;10669207002000
1385531108734;270.0;10669271363000
1385531108796;240.0;10669333345000
1385531108827;225.0;10669364625000
1385531108890;195.0;10669427369000
1385531108952;180.0;10669489839000
1385531109046;165.0;10669583528000
1385531109077;135.0;10669615175000
1385531109147;120.0;10669685151000
1385531109210;105.0;10669747926000
1385531109258;90.0;10669790681000
1385531109302;75.0;10669839845000
1385531109349;60.0;10669886873000
1385531109390;45.0;10669927583000
1385531110564;60.0;10671101411000
1385531111093;45.0;10671630555000
1385531111358;60.0;10671857576000
1385531111708;45.0;10672070070000
