1386164574113
1386164578706
1386164580541
1386164585569
1386164587344
1386164592174
1386164593888
1386164598515
1386164600362
1386164605521
1386164607287
1386164612418
1386164614213
1386164619427
1386164621357
1386164626819
1386164628736
1386164634610
1386164636438
1386164641547
1386164643343
1386164648524
1386164650341
1386164655214
1386164656896
1386164662376
1386164664285
1386164669420
1386164671492
1386164676198
1386164678076
1386164682741
1386164684506
1386164689431
1386164691144
1386164695975
1386164697637
1386164702128
1386164703719
1386164708188
1386164709993
1386164714557
1386164716404
1386164721081
1386164722803
1386164727759
1386164729813
1386164735202
1386164736762
1386164741592
1386164743274
1386164747971
1386164749705
1386164754413
1386164756385
1386164761072
1386164762867
1386164767678
1386164769453
1386164774285
1386164775958
1386164780778
1386164782646
1386164787707
1386164789211
1386164794394
1386164796222
1386164801083
1386164802889
1386164807793
1386164809651
1386164814463
1386164816444
1386164821008
1386164822701
1386164827263
1386164828884
1386164833643
1386164835604
1386164840549
1386164842274
1386164846837
1386164848561
1386164853175
1386164854786
1386164859710
1386164861754
1386164866833
1386164868569
1386164873141
1386164875050
1386164880160
1386164881720
1386164886098
1386164887645
1386164892074
1386164893903
1386164898382
1386164900220
1386164904585
1386164906218
1386164911100
