1386164570808;17.0;1386164570448059545
1386164570838;20.0;1386164570650940405
1386164570996;27.0;1386164570851783036
1386164571213;26.0;1386164571053443192
1386164571280;17.0;1386164571254889725
1386164571457;19.0;1386164571455847977
1386164571666;22.0;1386164571657795503
1386164571860;28.0;1386164571858723237
1386164572062;19.0;1386164572060597016
1386164572263;18.0;1386164572262257173
1386164572470;15.0;1386164572463398530
1386164572867;16.0;1386164572866261079
1386164573069;15.0;1386164573067677094
1386164573270;14.0;1386164573269209277
1386164573472;16.0;1386164573470594775
1386164574076;13.0;1386164574075008160
1386164574479;11.0;1386164574477877044
1386164574683;14.0;1386164574679567718
1386164574882;16.0;1386164574880678557
1386164575083;17.0;1386164575082216643
1386164575495;16.0;1386164575485061426
1386164575687;15.0;1386164575686416407
1386164575890;14.0;1386164575887923975
1386164577097;15.0;1386164577096475051
1386164577302;16.0;1386164577297891067
1386164577702;15.0;1386164577700827450
1386164578105;14.0;1386164578103696309
1386164578306;13.0;1386164578305081807
1386164578910;14.0;1386164578909434131
1386164579313;15.0;1386164579312241985
1386164579515;16.0;1386164579513719035
1386164579716;17.0;1386164579715226604
1386164579917;16.0;1386164579916245891
1386164580178;15.0;1386164580118010351
1386164580522;14.0;1386164580520872900
1386164580723;15.0;1386164580722258398
1386164580924;17.0;1386164580923247167
1386164581126;18.0;1386164581125151464
1386164581328;24.0;1386164581327025243
1386164581531;29.0;1386164581527952978
1386164581731;38.0;1386164581729698631
1386164581937;150.0;1386164581930901024
1386164582133;175.0;1386164582132347557
1386164582335;173.0;1386164582333733055
1386164582536;154.0;1386164582535283736
1386164582737;158.0;1386164582736241988
1386164582939;168.0;1386164582938122104
1386164583141;165.0;1386164583139538120
1386164583343;158.0;1386164583340954135
1386164583572;175.0;1386164583543512091
1386164583745;169.0;1386164583743432745
1386164583955;167.0;1386164583946130499
1386164584147;168.0;1386164584146485255
1386164584550;169.0;1386164584549530909
1386164584752;175.0;1386164584750946925
1386164584953;173.0;1386164584952466704
1386164585154;172.0;1386164585153394438
1386164585961;173.0;1386164585959882475
1386164586403;177.0;1386164586362470366
1386164586972;175.0;1386164586967812741
1386164587175;169.0;1386164587168099606
1386164587382;162.0;1386164587369741549
1386164587573;160.0;1386164587571340670
1386164587774;167.0;1386164587772335554
1386164587979;177.0;1386164587974819684
1386164588177;197.0;1386164588175808454
1386164588379;219.0;1386164588377023099
1386164588579;224.0;1386164588577950834
1386164588781;230.0;1386164588780038236
1386164588982;234.0;1386164588980935453
1386164589184;226.0;1386164589182534574
1386164589387;219.0;1386164589383920072
1386164589788;220.0;1386164589786874174
1386164589994;222.0;1386164589989230147
1386164590193;225.0;1386164590189700118
1386164590393;231.0;1386164590391207686
1386164590594;233.0;1386164590592837325
1386164590795;234.0;1386164590793899615
1386164590997;232.0;1386164590995315631
1386164591199;231.0;1386164591196792681
1386164591417;230.0;1386164591398452838
1386164591601;232.0;1386164591599411090
1386164591846;233.0;1386164591800918658
1386164592004;234.0;1386164592002243121
1386164592206;228.0;1386164592203842242
1386164592420;227.0;1386164592405618787
1386164592608;226.0;1386164592606638074
1386164592811;228.0;1386164592808145643
1386164593212;229.0;1386164593210868321
1386164593415;230.0;1386164593412711583
1386164593817;229.0;1386164593815793966
1386164594018;223.0;1386164594017057394
1386164594219;209.0;1386164594218442892
1386164594421;206.0;1386164594419963180
1386164594623;197.0;1386164594621440231
1386164594825;177.0;1386164594822459518
1386164595025;89.0;1386164595023967086
1386164595227;47.0;1386164595225932418
1386164595630;53.0;1386164595628062545
1386164595832;99.0;1386164595829478561
1386164596043;112.0;1386164596031316454
1386164596234;91.0;1386164596233007128
1386164596443;72.0;1386164596434697802
1386164596637;60.0;1386164596635533984
1386164596843;61.0;1386164596836870778
1386164597068;55.0;1386164597038591969
1386164597241;52.0;1386164597239519703
1386164597447;55.0;1386164597441576588
1386164597644;58.0;1386164597642656910
1386164598075;57.0;1386164598045366871
1386164598248;56.0;1386164598246599781
1386164598451;55.0;1386164598448956791
1386164598858;57.0;1386164598851514164
1386164599060;59.0;1386164599053418460
1386164599255;57.0;1386164599254114638
1386164599457;61.0;1386164599455896865
1386164600464;68.0;1386164600462519179
1386164600666;52.0;1386164600664240370
1386164600867;44.0;1386164600865711390
1386164601308;46.0;1386164601269642054
1386164601471;55.0;1386164601469745814
1386164601712;49.0;1386164601671540694
1386164601874;44.0;1386164601872590499
1386164602075;47.0;1386164602074220138
1386164602325;50.0;1386164602275941329
1386164602684;49.0;1386164602678590255
1386164603083;46.0;1386164603081483321
1386164603284;45.0;1386164603283015573
1386164603486;44.0;1386164603484675729
1386164603687;43.0;1386164603686122262
1386164603888;45.0;1386164603886836373
1386164604091;46.0;1386164604088936489
1386164604493;48.0;1386164604491249722
1386164604695;49.0;1386164604692970913
1386164605102;47.0;1386164605096504848
1386164605702;45.0;1386164605699984128
1386164606109;46.0;1386164606103975827
1386164606305;48.0;1386164606304110105
1386164606523;46.0;1386164606505569189
1386164606715;49.0;1386164606708236425
1386164606914;48.0;1386164606908431737
1386164607312;47.0;1386164607311172216
1386164607723;55.0;1386164607714126318
1386164607917;88.0;1386164607916030614
1386164608119;163.0;1386164608117410255
1386164608320;210.0;1386164608318490577
1386164608526;222.0;1386164608521035743
1386164608722;217.0;1386164608721292091
1386164608925;223.0;1386164608923269654
1386164609130;255.0;1386164609125234986
1386164609327;260.0;1386164609325711776
1386164609533;257.0;1386164609528317977
1386164609932;259.0;1386164609930387069
1386164610334;263.0;1386164610332804394
1386164610543;261.0;1386164610535288524
1386164610737;259.0;1386164610736033153
1386164610940;255.0;1386164610937143993
1386164611148;254.0;1386164611138804149
1386164611549;256.0;1386164611542673778
1386164611744;255.0;1386164611742924232
1386164611946;253.0;1386164611944309730
1386164612148;251.0;1386164612146030921
1386164612550;250.0;1386164612549028292
1386164612752;249.0;1386164612750596896
1386164612953;248.0;1386164612951951876
1386164613356;249.0;1386164613354478732
1386164613563;248.0;1386164613556993380
1386164613760;250.0;1386164613757432833
1386164613965;240.0;1386164613958970919
1386164614162;225.0;1386164614160472750
1386164614364;226.0;1386164614362254977
1386164614570;225.0;1386164614564311862
1386164614996;223.0;1386164614965813804
1386164615169;167.0;1386164615167290855
1386164615374;54.0;1386164615368896420
1386164615575;109.0;1386164615571197445
1386164615773;193.0;1386164615772094662
1386164616000;210.0;1386164615973083431
1386164616176;215.0;1386164616174481447
1386164616377;207.0;1386164616376080568
1386164616582;204.0;1386164616578259523
1386164616781;198.0;1386164616778973634
1386164617012;183.0;1386164616980664308
1386164617183;169.0;1386164617181592042
1386164617384;162.0;1386164617383191164
1386164617593;161.0;1386164617585614259
1386164618196;162.0;1386164618188757618
1386164618392;159.0;1386164618390906056
1386164618794;157.0;1386164618793414611
1386164619250;154.0;1386164619196033019
1386164619399;151.0;1386164619397479552
1386164619601;155.0;1386164619599231261
1386164620003;151.0;1386164620001819152
1386164620224;149.0;1386164620203473241
1386164620608;146.0;1386164620606488378
1386164621010;143.0;1386164621008814101
1386164621213;126.0;1386164621210657363
1386164621434;124.0;1386164621412042861
1386164621614;121.0;1386164621613153701
1386164621818;99.0;1386164621814844374
1386164622017;53.0;1386164622015711074
1386164622224;42.0;1386164622218866591
1386164622420;38.0;1386164622418970351
1386164622622;39.0;1386164622621174612
1386164622828;41.0;1386164622822224417
1386164623226;40.0;1386164623225086965
1386164623432;41.0;1386164623427095069
1386164623632;60.0;1386164623628450050
1386164623831;54.0;1386164623829255714
1386164624033;40.0;1386164624030305519
1386164624234;38.0;1386164624232331886
1386164624645;34.0;1386164624635438575
1386164624842;38.0;1386164624836824073
1386164625241;37.0;1386164625239070189
1386164625443;36.0;1386164625440608275
1386164625644;35.0;1386164625642573607
1386164626248;36.0;1386164626246284710
1386164626654;39.0;1386164626649940716
1386164627085;40.0;1386164627051918255
1386164627255;38.0;1386164627253212200
1386164627860;36.0;1386164627857973296
1386164628101;37.0;1386164628059145171
1386164628262;33.0;1386164628260573857
1386164628463;39.0;1386164628461867803
1386164628866;38.0;1386164628864913457
1386164629068;35.0;1386164629066268437
1386164629269;34.0;1386164629267898076
1386164629476;32.0;1386164629470138066
1386164629697;29.0;1386164629671676152
1386164629873;24.0;1386164629872048568
1386164630074;26.0;1386164630073403549
1386164630279;27.0;1386164630275857162
1386164630484;28.0;1386164630477608871
1386164630881;26.0;1386164630879293953
1386164631485;28.0;1386164631483297859
1386164631905;29.0;1386164631886526619
1386164632089;27.0;1386164632087576423
1386164632492;25.0;1386164632490860321
1386164632712;24.0;1386164632693405487
1386164633298;26.0;1386164633296903269
1386164633718;27.0;1386164633700589792
1386164633946;28.0;1386164633902036325
1386164634315;27.0;1386164634303769724
1386164634517;26.0;1386164634504850046
1386164634911;25.0;1386164634908164635
1386164635312;26.0;1386164635310783043
1386164635514;23.0;1386164635512333688
1386164635720;28.0;1386164635714817819
1386164636178;27.0;1386164636116947945
1386164636320;26.0;1386164636318516549
1386164636521;25.0;1386164636519444283
1386164636722;24.0;1386164636720982369
1386164636924;23.0;1386164636922612008
1386164637326;24.0;1386164637324949758
1386164637533;22.0;1386164637527403371
1386164637931;23.0;1386164637930034537
1386164638353;22.0;1386164638332683463
1386164638948;23.0;1386164638936626334
1386164639140;29.0;1386164639138317008
1386164639347;26.0;1386164639339757685
1386164639543;24.0;1386164639541051631
1386164639744;25.0;1386164639742711787
1386164640147;24.0;1386164640145464771
1386164640351;23.0;1386164640347460621
1386164640568;22.0;1386164640548113697
1386164640751;24.0;1386164640749438160
1386164641355;23.0;1386164641353777760
1386164641762;22.0;1386164641758007787
1386164641964;21.0;1386164641959027074
1386164642362;22.0;1386164642361187718
1386164642567;23.0;1386164642563226577
1386164642770;20.0;1386164642764917251
1386164642967;24.0;1386164642965539809
1386164643168;22.0;1386164643167108413
1386164643369;21.0;1386164643368036147
1386164643571;20.0;1386164643570184585
1386164644176;22.0;1386164644174335221
1386164644377;29.0;1386164644375415543
1386164644578;34.0;1386164644576892594
1386164644783;35.0;1386164644779132584
1386164644982;36.0;1386164644980103655
1386164645182;37.0;1386164645181367083
1386164645387;108.0;1386164645383423968
1386164645605;134.0;1386164645584107562
1386164645787;84.0;1386164645785279437
1386164645998;36.0;1386164645986939593
1386164646206;35.0;1386164646188599749
1386164646392;30.0;1386164646390198870
1386164646594;36.0;1386164646591242658
1386164646798;37.0;1386164646793269025
1386164647202;36.0;1386164647195765363
1386164647400;35.0;1386164647397499497
1386164647600;34.0;1386164647598396714
1386164647805;33.0;1386164647800758774
1386164648007;32.0;1386164648002083237
1386164648204;33.0;1386164648202949936
1386164648406;34.0;1386164648404182847
1386164648816;36.0;1386164648808174546
1386164649010;37.0;1386164649008363809
1386164649417;36.0;1386164649412447061
1386164649614;35.0;1386164649612337198
1386164649846;36.0;1386164649815047508
1386164650017;29.0;1386164650015395409
1386164650218;35.0;1386164650217306053
1386164650824;43.0;1386164650821493065
1386164651024;61.0;1386164651022830147
1386164651226;107.0;1386164651224490304
1386164651427;161.0;1386164651425784249
1386164651628;176.0;1386164651627047677
1386164651829;181.0;1386164651828219552
1386164652038;193.0;1386164652030490059
1386164652233;199.0;1386164652231143136
1386164652434;193.0;1386164652432864327
1386164652635;188.0;1386164652634335525
1386164652843;190.0;1386164652836911209
1386164653244;187.0;1386164653239285477
1386164653441;186.0;1386164653440134422
1386164653651;184.0;1386164653641580955
1386164653844;188.0;1386164653843119041
1386164654054;190.0;1386164654044687645
1386164654449;189.0;1386164654447611229
1386164654651;187.0;1386164654648355858
1386164654855;186.0;1386164654850992576
1386164655256;188.0;1386164655253299858
1386164655456;187.0;1386164655454288627
1386164655657;188.0;1386164655655796196
1386164655872;191.0;1386164655858415282
1386164656060;192.0;1386164656058427489
1386164656474;191.0;1386164656461595214
1386164656664;188.0;1386164656663072265
1386164656872;185.0;1386164656865373290
1386164657067;179.0;1386164657065446532
1386164657269;180.0;1386164657267442382
1386164657516;184.0;1386164657468882965
1386164657672;189.0;1386164657670543121
1386164657878;198.0;1386164657871623443
1386164658079;61.0;1386164658074046539
1386164658276;59.0;1386164658274712144
1386164658477;141.0;1386164658475822984
1386164658679;190.0;1386164658677818834
1386164658881;192.0;1386164658878807603
1386164659132;191.0;1386164659080162584
1386164659283;205.0;1386164659281334459
1386164659486;193.0;1386164659483055650
1386164659685;175.0;1386164659684135972
1386164659892;173.0;1386164659886858299
1386164660095;166.0;1386164660087480858
1386164660295;156.0;1386164660289659813
1386164660492;157.0;1386164660490312889
1386164660696;159.0;1386164660691650082
1386164660899;163.0;1386164660894042661
1386164661104;167.0;1386164661094390561
1386164661302;164.0;1386164661296783139
1386164661500;163.0;1386164661497588803
1386164661700;159.0;1386164661698852231
1386164661913;160.0;1386164661901305844
1386164662108;161.0;1386164662102752377
1386164662305;158.0;1386164662303429947
1386164662546;156.0;1386164662504693375
1386164662707;160.0;1386164662705743180
1386164662933;161.0;1386164662908349381
1386164663110;160.0;1386164663108679462
1386164663313;154.0;1386164663310553242
1386164663513;147.0;1386164663511792689
1386164663715;135.0;1386164663713696986
1386164663930;124.0;1386164663915540247
1386164664319;116.0;1386164664317835599
1386164664540;87.0;1386164664518885404
1386164664721;79.0;1386164664720063603
1386164664924;49.0;1386164664921601689
1386164665132;38.0;1386164665123261845
1386164665326;33.0;1386164665324433720
1386164665579;32.0;1386164665526259250
1386164665930;31.0;1386164665929006043
1386164666154;30.0;1386164666130666199
1386164666535;32.0;1386164666533254090
1386164666946;33.0;1386164666936892678
1386164667149;35.0;1386164667137576272
1386164667743;33.0;1386164667741671731
1386164667945;32.0;1386164667943148781
1386164668163;24.0;1386164668144595315
1386164668348;29.0;1386164668346493574
1386164668549;30.0;1386164668547604414
1386164668776;32.0;1386164668748928877
1386164669355;31.0;1386164669353616526
1386164669556;30.0;1386164669554727366
1386164669960;29.0;1386164669957711985
1386164670160;32.0;1386164670158853343
1386164670362;33.0;1386164670360696605
1386164670563;31.0;1386164670561868480
1386164670967;30.0;1386164670964847025
1386164671167;29.0;1386164671166171488
1386164671369;30.0;1386164671368014749
1386164671607;33.0;1386164671569657677
1386164671772;28.0;1386164671770554894
1386164671978;32.0;1386164671972038096
1386164672179;27.0;1386164672174583262
1386164672379;23.0;1386164672375449961
1386164672636;22.0;1386164672576316660
1386164672780;24.0;1386164672777745402
1386164672986;23.0;1386164672979252971
1386164673182;24.0;1386164673180943645
1386164673387;22.0;1386164673382573283
1386164673585;23.0;1386164673583256877
1386164673786;22.0;1386164673784642375
1386164673988;23.0;1386164673986149943
1386164674189;24.0;1386164674187626994
1386164674394;25.0;1386164674389738858
1386164674623;24.0;1386164674590483487
1386164675198;23.0;1386164675194609464
1386164675398;18.0;1386164675396483243
1386164675626;22.0;1386164675597746671
1386164675800;23.0;1386164675798735440
1386164676008;24.0;1386164676001219571
1386164676416;22.0;1386164676403136075
1386164677018;20.0;1386164677007658780
1386164677412;21.0;1386164677410765470
1386164677823;22.0;1386164677813280310
1386164678017;24.0;1386164678015398230
1386164678424;25.0;1386164678418565955
1386164678621;24.0;1386164678619219031
1386164679023;20.0;1386164679021837439
1386164679229;21.0;1386164679224437676
1386164679430;22.0;1386164679425517999
1386164679628;23.0;1386164679626750909
1386164679831;24.0;1386164679827648126
1386164680031;25.0;1386164680029717701
1386164680236;21.0;1386164680231469410
1386164680635;22.0;1386164680633788921
1386164681038;24.0;1386164681036407329
1386164681243;25.0;1386164681238629631
1386164681653;23.0;1386164681640942864
1386164681843;22.0;1386164681841962151
1386164682447;21.0;1386164682446240715
1386164682650;17.0;1386164682648022942
1386164682850;23.0;1386164682849097326
1386164683059;24.0;1386164683051489904
1386164683455;23.0;1386164683453467444
1386164683658;22.0;1386164683655188635
1386164683858;21.0;1386164683856329992
1386164684061;20.0;1386164684058020666
1386164684462;21.0;1386164684460425451
1386164684664;22.0;1386164684661994055
1386164685067;23.0;1386164685065131262
1386164685310;26.0;1386164685266181067
1386164685469;28.0;1386164685467658117
1386164685676;27.0;1386164685669318274
1386164685903;32.0;1386164685870459631
1386164686275;27.0;1386164686273951014
1386164686477;32.0;1386164686475733240
1386164686679;33.0;1386164686676752527
1386164686879;29.0;1386164686877741297
1386164687084;30.0;1386164687080255945
1386164687484;32.0;1386164687482141932
1386164688088;35.0;1386164688086841833
1386164688310;34.0;1386164688288300724
1386164688895;33.0;1386164688892396183
1386164689096;34.0;1386164689094269962
1386164689498;35.0;1386164689496339054
1386164689700;34.0;1386164689698182316
1386164689901;29.0;1386164689899836955
1386164690103;34.0;1386164690101466594
1386164690524;33.0;1386164690503749308
1386164690908;32.0;1386164690906776842
1386164691114;31.0;1386164691109047349
1386164691513;33.0;1386164691511299547
1386164691750;38.0;1386164691712532457
1386164691916;46.0;1386164691914253648
1386164692123;121.0;1386164692116432603
1386164692318;187.0;1386164692316927410
1386164692520;195.0;1386164692518587566
1386164692748;190.0;1386164692719789958
1386164692922;187.0;1386164692920839763
1386164693131;190.0;1386164693123794643
1386164693325;188.0;1386164693324081508
1386164693930;189.0;1386164693928543178
1386164694132;194.0;1386164694129715053
1386164694332;198.0;1386164694331100551
1386164694937;196.0;1386164694935953414
1386164695138;194.0;1386164695137064254
1386164695541;195.0;1386164695540092189
1386164695803;196.0;1386164695741172511
1386164695947;197.0;1386164695943418783
1386164696145;199.0;1386164696143827718
1386164696347;201.0;1386164696346098226
1386164696550;202.0;1386164696547148031
1386164696753;201.0;1386164696748516012
1386164696952;203.0;1386164696949993063
1386164697211;197.0;1386164697151378561
1386164697354;201.0;1386164697352397848
1386164697761;202.0;1386164697756511617
1386164697959;201.0;1386164697957347799
1386164698217;205.0;1386164698158641744
1386164698361;214.0;1386164698359624418
1386164698564;225.0;1386164698561589750
1386164698764;231.0;1386164698762731108
1386164698971;150.0;1386164698964940580
1386164699167;143.0;1386164699165637074
1386164699368;181.0;1386164699366778431
1386164699570;171.0;1386164699568957386
1386164699771;175.0;1386164699769885121
1386164699973;203.0;1386164699971484242
1386164700178;210.0;1386164700172900257
1386164700377;209.0;1386164700374316273
1386164700779;211.0;1386164700776959137
1386164700980;220.0;1386164700978314118
1386164701181;225.0;1386164701179882721
1386164701388;223.0;1386164701381970124
1386164701585;222.0;1386164701583429419
1386164701790;223.0;1386164701785028540
1386164701987;220.0;1386164701985596608
1386164702189;218.0;1386164702187165212
1386164702793;219.0;1386164702791334269
1386164702995;218.0;1386164702993299601
1386164703196;219.0;1386164703194325142
1386164703601;218.0;1386164703597767524
1386164703803;214.0;1386164703799275093
1386164704001;203.0;1386164703999879980
1386164704202;192.0;1386164704201173926
1386164704404;173.0;1386164704403139258
1386164704625;142.0;1386164704605013037
1386164704807;92.0;1386164704805635596
1386164705035;32.0;1386164705006960058
1386164705210;29.0;1386164705208559180
1386164705414;27.0;1386164705410616064
1386164705657;25.0;1386164705612178783
1386164706027;24.0;1386164706015132885
1386164706225;27.0;1386164706217067699
1386164706623;25.0;1386164706619332281
1386164707024;26.0;1386164707021309821
1386164707224;27.0;1386164707222756354
1386164707426;28.0;1386164707424538580
1386164707828;27.0;1386164707827065436
1386164708030;23.0;1386164708028475649
1386164708436;24.0;1386164708432253725
1386164709037;26.0;1386164709035660068
1386164709238;27.0;1386164709237320224
1386164709440;22.0;1386164709439010898
1386164709663;23.0;1386164709640548984
1386164709847;24.0;1386164709841385165
1386164710246;26.0;1386164710244461337
1386164710447;28.0;1386164710445688315
1386164710679;29.0;1386164710648172446
1386164710850;27.0;1386164710848581382
1386164711066;25.0;1386164711049997397
1386164711262;19.0;1386164711252555691
1386164711666;14.0;1386164711655577619
1386164711861;17.0;1386164711856718977
1386164712078;19.0;1386164712057219465
1386164712277;20.0;1386164712258940656
1386164712670;18.0;1386164712662731457
1386164712864;16.0;1386164712863207779
1386164713066;14.0;1386164713064410172
1386164713677;15.0;1386164713669983268
1386164713872;16.0;1386164713870270134
1386164714078;17.0;1386164714071600944
1386164714285;18.0;1386164714274115592
1386164714477;19.0;1386164714475165397
1386164714879;17.0;1386164714877674463
1386164715282;13.0;1386164715280513076
1386164715483;15.0;1386164715481532364
1386164716087;17.0;1386164716085945612
1386164716289;18.0;1386164716287514215
1386164716699;16.0;1386164716691170221
1386164716894;15.0;1386164716891884332
1386164717095;14.0;1386164717093056207
1386164717297;13.0;1386164717294533258
1386164717498;12.0;1386164717496132379
1386164717700;13.0;1386164717697878207
1386164717901;14.0;1386164717899355258
1386164718305;15.0;1386164718301943149
1386164718908;12.0;1386164718906325902
1386164719109;14.0;1386164719107863988
1386164719311;15.0;1386164719309096898
1386164719720;14.0;1386164719713058080
1386164719921;13.0;1386164719913405980
1386164720124;12.0;1386164720115273814
1386164720318;11.0;1386164720316598277
1386164720721;12.0;1386164720719247203
1386164720924;13.0;1386164720920828675
1386164721125;14.0;1386164721121908997
1386164721326;15.0;1386164721323477601
1386164721948;14.0;1386164721928305482
1386164722333;13.0;1386164722330557679
1386164722533;8.0;1386164722531998120
1386164722739;12.0;1386164722734360181
1386164723138;14.0;1386164723136276685
1386164723340;15.0;1386164723338071802
1386164723541;16.0;1386164723539426782
1386164724146;15.0;1386164724143253745
1386164724364;14.0;1386164724345005454
1386164724750;16.0;1386164724748307898
1386164724951;17.0;1386164724949418737
1386164725152;18.0;1386164725150651648
1386164725355;19.0;1386164725352281286
1386164725555;20.0;1386164725553605749
1386164725757;21.0;1386164725754747107
1386164725958;20.0;1386164725956376745
1386164726159;16.0;1386164726157725773
1386164726570;17.0;1386164726561931095
1386164726763;18.0;1386164726761973819
1386164727002;19.0;1386164726963707737
1386164727166;20.0;1386164727164788059
1386164727776;19.0;1386164727769890598
1386164728173;18.0;1386164728171959690
1386164728377;16.0;1386164728373680881
1386164728778;17.0;1386164728776263144
1386164728980;19.0;1386164728978014853
1386164729785;14.0;1386164729783221152
1386164730051;19.0;1386164729986163047
1386164730187;22.0;1386164730186205771
1386164730400;26.0;1386164730388415244
1386164730593;38.0;1386164730590014365
1386164730793;118.0;1386164730790942099
1386164730995;144.0;1386164730992113974
1386164731195;154.0;1386164731193316367
1386164731397;140.0;1386164731395220664
1386164731800;153.0;1386164731797887887
1386164732001;162.0;1386164731999364938
1386164732202;167.0;1386164732200719918
1386164732407;175.0;1386164732402929391
1386164732618;180.0;1386164732603796090
1386164733008;177.0;1386164733006628121
1386164733416;169.0;1386164733410400168
1386164733678;173.0;1386164733610992209
1386164734230;175.0;1386164734215344101
1386164734418;177.0;1386164734416577011
1386164734820;182.0;1386164734819232189
1386164735027;181.0;1386164735021960461
1386164735224;177.0;1386164735222216808
1386164735425;176.0;1386164735423553553
1386164735827;177.0;1386164735826538172
1386164736034;178.0;1386164736029174891
1386164736255;177.0;1386164736229248133
1386164736432;179.0;1386164736430725184
1386164736635;175.0;1386164736632324305
1386164736838;169.0;1386164736834442225
1386164737037;176.0;1386164737035638639
1386164737243;179.0;1386164737236474821
1386164737443;181.0;1386164737438775846
1386164737642;190.0;1386164737639703580
1386164737842;207.0;1386164737840827383
1386164738048;222.0;1386164738043250478
1386164738282;237.0;1386164738243750967
1386164738447;241.0;1386164738445136465
1386164738648;233.0;1386164738646430410
1386164738849;234.0;1386164738848121084
1386164739051;236.0;1386164739049811758
1386164739306;227.0;1386164739251075185
1386164739458;230.0;1386164739453339641
1386164739655;238.0;1386164739653992718
1386164739883;242.0;1386164739855195110
1386164740058;243.0;1386164740056611126
1386164740461;242.0;1386164740459577825
1386164740662;235.0;1386164740661183294
1386164740890;240.0;1386164740862629827
1386164741065;241.0;1386164741063771184
1386164741267;242.0;1386164741265492376
1386164741697;241.0;1386164741669069784
1386164741896;240.0;1386164741869783895
1386164742275;237.0;1386164742272585409
1386164742475;236.0;1386164742473909872
1386164743080;237.0;1386164743078182335
1386164743282;233.0;1386164743279873009
1386164743482;223.0;1386164743481136437
1386164743684;217.0;1386164743683040734
1386164743890;215.0;1386164743885079852
1386164744087;208.0;1386164744085763445
1386164744288;191.0;1386164744287026873
1386164744489;54.0;1386164744488198748
1386164744708;23.0;1386164744689858904
1386164744896;22.0;1386164744892312518
1386164745094;23.0;1386164745092690936
1386164745300;25.0;1386164745294625750
1386164745497;23.0;1386164745495242291
1386164745704;21.0;1386164745696994000
1386164746327;20.0;1386164746301346259
1386164746504;19.0;1386164746502487617
1386164747108;21.0;1386164747107108241
1386164747310;22.0;1386164747308615810
1386164747713;23.0;1386164747711460561
1386164747914;20.0;1386164747912883269
1386164748116;19.0;1386164748114482390
1386164748325;21.0;1386164748315654265
1386164748518;22.0;1386164748516856658
1386164748922;21.0;1386164748920586162
1386164749327;20.0;1386164749322661542
1386164749928;21.0;1386164749927288683
1386164750136;23.0;1386164750128765734
1386164750349;24.0;1386164750331097277
1386164750533;22.0;1386164750531231554
1386164750735;20.0;1386164750732922228
1386164750935;17.0;1386164750934155138
1386164751137;14.0;1386164751135876330
1386164751341;13.0;1386164751337139757
1386164751540;10.0;1386164751538885376
1386164751768;11.0;1386164751740637085
1386164751944;12.0;1386164751941351197
1386164752352;13.0;1386164752345233608
1386164752775;14.0;1386164752747333217
1386164752950;13.0;1386164752948291469
1386164753157;12.0;1386164753150623012
1386164753353;11.0;1386164753351398158
1386164753957;12.0;1386164753955914913
1386164754164;13.0;1386164754157849728
1386164754381;14.0;1386164754358716427
1386164755169;11.0;1386164755165034060
1386164755568;9.0;1386164755566920047
1386164755770;10.0;1386164755768732791
1386164755975;11.0;1386164755970026736
1386164756375;12.0;1386164756373402206
1386164756575;13.0;1386164756574146835
1386164756978;11.0;1386164756977021884
1386164758207;13.0;1386164758186097812
1386164758813;7.0;1386164758790279005
1386164758992;11.0;1386164758991389845
1386164759195;12.0;1386164759193538282
1386164759400;13.0;1386164759395546764
1386164759597;14.0;1386164759596169322
1386164760000;13.0;1386164759998482555
1386164760202;12.0;1386164760200478404
1386164760402;11.0;1386164760401497691
1386164760609;10.0;1386164760603188365
1386164761007;11.0;1386164761005740103
1386164761216;13.0;1386164761208285269
1386164761612;14.0;1386164761610567984
1386164762223;13.0;1386164762215165954
1386164762418;10.0;1386164762416643005
1386164762619;9.0;1386164762617692810
1386164762885;10.0;1386164762818803650
1386164763021;11.0;1386164763020097595
1386164763426;13.0;1386164763423351246
1386164763626;14.0;1386164763624645192
1386164763829;15.0;1386164763826183278
1386164764033;16.0;1386164764027568776
1386164764633;14.0;1386164764631713541
1386164764861;15.0;1386164764833495768
1386164765036;16.0;1386164765034667643
1386164765238;17.0;1386164765236571939
1386164765466;19.0;1386164765437696572
1386164765641;20.0;1386164765639448281
1386164765843;21.0;1386164765840437051
1386164766054;17.0;1386164766041883584
1386164766244;16.0;1386164766243085977
1386164766453;15.0;1386164766445570107
1386164766849;16.0;1386164766847303506
1386164767454;17.0;1386164767452033748
1386164767654;18.0;1386164767653022517
1386164767857;14.0;1386164767855183738
1386164768085;15.0;1386164768056203026
1386164768259;16.0;1386164768257466453
1386164768461;17.0;1386164768459126609
1386164768662;18.0;1386164768660420555
1386164768867;19.0;1386164768863057274
1386164769269;18.0;1386164769265401024
1386164769533;17.0;1386164769466414408
1386164769669;13.0;1386164769667525248
1386164769876;16.0;1386164769870009378
1386164770086;17.0;1386164770070326761
1386164770273;18.0;1386164770271785989
1386164770475;21.0;1386164770473446145
1386164770676;41.0;1386164770674495950
1386164770885;129.0;1386164770877437844
1386164771081;133.0;1386164771077724710
1386164771280;123.0;1386164771278866067
1386164771482;100.0;1386164771480190530
1386164771683;93.0;1386164771682277932
1386164771885;102.0;1386164771883596289
1386164772089;141.0;1386164772085103858
1386164772288;156.0;1386164772286641944
1386164772490;163.0;1386164772487813819
1386164772711;171.0;1386164772688967491
1386164772892;169.0;1386164772890383507
1386164773093;165.0;1386164773091982628
1386164773299;156.0;1386164773294222618
1386164773698;144.0;1386164773696047570
1386164773899;142.0;1386164773897463585
1386164774101;145.0;1386164774099062706
1386164774504;147.0;1386164774502590582
1386164774731;141.0;1386164774703335211
1386164774906;143.0;1386164774904598639
1386164775110;141.0;1386164775107156119
1386164775511;142.0;1386164775509042105
1386164775713;144.0;1386164775710885367
1386164775914;146.0;1386164775912057242
1386164776115;151.0;1386164776113625845
1386164776318;158.0;1386164776315133414
1386164776518;174.0;1386164776516396841
1386164776724;190.0;1386164776718142726
1386164776932;195.0;1386164776919375636
1386164777122;216.0;1386164777120639064
1386164777329;242.0;1386164777323306300
1386164777532;252.0;1386164777523727891
1386164777737;253.0;1386164777725754258
1386164777946;238.0;1386164777926834580
1386164778131;234.0;1386164778127914902
1386164778333;237.0;1386164778330093857
1386164778778;238.0;1386164778732407090
1386164778935;240.0;1386164778933517930
1386164779154;245.0;1386164779135080507
1386164779340;248.0;1386164779337228944
1386164779543;247.0;1386164779538644960
1386164779741;249.0;1386164779739145448
1386164780143;253.0;1386164780142264885
1386164780348;250.0;1386164780344359471
1386164780556;247.0;1386164780545653417
1386164780748;248.0;1386164780746245458
1386164780950;249.0;1386164780948058202
1386164781558;250.0;1386164781552319373
1386164781755;249.0;1386164781753857458
1386164781964;248.0;1386164781956158484
1386164782175;246.0;1386164782156506384
1386164782359;245.0;1386164782357739294
1386164782567;238.0;1386164782559338416
1386164782778;234.0;1386164782761175690
1386164782964;226.0;1386164782962713776
1386164783165;218.0;1386164783163733063
1386164783370;209.0;1386164783366186677
1386164783572;139.0;1386164783567371056
1386164783771;28.0;1386164783767963097
1386164784174;26.0;1386164784170954019
1386164784575;27.0;1386164784573633462
1386164784776;24.0;1386164784775001170
1386164785387;25.0;1386164785380439402
1386164785582;27.0;1386164785581061961
1386164785784;28.0;1386164785782600047
1386164785985;29.0;1386164785983710887
1386164786187;28.0;1386164786185462596
1386164786589;27.0;1386164786587953214
1386164786792;26.0;1386164786789918546
1386164787205;27.0;1386164787193556536
1386164787401;28.0;1386164787394972551
1386164787596;27.0;1386164787595167864
1386164787806;22.0;1386164787797102678
1386164788003;25.0;1386164787999220598
1386164788406;26.0;1386164788401991594
1386164788604;27.0;1386164788602186907
1386164789214;26.0;1386164789207802340
1386164789622;24.0;1386164789610769084
1386164790017;30.0;1386164790013265422
1386164790215;26.0;1386164790213979533
1386164790435;23.0;1386164790416494181
1386164790618;22.0;1386164790616628459
1386164790824;21.0;1386164790818471720
1386164791021;22.0;1386164791019674113
1386164791425;19.0;1386164791422774744
1386164791625;17.0;1386164791624282313
1386164792236;18.0;1386164792228146573
1386164792632;20.0;1386164792630856534
1386164793237;19.0;1386164793235226651
1386164793639;18.0;1386164793638113633
1386164793851;17.0;1386164793840078965
1386164794244;18.0;1386164794242972032
1386164794447;20.0;1386164794444217666
1386164794854;21.0;1386164794847269681
1386164795057;19.0;1386164795048533109
1386164795452;17.0;1386164795451395658
1386164795654;16.0;1386164795652854891
1386164796062;17.0;1386164796056571932
1386164796730;19.0;1386164796659843416
1386164796866;20.0;1386164796861961336
1386164797064;16.0;1386164797062522860
1386164797477;17.0;1386164797466752967
1386164797677;16.0;1386164797667100868
1386164797870;17.0;1386164797868608436
1386164798076;18.0;1386164798070159055
1386164798474;17.0;1386164798472746946
1386164798680;13.0;1386164798675231077
1386164799078;14.0;1386164799076964475
1386164799682;16.0;1386164799681114982
1386164800287;15.0;1386164800285820793
1386164800690;14.0;1386164800688695567
1386164801500;16.0;1386164801495519297
1386164801899;17.0;1386164801896855967
1386164802301;15.0;1386164802299987731
1386164802508;14.0;1386164802502349792
1386164802705;13.0;1386164802702728210
1386164803107;14.0;1386164803105755633
1386164803318;15.0;1386164803307415790
1386164803733;18.0;1386164803710095233
1386164803913;20.0;1386164803911846942
1386164804122;23.0;1386164804114117450
1386164804316;21.0;1386164804314251727
1386164804920;20.0;1386164804918982544
1386164805323;21.0;1386164805321552390
1386164805524;22.0;1386164805523182029
1386164805726;19.0;1386164805724659080
1386164805927;22.0;1386164805926227683
1386164806148;21.0;1386164806127460593
1386164806534;20.0;1386164806530658835
1386164806733;19.0;1386164806731433982
1386164807163;23.0;1386164807134596109
1386164807337;22.0;1386164807336225748
1386164807545;21.0;1386164807538282633
1386164807780;20.0;1386164807738795709
1386164807941;19.0;1386164807939998102
1386164808344;20.0;1386164808343013239
1386164808546;22.0;1386164808544795465
1386164808949;23.0;1386164808947596979
1386164809157;24.0;1386164809148768854
1386164809553;20.0;1386164809551442407
1386164810162;22.0;1386164810156710128
1386164810359;23.0;1386164810357332687
1386164810560;24.0;1386164810558999204
1386164810761;28.0;1386164810760537290
1386164810963;43.0;1386164810962227964
1386164811164;58.0;1386164811163308286
1386164811370;67.0;1386164811365744270
1386164811572;57.0;1386164811567007698
1386164811779;54.0;1386164811767752327
1386164811977;45.0;1386164811969046272
1386164812172;46.0;1386164812170614876
1386164812373;44.0;1386164812371451058
1386164812586;45.0;1386164812573141731
1386164812778;61.0;1386164812774313606
1386164812978;76.0;1386164812976333890
1386164813179;83.0;1386164813177383695
1386164813380;84.0;1386164813378860746
1386164813588;72.0;1386164813581100736
1386164813985;80.0;1386164813983518453
1386164814186;87.0;1386164814184513506
1386164814388;90.0;1386164814386753496
1386164814590;91.0;1386164814587681230
1386164815002;90.0;1386164814990678466
1386164815397;87.0;1386164815393876709
1386164815596;88.0;1386164815594926513
1386164815800;87.0;1386164815795762695
1386164816200;78.0;1386164816199052490
1386164816402;76.0;1386164816400645681
1386164816604;92.0;1386164816602061696
1386164816809;112.0;1386164816803233571
1386164817006;117.0;1386164817005015798
1386164817207;153.0;1386164817206047797
1386164817414;185.0;1386164817407616401
1386164817610;223.0;1386164817609032416
1386164817817;240.0;1386164817811516547
1386164818013;236.0;1386164818012047553
1386164818217;228.0;1386164818213982367
1386164818416;224.0;1386164818414635444
1386164818619;223.0;1386164818616204047
1386164818819;220.0;1386164818818010866
1386164819026;216.0;1386164819019426881
1386164819225;217.0;1386164819220598756
1386164819453;229.0;1386164819422380983
1386164819625;231.0;1386164819623596277
1386164819826;234.0;1386164819824859705
1386164820028;237.0;1386164820026580897
1386164820255;241.0;1386164820227966395
1386164820431;236.0;1386164820429351893
1386164820632;234.0;1386164820630798426
1386164820833;232.0;1386164820832305994
1386164821237;233.0;1386164821235131962
1386164821438;232.0;1386164821436059696
1386164821840;234.0;1386164821839074833
1386164822456;232.0;1386164822443261845
1386164822847;228.0;1386164822845910770
1386164823058;221.0;1386164823047906620
1386164823294;219.0;1386164823250329716
1386164823452;216.0;1386164823450280887
1386164823655;213.0;1386164823651910526
1386164823854;202.0;1386164823853234989
1386164824062;73.0;1386164824054895145
1386164824264;46.0;1386164824257135136
1386164824459;124.0;1386164824457806577
1386164824665;149.0;1386164824660290708
1386164825063;142.0;1386164825062390317
1386164825265;121.0;1386164825263897886
1386164825480;105.0;1386164825464795102
1386164825668;121.0;1386164825666241636
1386164825869;118.0;1386164825867932309
1386164826072;116.0;1386164826069464459
1386164826272;114.0;1386164826270880474
1386164826473;101.0;1386164826472296490
1386164826675;103.0;1386164826673926129
1386164826876;112.0;1386164826875202428
1386164827078;117.0;1386164827076587927
1386164827280;114.0;1386164827278248083
1386164827490;105.0;1386164827479603063
1386164827688;96.0;1386164827681659948
1386164827883;92.0;1386164827882221471
1386164828085;87.0;1386164828083790075
1386164828287;86.0;1386164828285022985
1386164828488;87.0;1386164828486402392
1386164828694;85.0;1386164828687879443
1386164828891;84.0;1386164828889783740
1386164829099;77.0;1386164829090955615
1386164829294;60.0;1386164829292383950
1386164829495;50.0;1386164829494074624
1386164829717;49.0;1386164829695185464
1386164829898;42.0;1386164829896845620
1386164830100;32.0;1386164830098383706
1386164830300;26.0;1386164830299341958
1386164830742;27.0;1386164830701960366
1386164830905;28.0;1386164830903950619
1386164831308;25.0;1386164831306813168
1386164831514;24.0;1386164831509083676
1386164831712;22.0;1386164831709444439
1386164832316;24.0;1386164832313631451
1386164832516;25.0;1386164832515016949
1386164832718;26.0;1386164832716646587
1386164832948;27.0;1386164832918032085
1386164833555;26.0;1386164833522427889
1386164834156;24.0;1386164834126932640
1386164834732;22.0;1386164834730936546
1386164834937;26.0;1386164834933146019
1386164835341;24.0;1386164835336039085
1386164835815;22.0;1386164835738376762
1386164835941;20.0;1386164835939823296
1386164836142;18.0;1386164836141239311
1386164836795;19.0;1386164836745530487
1386164837159;17.0;1386164837148454071
1386164837553;19.0;1386164837551408173
1386164838157;22.0;1386164838155894489
1386164838560;20.0;1386164838557994099
1386164838761;19.0;1386164838759501667
1386164838962;17.0;1386164838960978718
1386164839381;19.0;1386164839363932819
1386164839970;21.0;1386164839967936726
1386164840574;20.0;1386164840572154255
1386164841478;19.0;1386164840975077839
1386164841583;20.0;1386164841579588661
1386164841782;21.0;1386164841781340370
1386164841984;17.0;1386164841983031044
1386164842189;21.0;1386164842184630165
1386164842389;20.0;1386164842385679969
1386164842798;19.0;1386164842788328895
1386164843394;20.0;1386164843392632226
1386164843596;21.0;1386164843594200829
1386164843797;23.0;1386164843795629759
1386164843998;24.0;1386164843996923705
1386164844200;25.0;1386164844198705931
1386164844602;23.0;1386164844601049681
1386164845207;22.0;1386164845205663939
1386164845415;23.0;1386164845408356320
1386164845610;19.0;1386164845608490598
1386164845812;24.0;1386164845809998166
1386164846032;25.0;1386164846010925900
1386164846415;22.0;1386164846414350245
1386164846617;23.0;1386164846615796778
1386164847064;25.0;1386164847018720362
1386164847660;24.0;1386164847622602198
1386164847825;23.0;1386164847824042792
1386164848026;22.0;1386164848025428290
1386164848232;21.0;1386164848227729316
1386164848430;22.0;1386164848428565497
1386164848698;23.0;1386164848629645819
1386164848832;25.0;1386164848830970282
1386164849038;26.0;1386164849033729071
1386164849453;24.0;1386164849436316962
1386164850045;26.0;1386164850040595526
1386164850243;27.0;1386164850241767401
1386164850444;28.0;1386164850442756171
1386164850650;30.0;1386164850644782538
1386164851078;31.0;1386164851048060427
1386164851250;32.0;1386164851248896608
1386164851654;31.0;1386164851651667604
1386164852055;30.0;1386164852054041872
1386164852262;29.0;1386164852256342897
1386164852661;30.0;1386164852659107842
1386164852885;28.0;1386164852859944023
1386164853062;32.0;1386164853061176933
1386164853466;30.0;1386164853464375176
1386164853879;29.0;1386164853867268242
1386164854070;28.0;1386164854068287529
1386164854472;29.0;1386164854471363701
1386164854675;30.0;1386164854673023857
1386164855077;32.0;1386164855075367607
1386164855278;33.0;1386164855277180351
1386164855681;34.0;1386164855680042900
1386164855893;36.0;1386164855882057363
1386164856084;61.0;1386164856082740957
1386164856286;119.0;1386164856284645254
1386164856487;152.0;1386164856486030752
1386164856753;165.0;1386164856687507803
1386164856890;149.0;1386164856888862783
1386164857091;141.0;1386164857089821035
1386164857299;133.0;1386164857292335683
1386164857494;122.0;1386164857493196603
1386164857696;130.0;1386164857694398995
1386164857897;139.0;1386164857896089669
1386164858099;149.0;1386164858097139474
1386164858305;153.0;1386164858299880000
1386164858560;152.0;1386164858500899287
1386164858724;154.0;1386164858701460810
1386164858905;155.0;1386164858902876826
1386164859108;153.0;1386164859105238886
1386164859314;146.0;1386164859306990595
1386164859509;147.0;1386164859507430049
1386164859711;149.0;1386164859708901364
1386164859912;153.0;1386164859910439450
1386164860162;155.0;1386164860112709958
1386164860314;160.0;1386164860312996823
1386164860516;159.0;1386164860514547938
1386164860718;158.0;1386164860716330165
1386164860923;155.0;1386164860918753260
1386164861124;153.0;1386164861118643397
1386164861322;156.0;1386164861320700282
1386164861523;159.0;1386164861521597499
1386164861725;157.0;1386164861723562831
1386164861934;168.0;1386164861925619716
1386164862137;185.0;1386164862126236354
1386164862329;198.0;1386164862327469264
1386164862532;220.0;1386164862529098903
1386164862732;243.0;1386164862730759059
1386164862946;253.0;1386164862932584355
1386164863135;252.0;1386164863133206914
1386164863340;249.0;1386164863335538457
1386164863538;242.0;1386164863536313603
1386164863740;236.0;1386164863737760137
1386164863940;238.0;1386164863938993047
1386164864142;237.0;1386164864140317510
1386164864343;236.0;1386164864341641973
1386164864545;234.0;1386164864543296079
1386164864948;232.0;1386164864946372251
1386164865351;233.0;1386164865349156104
1386164865552;235.0;1386164865550358497
1386164865961;236.0;1386164865954136573
1386164866156;234.0;1386164866154423438
1386164866761;235.0;1386164866759281837
1386164866962;237.0;1386164866960539269
1386164867163;238.0;1386164867161863731
1386164867372;243.0;1386164867364317345
1386164867571;238.0;1386164867564634728
1386164867975;236.0;1386164867967680382
1386164868171;235.0;1386164868168943810
1386164868377;234.0;1386164868371336388
1386164868574;233.0;1386164868571867394
1386164868784;229.0;1386164868773466515
1386164868977;221.0;1386164868974913048
1386164869211;217.0;1386164869176054405
1386164869382;213.0;1386164869378233360
1386164869581;144.0;1386164869578947472
1386164869802;43.0;1386164869780546593
1386164870003;42.0;1386164869981626915
1386164870391;44.0;1386164870385911702
1386164870588;42.0;1386164870586534260
1386164870790;51.0;1386164870788072346
1386164870990;48.0;1386164870989122151
1386164871192;47.0;1386164871190599202
1386164871410;45.0;1386164871393266438
1386164871998;41.0;1386164871996135184
1386164872199;40.0;1386164872197520682
1386164872609;41.0;1386164872600871512
1386164872805;42.0;1386164872802134939
1386164873207;45.0;1386164873205302664
1386164873811;44.0;1386164873809337088
1386164874216;43.0;1386164874212657400
1386164874616;38.0;1386164874614421316
1386164874818;43.0;1386164874816508719
1386164875019;46.0;1386164875017912751
1386164875223;49.0;1386164875219481354
1386164875423;67.0;1386164875420622712
1386164875624;89.0;1386164875622496491
1386164875841;86.0;1386164875823851472
1386164876026;50.0;1386164876025023347
1386164876246;38.0;1386164876226317292
1386164876430;35.0;1386164876428130036
1386164876630;33.0;1386164876629295954
1386164876833;32.0;1386164876831139216
1386164877235;30.0;1386164877233940730
1386164877438;29.0;1386164877435186491
1386164877840;30.0;1386164877838140592
1386164878070;32.0;1386164878039404020
1386164878242;29.0;1386164878240575895
1386164878444;32.0;1386164878442297086
1386164878645;31.0;1386164878643591032
1386164878847;30.0;1386164878845281705
1386164879048;29.0;1386164879046630697
1386164879251;28.0;1386164879248321371
1386164879652;29.0;1386164879651000814
1386164880257;31.0;1386164880255444636
1386164880458;32.0;1386164880456677546
1386164880862;30.0;1386164880860028376
1386164881264;29.0;1386164881262524714
1386164881873;26.0;1386164881867224561
1386164882091;31.0;1386164882068121778
1386164882270;32.0;1386164882269141065
1386164882674;30.0;1386164882672156201
1386164882885;29.0;1386164882874304639
1386164883076;27.0;1386164883075049268
1386164883288;25.0;1386164883276892530
1386164883538;27.0;1386164883477759229
1386164883680;26.0;1386164883679053174
1386164883883;27.0;1386164883881293164
1386164884302;28.0;1386164884284064160
1386164884489;29.0;1386164884485754834
1386164884688;30.0;1386164884687097845
1386164884890;29.0;1386164884888758001
1386164885292;30.0;1386164885291132269
1386164885496;32.0;1386164885493128119
1386164885698;30.0;1386164885694513617
1386164886098;28.0;1386164886096735296
1386164886306;27.0;1386164886298053798
1386164886702;28.0;1386164886700977382
1386164887307;29.0;1386164887305133877
1386164887508;30.0;1386164887506824550
1386164887710;29.0;1386164887708179531
1386164888314;27.0;1386164888312091884
1386164888919;28.0;1386164888916919765
1386164889158;27.0;1386164889118152675
1386164889323;30.0;1386164889319355068
1386164889523;32.0;1386164889521338938
1386164889925;31.0;1386164889923896311
1386164890127;29.0;1386164890125373362
1386164890328;28.0;1386164890326789377
1386164890736;30.0;1386164890729712961
1386164890946;31.0;1386164890931403635
1386164891134;32.0;1386164891132874752
1386164891346;33.0;1386164891333955074
1386164891536;34.0;1386164891535279537
1386164891944;33.0;1386164891938569332
1386164892142;31.0;1386164892140046382
1386164892349;29.0;1386164892341737056
1386164892755;24.0;1386164892744019771
1386164892947;29.0;1386164892945588375
1386164893155;30.0;1386164893147797847
1386164893753;29.0;1386164893751618648
1386164894760;30.0;1386164894758198432
1386164894967;33.0;1386164894960499458
1386164895163;37.0;1386164895161152534
1386164895368;53.0;1386164895363331489
1386164895572;58.0;1386164895565357856
1386164895766;53.0;1386164895765394677
1386164895968;61.0;1386164895967176903
1386164896170;48.0;1386164896169050683
1386164896376;38.0;1386164896369703759
1386164896774;36.0;1386164896772383202
1386164897177;34.0;1386164897175459374
1386164897586;36.0;1386164897578169335
1386164897781;39.0;1386164897780043114
1386164897988;42.0;1386164897981825341
1386164898185;46.0;1386164898182875145
1386164898390;49.0;1386164898384565819
1386164898597;51.0;1386164898585493554
1386164898788;52.0;1386164898786848534
1386164899395;53.0;1386164899392030443
1386164899594;50.0;1386164899592805590
1386164899795;51.0;1386164899794069018
1386164899997;47.0;1386164899996247973
1386164900203;53.0;1386164900198060717
1386164900448;54.0;1386164900398286547
1386164900601;48.0;1386164900599757773
1386164900802;54.0;1386164900801173789
1386164901005;79.0;1386164901003322226
1386164901211;125.0;1386164901205287558
1386164901407;181.0;1386164901405391318
1386164901613;206.0;1386164901608150107
1386164901814;217.0;1386164901808498008
1386164902012;221.0;1386164902010554892
1386164902414;218.0;1386164902412685019
1386164902616;219.0;1386164902614558799
1386164902817;222.0;1386164902815547568
1386164903020;221.0;1386164903017451865
1386164903221;219.0;1386164903218318564
1386164903424;213.0;1386164903420619590
1386164903628;207.0;1386164903622371299
1386164903830;208.0;1386164903824050044
1386164904248;211.0;1386164904225813960
1386164904428;217.0;1386164904427077388
1386164904655;215.0;1386164904628829097
1386164904839;213.0;1386164904830184077
1386164905033;212.0;1386164905031844233
1386164905234;215.0;1386164905232802485
1386164905435;217.0;1386164905434120941
1386164906056;215.0;1386164906039192963
1386164906247;213.0;1386164906241402436
1386164906443;206.0;1386164906441780854
1386164906645;204.0;1386164906643074799
1386164906845;205.0;1386164906844063568
1386164907053;209.0;1386164907046608734
1386164907249;216.0;1386164907247261811
1386164907455;215.0;1386164907449440766
1386164907651;58.0;1386164907650032807
1386164907853;83.0;1386164907852089691
1386164908058;173.0;1386164908053536225
1386164908256;192.0;1386164908254036713
1386164908457;190.0;1386164908455941010
1386164908665;188.0;1386164908658504833
1386164908860;193.0;1386164908858761180
1386164909329;194.0;1386164909261837352
1386164909464;193.0;1386164909462978710
1386164909867;191.0;1386164909865841259
1386164910271;193.0;1386164910268819850
1386164910472;192.0;1386164910470113795
1386164910877;191.0;1386164910873739284
1386164911091;190.0;1386164911074850124
1386164911278;193.0;1386164911276174587
1386164911478;191.0;1386164911477041286
1386164911900;188.0;1386164911880239528
1386164912312;186.0;1386164912283102077
1386164912486;185.0;1386164912484243434
1386164912687;184.0;1386164912685873073
1386164913493;188.0;1386164913492074353
1386164913896;186.0;1386164913894845349
1386164914102;185.0;1386164914096688611
1386164914299;175.0;1386164914297555310
1386164914510;98.0;1386164914499398572
1386164914742;147.0;1386164914700662000
1386164914904;196.0;1386164914902413709
1386164915110;194.0;1386164915103823907
1386164915306;178.0;1386164915304538018
1386164915511;139.0;1386164915506839044
1386164915710;133.0;1386164915707583673
1386164915910;151.0;1386164915909182794
1386164916160;181.0;1386164916110995538
1386164916313;215.0;1386164916311618097
1386164916515;226.0;1386164916513034112
1386164916716;238.0;1386164916714663751
1386164916918;240.0;1386164916916415460
1386164917124;245.0;1386164917118045099
1386164917541;102.0;1386164917520083673
1386164917732;33.0;1386164917721774347
1386164917927;38.0;1386164917923678643
1386164918130;28.0;1386164918125155694
1386164918327;30.0;1386164918326164255
1386164918550;21.0;1386164918528251657
1386164918731;23.0;1386164918729728708
1386164918938;22.0;1386164918930412302
1386164919133;21.0;1386164919131889353
1386164919336;27.0;1386164919333305368
1386164919536;33.0;1386164919534660349
1386164919738;28.0;1386164919736351022
1386164920146;36.0;1386164920140092535
1386164920343;35.0;1386164920340806646
1386164920575;24.0;1386164920541917486
1386164920745;32.0;1386164920743498383
1386164920946;27.0;1386164920944975434
1386164921148;17.0;1386164921146635590
1386164921365;24.0;1386164921347685395
1386164921551;32.0;1386164921549803315
1386164921752;15.0;1386164921750608979
1386164921956;32.0;1386164921952726899
1386164922160;35.0;1386164922154112397
1386164922392;17.0;1386164922355034598
1386164922558;32.0;1386164922556175955
1386164922760;61.0;1386164922757897147
1386164922960;38.0;1386164922959221610
1386164923364;37.0;1386164923362145194
1386164923565;36.0;1386164923563347586
1386164923766;35.0;1386164923764946707
1386164924174;32.0;1386164924168205985
1386164924375;29.0;1386164924370293387
1386164924573;23.0;1386164924570763358
1386164924773;18.0;1386164924772087821
1386164924976;19.0;1386164924973442801
1386164925176;16.0;1386164925174584159
1386164925378;13.0;1386164925376274832
1386164925579;17.0;1386164925577832053
1386164926010;15.0;1386164925980877707
1386164926183;10.0;1386164926181958029
1386164926386;17.0;1386164926383374045
1386164926586;14.0;1386164926585034201
1386164926788;8.0;1386164926786694357
1386164926997;9.0;1386164926989147970
1386164927191;16.0;1386164927189493966
1386164927411;28.0;1386164927390665841
1386164927599;21.0;1386164927593211007
1386164927795;9.0;1386164927794016671
1386164927996;12.0;1386164927994956959
1386164928201;7.0;1386164928197257984
1386164928404;9.0;1386164928398674000
1386164928653;8.0;1386164928600608814
1386164928802;14.0;1386164928800529469
1386164929004;8.0;1386164929002342213
1386164929205;15.0;1386164929203544605
1386164929406;25.0;1386164929404930103
1386164929614;20.0;1386164929606645314
1386164930011;19.0;1386164930009599415
1386164930212;26.0;1386164930210893361
1386164930445;21.0;1386164930412382962
1386164930615;10.0;1386164930613463284
1386164930817;20.0;1386164930815398099
1386164931023;19.0;1386164931017729642
1386164931220;12.0;1386164931217863919
1386164931427;15.0;1386164931419463040
1386164931622;16.0;1386164931620970608
1386164931824;11.0;1386164931822386624
1386164932227;8.0;1386164932225579180
1386164932428;9.0;1386164932426842607
1386164932630;5.0;1386164932628167070
1386164932848;17.0;1386164932829900793
1386164933034;16.0;1386164933031164220
1386164933234;10.0;1386164933232519201
1386164933439;8.0;1386164933434637121
1386164933637;31.0;1386164933635137609
1386164933840;32.0;1386164933836950353
1386164934050;27.0;1386164934038518957
1386164934247;9.0;1386164934240667394
1386164934445;13.0;1386164934441772356
1386164934647;33.0;1386164934643188371
1386164934846;26.0;1386164934843627825
1386164935046;16.0;1386164935045135393
1386164935254;10.0;1386164935246642961
1386164935491;19.0;1386164935449279680
1386164935651;17.0;1386164935649444475
1386164935853;13.0;1386164935850646868
1386164936058;8.0;1386164936053253069
1386164936255;15.0;1386164936253417864
1386164936463;21.0;1386164936456176653
1386164936685;24.0;1386164936656646623
1386164936860;12.0;1386164936857787981
1386164937062;18.0;1386164937059326067
1386164937288;35.0;1386164937260894670
1386164937464;34.0;1386164937462066545
1386164937700;16.0;1386164937664050414
1386164937867;17.0;1386164937865710570
1386164938077;33.0;1386164938068042113
1386164938271;32.0;1386164938268206908
1386164938475;24.0;1386164938470507933
1386164938677;13.0;1386164938672351195
1386164938875;19.0;1386164938872790648
1386164939075;44.0;1386164939073932006
1386164939295;28.0;1386164939275311471
1386164939523;5.0;1386164939477704049
1386164939682;6.0;1386164939678082467
1386164939882;7.0;1386164939879864693
1386164940083;20.0;1386164940080975533
1386164940284;17.0;1386164940282818795
1386164940491;33.0;1386164940483929635
1386164940687;47.0;1386164940685284615
1386164940889;34.0;1386164940887188912
1386164941090;65.0;1386164941088177682
1386164941291;83.0;1386164941289196969
1386164941492;85.0;1386164941490551949
1386164941697;83.0;1386164941692456246
1386164941896;79.0;1386164941893933297
1386164942097;72.0;1386164942095044137
1386164942298;57.0;1386164942296692231
1386164942524;49.0;1386164942498504975
1386164942903;48.0;1386164942901550630
1386164943106;40.0;1386164943102569917
1386164943306;64.0;1386164943303955415
1386164943507;60.0;1386164943505279878
1386164943712;37.0;1386164943707062104
1386164943911;42.0;1386164943908716812
1386164944111;44.0;1386164944109644547
1386164944318;50.0;1386164944312220230
1386164944515;56.0;1386164944512537613
1386164944715;28.0;1386164944714045182
1386164944917;38.0;1386164944915735855
1386164945119;46.0;1386164945116999283
1386164945328;28.0;1386164945318140641
1386164945521;45.0;1386164945519617691
1386164945722;33.0;1386164945721094742
1386164945926;73.0;1386164945922785416
1386164946125;92.0;1386164946123865738
1386164946327;96.0;1386164946325220719
1386164946529;144.0;1386164946526911393
1386164946738;234.0;1386164946728266373
1386164946932;280.0;1386164946930170670
1386164947133;324.0;1386164947131665903
1386164947342;309.0;1386164947333112436
1386164947536;201.0;1386164947534497934
1386164947737;122.0;1386164947735486704
1386164947939;245.0;1386164947937665659
1386164948147;329.0;1386164948138990122
1386164948347;331.0;1386164948340528208
1386164948576;329.0;1386164948541364390
1386164948744;327.0;1386164948742957501
1386164948964;329.0;1386164948944861798
1386164949147;327.0;1386164949145636944
1386164949551;330.0;1386164949548591046
1386164950167;331.0;1386164950152717023
1386164950356;327.0;1386164950354316144
1386164950766;322.0;1386164950756873517
