1386164576064
1386164580613
1386164582607
1386164588523
1386164589387
1386164594157
1386164595477
1386164600268
1386164602014
1386164607233
1386164608706
1386164614118
1386164615550
1386164621217
1386164622642
1386164628380
1386164630455
1386164636578
1386164638110
1386164643323
1386164644836
1386164650164
1386164651783
1386164656974
1386164658567
1386164663968
1386164665897
1386164671322
1386164673030
1386164677964
1386164679423
1386164684531
1386164686071
1386164691100
1386164692752
1386164697909
1386164699228
1386164704080
1386164705718
1386164709923
1386164711657
1386164716268
1386164718135
1386164722766
1386164724598
1386164729680
1386164731483
1386164736790
1386164738538
1386164743591
1386164745034
1386164749777
1386164751511
1386164756041
1386164757948
1386164762946
1386164764666
1386164769565
1386164771407
1386164776119
1386164777794
1386164782557
1386164784203
1386164789757
1386164791214
1386164796274
1386164797842
1386164803088
1386164804877
1386164809769
1386164811525
1386164816249
1386164817990
1386164822895
1386164824619
1386164829127
1386164830763
1386164835548
1386164836967
1386164842237
1386164843977
1386164848712
1386164850364
1386164855041
1386164856787
1386164861649
1386164863447
1386164868783
1386164870344
1386164875013
1386164877051
1386164882237
1386164883860
1386164887893
1386164889735
1386164894115
1386164895895
1386164900455
1386164901994
1386164906340
1386164908355
1386164913784
