1386164292431
1386164293554
1386164294249
1386164294927
1386164295991
1386164296253
1386164296939
1386164297578
1386164298245
1386164298854
1386164299517
1386164300126
1386164300771
1386164301422
1386164302051
1386164302673
1386164303312
1386164303913
1386164304465
1386164305141
1386164305765
1386164306405
1386164307018
1386164307649
1386164308280
1386164308951
1386164309544
1386164310219
1386164310799
1386164311459
1386164311994
1386164312645
1386164313314
1386164313913
1386164314474
1386164315126
1386164315802
1386164316459
1386164317127
1386164317706
1386164318308
1386164318908
1386164319484
1386164320173
1386164320728
1386164321346
1386164322017
1386164322584
1386164323205
1386164323765
1386164324358
