1386164272939;1020.739;1386164272390454516
1386164272942;1020.769;1386164272446362720
1386164272946;1020.77893;1386164272481457934
1386164272973;1020.78894;1386164272517346606
1386164272977;1020.78894;1386164272581799731
1386164272979;1020.78894;1386164272614575610
1386164272991;1020.80896;1386164272648785815
1386164273002;1020.80896;1386164272682782397
1386164273008;1020.80896;1386164272715527759
1386164273012;1020.819;1386164272749249682
1386164273020;1020.819;1386164272783520923
1386164273025;1020.819;1386164272816205249
1386164273037;1020.819;1386164272849896655
1386164273049;1020.8289;1386164272884332817
1386164273239;1020.8289;1386164272917017143
1386164273244;1020.8289;1386164272950739067
1386164273258;1020.8389;1386164272985040825
1386164273264;1020.8389;1386164273017755669
1386164273270;1020.84894;1386164273051416557
1386164273293;1020.84894;1386164273085748833
1386164273303;1020.84894;1386164273118433159
1386164273315;1020.8589;1386164273152155083
1386164273321;1020.8589;1386164273186426323
1386164273325;1020.8589;1386164273219110649
1386164273479;1020.8689;1386164273252832573
1386164273487;1020.8589;1386164273287347954
1386164273497;1020.8589;1386164273323053520
1386164273520;1020.8689;1386164273387872856
1386164273533;1020.8689;1386164273420557182
1386164273539;1020.8689;1386164273454248589
1386164273583;1020.8789;1386164273488580864
1386164273589;1020.8789;1386164273521265190
1386164273596;1020.8789;1386164273554987114
1386164273610;1020.8689;1386164273589349907
1386164273624;1020.8689;1386164273622064751
1386164273658;1020.8789;1386164273655664604
1386164273693;1020.8789;1386164273689996880
1386164273725;1020.8689;1386164273722681206
1386164273760;1020.8689;1386164273756464165
1386164273795;1020.8589;1386164273790643852
1386164273828;1020.8589;1386164273823358696
1386164273859;1020.8689;1386164273857111137
1386164273896;1020.8589;1386164273891351860
1386164273926;1020.8589;1386164273924036186
1386164273959;1020.84894;1386164273957788628
1386164273994;1020.84894;1386164273992120903
1386164274026;1020.8389;1386164274024805229
1386164274060;1020.8389;1386164274058527153
1386164274095;1020.8389;1386164274092798393
1386164274127;1020.8389;1386164274125543755
1386164274161;1020.8289;1386164274159570854
1386164274195;1020.8289;1386164274193506401
1386164274228;1020.819;1386164274226221245
1386164274276;1020.819;1386164274259943169
1386164274299;1020.819;1386164274294275444
1386164274329;1020.8289;1386164274326990288
1386164274362;1020.819;1386164274360620659
1386164274397;1020.819;1386164274394952934
1386164274445;1020.8289;1386164274427637260
1386164274465;1020.8289;1386164274461298149
1386164274497;1020.8289;1386164274495838053
1386164274530;1020.8289;1386164274528522379
1386164274571;1020.8289;1386164274562213785
1386164274600;1020.8289;1386164274596698649
1386164274634;1020.8289;1386164274632465250
1386164274699;1020.8289;1386164274697254069
1386164274731;1020.8389;1386164274729938395
1386164274765;1020.8389;1386164274763660319
1386164274803;1020.8389;1386164274797962076
1386164274832;1020.8389;1386164274830646403
1386164274865;1020.84894;1386164274864368326
1386164274901;1020.84894;1386164274898883707
1386164274943;1020.84894;1386164274934589274
1386164275001;1020.84894;1386164274999378092
1386164275034;1020.8389;1386164275032062418
1386164275067;1020.84894;1386164275065753825
1386164275101;1020.8389;1386164275100025065
1386164275134;1020.8389;1386164275132739909
1386164275169;1020.8389;1386164275166492350
1386164275202;1020.8389;1386164275200794108
1386164275236;1020.8389;1386164275233508951
1386164275270;1020.8389;1386164275267444498
1386164275303;1020.8389;1386164275301484106
1386164275335;1020.8289;1386164275334168433
1386164275369;1020.8289;1386164275367920874
1386164275405;1020.8289;1386164275402222632
1386164275436;1020.8289;1386164275435029028
1386164275470;1020.8289;1386164275468659399
1386164275505;1020.819;1386164275502961157
1386164275556;1020.8289;1386164275535645483
1386164275570;1020.819;1386164275569336890
1386164275605;1020.819;1386164275603638647
1386164275641;1020.819;1386164275636353491
1386164275692;1020.80896;1386164275670075415
1386164275708;1020.80896;1386164275704407690
1386164275740;1020.80896;1386164275737092017
1386164275772;1020.80896;1386164275770752905
1386164275807;1020.80896;1386164275805085181
1386164275840;1020.819;1386164275837769507
1386164275873;1020.819;1386164275871491431
1386164275912;1020.819;1386164275905823706
1386164275940;1020.819;1386164275938508032
1386164275973;1020.819;1386164275972168921
1386164276008;1020.819;1386164276006501196
1386164276043;1020.819;1386164276039185522
1386164276074;1020.819;1386164276072907446
1386164276109;1020.819;1386164276107148169
1386164276141;1020.80896;1386164276139832495
1386164276177;1020.819;1386164276173584936
1386164276210;1020.819;1386164276207947729
1386164276243;1020.819;1386164276240662573
1386164276275;1020.819;1386164276274323462
1386164276310;1020.8289;1386164276308625220
1386164276343;1020.8289;1386164276341309546
1386164276381;1020.8289;1386164276375214575
1386164276411;1020.8289;1386164276409272192
1386164276443;1020.8289;1386164276441987036
1386164276477;1020.8289;1386164276475739477
1386164276512;1020.8289;1386164276510071753
1386164276544;1020.8389;1386164276542756079
1386164276578;1020.8389;1386164276576447485
1386164276612;1020.8389;1386164276610688208
1386164276645;1020.84894;1386164276643403052
1386164276679;1020.8589;1386164276677338599
1386164276713;1020.8589;1386164276711396216
1386164276745;1020.8589;1386164276744111060
1386164276783;1020.8689;1386164276777802466
1386164276814;1020.8789;1386164276812165259
1386164276846;1020.8789;1386164276844880102
1386164276880;1020.8889;1386164276878571509
1386164276925;1020.8889;1386164276913050780
1386164276947;1020.8989;1386164276945735106
1386164276981;1020.9089;1386164276979457030
1386164277016;1020.9089;1386164277013697753
1386164277048;1020.9089;1386164277046382079
1386164277081;1020.9089;1386164277080104003
1386164277117;1020.9089;1386164277114375243
1386164277148;1020.9189;1386164277147059569
1386164277182;1020.9289;1386164277180812011
1386164277217;1020.9289;1386164277215174804
1386164277249;1020.93884;1386164277247859130
1386164277284;1020.93884;1386164277281886229
1386164277318;1020.93884;1386164277315852294
1386164277350;1020.93884;1386164277348536620
1386164277388;1020.93884;1386164277382289061
1386164277421;1020.93884;1386164277416499266
1386164277450;1020.9289;1386164277449183593
1386164277484;1020.9289;1386164277482936034
1386164277519;1020.9189;1386164277517268309
1386164277551;1020.9189;1386164277549983153
1386164277585;1020.9089;1386164277583674559
1386164277620;1020.9089;1386164277617976317
1386164277652;1020.9189;1386164277650660643
1386164277685;1020.9089;1386164277684382567
1386164277720;1020.9089;1386164277718788440
1386164277754;1020.8989;1386164277751472766
1386164277786;1020.8989;1386164277785255725
1386164277823;1020.8989;1386164277819496448
1386164277853;1020.8889;1386164277852180774
1386164277931;1020.8989;1386164277885902698
1386164277966;1020.8889;1386164277920204456
1386164277977;1020.8889;1386164277952888782
1386164277989;1020.8989;1386164277986610706
1386164278026;1020.8989;1386164278021065051
1386164278055;1020.8989;1386164278053749378
1386164278089;1020.9089;1386164278087349231
1386164278127;1020.9089;1386164278121596320
1386164278156;1020.9089;1386164278154311164
1386164278189;1020.8989;1386164278188033088
1386164278223;1020.8889;1386164278222365363
1386164278256;1020.8889;1386164278255080207
1386164278290;1020.8889;1386164278288802131
1386164278325;1020.8889;1386164278323012336
1386164278357;1020.8889;1386164278355727180
1386164278391;1020.8889;1386164278389449103
1386164278426;1020.8989;1386164278423811896
1386164278466;1020.8989;1386164278456496222
1386164278492;1020.8989;1386164278490218146
1386164278527;1020.8989;1386164278524428351
1386164278558;1020.8989;1386164278557143195
1386164278597;1020.8989;1386164278591017707
1386164278626;1020.8989;1386164278625166877
1386164278659;1020.8989;1386164278657912238
1386164278693;1020.8989;1386164278691603644
1386164278728;1020.9089;1386164278725905402
1386164278763;1020.9089;1386164278758589728
1386164278794;1020.9189;1386164278792250617
1386164278832;1020.9189;1386164278826552375
1386164278860;1020.9189;1386164278859236701
1386164278894;1020.9189;1386164278893111213
1386164278930;1020.9089;1386164278927303658
1386164278961;1020.9089;1386164278960018501
1386164278995;1020.9089;1386164278993801460
1386164279030;1020.9089;1386164279028011665
1386164279062;1020.9089;1386164279060726509
1386164279096;1020.9089;1386164279094448433
1386164279130;1020.8989;1386164279129024849
1386164279166;1020.8989;1386164279164638863
1386164279231;1020.8989;1386164279229488716
1386164279264;1020.8989;1386164279262173042
1386164279297;1020.9089;1386164279295894966
1386164279332;1020.8989;1386164279330135689
1386164279364;1020.8989;1386164279362850533
1386164279398;1020.8989;1386164279396602974
1386164279432;1020.8989;1386164279430935249
1386164279465;1020.8989;1386164279463619576
1386164279499;1020.8989;1386164279497310982
1386164279533;1020.8989;1386164279531551705
1386164279583;1020.8989;1386164279564236031
1386164279599;1020.8989;1386164279598202095
1386164279634;1020.8989;1386164279632259712
1386164279666;1020.8989;1386164279664974556
1386164279700;1020.8989;1386164279698757515
1386164279740;1020.8989;1386164279733242378
1386164279770;1020.8989;1386164279768886910
1386164279835;1020.9089;1386164279833736763
1386164279868;1020.8989;1386164279866421089
1386164279905;1020.8989;1386164279900539742
1386164279936;1020.8989;1386164279934414253
1386164279969;1020.8989;1386164279967098580
1386164280028;1020.9089;1386164280000820503
1386164280040;1020.9089;1386164280035366402
1386164280072;1020.9089;1386164280071010933
1386164280137;1020.9089;1386164280135860787
1386164280172;1020.9089;1386164280168545113
1386164280204;1020.9089;1386164280202236519
1386164280239;1020.8989;1386164280236507759
1386164280270;1020.9089;1386164280269192085
1386164280304;1020.9089;1386164280302975044
1386164280340;1020.9089;1386164280337551460
1386164280382;1020.9089;1386164280373287544
1386164280439;1020.8989;1386164280437984810
1386164280472;1020.8989;1386164280470669136
1386164280506;1020.8989;1386164280504391060
1386164280544;1020.8989;1386164280538839537
1386164280573;1020.8889;1386164280571554381
1386164280606;1020.8889;1386164280605215269
1386164280641;1020.8889;1386164280639547545
1386164280673;1020.8789;1386164280672262388
1386164280707;1020.8789;1386164280705892759
1386164280741;1020.8789;1386164280740255552
1386164280774;1020.8789;1386164280772939879
1386164280810;1020.8789;1386164280806661802
1386164280843;1020.8789;1386164280841055113
1386164280875;1020.8789;1386164280873769957
1386164280909;1020.8789;1386164280907369810
1386164280944;1020.8789;1386164280941671568
1386164280976;1020.8789;1386164280974355894
1386164281018;1020.8789;1386164281008047300
1386164281044;1020.8789;1386164281042318541
1386164281076;1020.8789;1386164281075033384
1386164281110;1020.8889;1386164281108785826
1386164281144;1020.8789;1386164281143118101
1386164281177;1020.8889;1386164281175832945
1386164281211;1020.8989;1386164281209524351
1386164281246;1020.8989;1386164281243734556
1386164281278;1020.8989;1386164281276418883
1386164281312;1020.8889;1386164281310201841
1386164281347;1020.8889;1386164281344577095
1386164281379;1020.8889;1386164281377322457
1386164281412;1020.8889;1386164281410983345
1386164281447;1020.8789;1386164281445498726
1386164281483;1020.8789;1386164281481204293
1386164281548;1020.8789;1386164281545993111
1386164281580;1020.8789;1386164281578677437
1386164281614;1020.8789;1386164281612429879
1386164281648;1020.8889;1386164281646731636
1386164281680;1020.8789;1386164281679415962
1386164281714;1020.8889;1386164281713168404
1386164281760;1020.8889;1386164281747348091
1386164281806;1020.8889;1386164281780062935
1386164281815;1020.8889;1386164281813998482
1386164281849;1020.8889;1386164281848117134
1386164281882;1020.8889;1386164281880831978
1386164281916;1020.8889;1386164281914523384
1386164281950;1020.8889;1386164281948794625
1386164281983;1020.8889;1386164281981478951
1386164282017;1020.8989;1386164282015261910
1386164282051;1020.8989;1386164282049472115
1386164282083;1020.8989;1386164282082156441
1386164282119;1020.8989;1386164282115908882
1386164282153;1020.8989;1386164282150241158
1386164282184;1020.8989;1386164282182925484
1386164282223;1020.8989;1386164282216647408
1386164282259;1020.8989;1386164282250888130
1386164282285;1020.8989;1386164282283572457
1386164282319;1020.8989;1386164282317355416
1386164282354;1020.8989;1386164282351992867
1386164282389;1020.8989;1386164282387576363
1386164282454;1020.8989;1386164282452365181
1386164282486;1020.8989;1386164282485049507
1386164282520;1020.8989;1386164282518771431
1386164282555;1020.8989;1386164282553073189
1386164282587;1020.8989;1386164282585757515
1386164282622;1020.8889;1386164282619479439
1386164282655;1020.8989;1386164282653811714
1386164282688;1020.8889;1386164282686496041
1386164282722;1020.8889;1386164282720217964
1386164282756;1020.8889;1386164282754458687
1386164282788;1020.8889;1386164282787173531
1386164282822;1020.8789;1386164282820895455
1386164282859;1020.8789;1386164282855197212
1386164282889;1020.8789;1386164282887881539
1386164282923;1020.8789;1386164282921750211
1386164282957;1020.8889;1386164282956051969
1386164282990;1020.8889;1386164282988736295
1386164283024;1020.8889;1386164283022458219
1386164283058;1020.8889;1386164283056698942
1386164283091;1020.8789;1386164283089413786
1386164283124;1020.8889;1386164283123135710
1386164283159;1020.8889;1386164283157437467
1386164283191;1020.8889;1386164283190121794
1386164283225;1020.8889;1386164283223874235
1386164283271;1020.8989;1386164283258175993
1386164283293;1020.9089;1386164283290890836
1386164283326;1020.9189;1386164283324826383
1386164283363;1020.9189;1386164283358853483
1386164283393;1020.9189;1386164283391537809
1386164283427;1020.9189;1386164283425259733
1386164283461;1020.9189;1386164283459622526
1386164283494;1020.9189;1386164283492306852
1386164283529;1020.9189;1386164283525998258
1386164283562;1020.9289;1386164283560300016
1386164283594;1020.9289;1386164283592984342
1386164283628;1020.9289;1386164283626675749
1386164283663;1020.9289;1386164283661008024
1386164283695;1020.9189;1386164283693692350
1386164283729;1020.9289;1386164283727518581
1386164283764;1020.9189;1386164283761820339
1386164283796;1020.9089;1386164283794504665
1386164283829;1020.9089;1386164283828440212
1386164283864;1020.8989;1386164283862497829
1386164283896;1020.8989;1386164283895212673
1386164283930;1020.8989;1386164283928904079
1386164283970;1020.8989;1386164283963236354
1386164283997;1020.8989;1386164283995920681
1386164284031;1020.8989;1386164284029612087
1386164284065;1020.8889;1386164284063944362
1386164284098;1020.8889;1386164284096628688
1386164284131;1020.8889;1386164284130387479
1386164284169;1020.8889;1386164284164628201
1386164284198;1020.8889;1386164284197312528
1386164284232;1020.8889;1386164284231034451
1386164284269;1020.8889;1386164284265336209
1386164284299;1020.8889;1386164284298020535
1386164284333;1020.8889;1386164284331742459
1386164284368;1020.8789;1386164284366196805
1386164284403;1020.8789;1386164284401993924
1386164284468;1020.8689;1386164284466782742
1386164284503;1020.8689;1386164284499467069
1386164284534;1020.8689;1386164284533158475
1386164284569;1020.8689;1386164284567490750
1386164284601;1020.8689;1386164284600175076
1386164284635;1020.8689;1386164284633897000
1386164284670;1020.8689;1386164284668168241
1386164284702;1020.8689;1386164284700852567
1386164284736;1020.8689;1386164284734605008
1386164284771;1020.8689;1386164284768937284
1386164284803;1020.8689;1386164284801621610
1386164284841;1020.8689;1386164284835313016
1386164284874;1020.8789;1386164284869614774
1386164284904;1020.8789;1386164284902360135
1386164284937;1020.8889;1386164284936094793
1386164284972;1020.8889;1386164284970427069
1386164285004;1020.8889;1386164285003111395
1386164285046;1020.8989;1386164285036833319
1386164285073;1020.8989;1386164285071135076
1386164285105;1020.8989;1386164285103819403
1386164285139;1020.9089;1386164285137724432
1386164285175;1020.8989;1386164285171782049
1386164285205;1020.9089;1386164285204466375
1386164285241;1020.9089;1386164285238249334
1386164285274;1020.9089;1386164285272520574
1386164285307;1020.9089;1386164285305388006
1386164285340;1020.8989;1386164285338933189
1386164285375;1020.8989;1386164285373295982
1386164285409;1020.8989;1386164285406010826
1386164285441;1020.8989;1386164285439976891
1386164285476;1020.8989;1386164285474187096
1386164285511;1020.8889;1386164285510045250
1386164285577;1020.8889;1386164285574925621
1386164285612;1020.8889;1386164285610753258
1386164285677;1020.8789;1386164285675633629
1386164285713;1020.8789;1386164285711461266
1386164285778;1020.8789;1386164285776341637
1386164285814;1020.8789;1386164285812169273
1386164286047;1020.8689;1386164285877019127
1386164286051;1020.8689;1386164285912846764
1386164286056;1020.8689;1386164285977727135
1386164286059;1020.8589;1386164286013585289
1386164286080;1020.8589;1386164286078221519
1386164286112;1020.8589;1386164286110966881
1386164286146;1020.84894;1386164286144732040
1386164286182;1020.8389;1386164286179247421
1386164286220;1020.8389;1386164286215075058
1386164286281;1020.8289;1386164286279741806
1386164286314;1020.8289;1386164286312426132
1386164286347;1020.8289;1386164286346087021
1386164286390;1020.8289;1386164286380419296
1386164286414;1020.8289;1386164286413103622
1386164286448;1020.8289;1386164286446856064
1386164286484;1020.8289;1386164286481371444
1386164286518;1020.8289;1386164286517199081
1386164286583;1020.819;1386164286582079452
1386164286619;1020.819;1386164286617907089
1386164286714;1020.819;1386164286682817978
1386164286720;1020.819;1386164286718493026
1386164286785;1020.8289;1386164286783251327
1386164286817;1020.8289;1386164286815935653
1386164286852;1020.8289;1386164286849657577
1386164286886;1020.8389;1386164286883898300
1386164286918;1020.8389;1386164286916643661
1386164286951;1020.8389;1386164286950335067
1386164286990;1020.8389;1386164286984636825
1386164287019;1020.8389;1386164287017443222
1386164287052;1020.84894;1386164287051073593
1386164287087;1020.84894;1386164287085375351
1386164287119;1020.84894;1386164287118090194
1386164287153;1020.8589;1386164287152117294
1386164287187;1020.8589;1386164287186083358
1386164287220;1020.8589;1386164287218798202
1386164287254;1020.8589;1386164287252459091
1386164287300;1020.8589;1386164287286821884
1386164287322;1020.8589;1386164287319506210
1386164287354;1020.8689;1386164287353167099
1386164287389;1020.8589;1386164287387499374
1386164287423;1020.8589;1386164287420214218
1386164287456;1020.8589;1386164287453875106
1386164287490;1020.8589;1386164287488207382
1386164287522;1020.8589;1386164287520891708
1386164287556;1020.84894;1386164287554613632
1386164287591;1020.8389;1386164287588854355
1386164287623;1020.8389;1386164287621538681
1386164287657;1020.8389;1386164287655352157
1386164287692;1020.8289;1386164287689562362
1386164287724;1020.8289;1386164287722277206
1386164287758;1020.8289;1386164287756176328
1386164287792;1020.8289;1386164287790539121
1386164287824;1020.8289;1386164287823253965
1386164287858;1020.8289;1386164287856853818
1386164287897;1020.8289;1386164287891216611
1386164287925;1020.8289;1386164287923900937
1386164287961;1020.8289;1386164287957622861
1386164287994;1020.8289;1386164287991863584
1386164288026;1020.8389;1386164288024578428
1386164288060;1020.84894;1386164288058300351
1386164288095;1020.84894;1386164288092663144
1386164288129;1020.84894;1386164288125347470
1386164288160;1020.84894;1386164288159069394
1386164288195;1020.84894;1386164288193310117
1386164288227;1020.84894;1386164288226024961
1386164288265;1020.84894;1386164288259777402
1386164288297;1020.84894;1386164288294079160
1386164288328;1020.8589;1386164288326763486
1386164288361;1020.84894;1386164288360424375
1386164288396;1020.84894;1386164288394787168
1386164288429;1020.8389;1386164288427593564
1386164288462;1020.84894;1386164288461193418
1386164288497;1020.84894;1386164288495403623
1386164288529;1020.8389;1386164288528148984
1386164288565;1020.84894;1386164288562005699
1386164288598;1020.8389;1386164288596185387
1386164288631;1020.84894;1386164288628900230
1386164288664;1020.84894;1386164288662622154
1386164288699;1020.84894;1386164288696893394
1386164288731;1020.8589;1386164288729608238
1386164288765;1020.8589;1386164288763391197
1386164288803;1020.8589;1386164288797601402
1386164288831;1020.8589;1386164288830285728
1386164288865;1020.8589;1386164288864068687
1386164288900;1020.8589;1386164288898370445
1386164288932;1020.8689;1386164288931054771
1386164288966;1020.8689;1386164288964837730
1386164289000;1020.8689;1386164288999047935
1386164289033;1020.8689;1386164289031762779
1386164289067;1020.8689;1386164289065484703
1386164289102;1020.8689;1386164289100000084
1386164289137;1020.8689;1386164289135705650
1386164289202;1020.8689;1386164289200494469
1386164289234;1020.8689;1386164289233209312
1386164289269;1020.8689;1386164289266839684
1386164289308;1020.8589;1386164289301202476
1386164289335;1020.8589;1386164289333886803
1386164289372;1020.8589;1386164289367608726
1386164289409;1020.8689;1386164289401849449
1386164289436;1020.8689;1386164289434564293
1386164289470;1020.8589;1386164289468316734
1386164289504;1020.8589;1386164289502557457
1386164289538;1020.8589;1386164289535272301
1386164289575;1020.8589;1386164289569024742
1386164289605;1020.8589;1386164289603326500
1386164289638;1020.8589;1386164289636010826
1386164289672;1020.8589;1386164289669671715
1386164289706;1020.8589;1386164289704034508
1386164289738;1020.8589;1386164289736718834
1386164289771;1020.8589;1386164289770440758
1386164289807;1020.8589;1386164289804742516
1386164289839;1020.8589;1386164289837426842
1386164289873;1020.8589;1386164289871148766
1386164289907;1020.8589;1386164289905450523
1386164289940;1020.8589;1386164289938134850
1386164289973;1020.8589;1386164289971856773
1386164290007;1020.8589;1386164290006158531
1386164290040;1020.84894;1386164290038842857
1386164290074;1020.84894;1386164290072625816
1386164290108;1020.84894;1386164290106836021
1386164290141;1020.84894;1386164290139520348
1386164290174;1020.84894;1386164290173388829
1386164290210;1020.84894;1386164290207660069
1386164290242;1020.8589;1386164290240344395
1386164290275;1020.8589;1386164290274066319
1386164290310;1020.8589;1386164290308459630
1386164290343;1020.8589;1386164290341143956
1386164290376;1020.8589;1386164290375171056
1386164290413;1020.8589;1386164290409350743
1386164290446;1020.8589;1386164290445025792
1386164290511;1020.8589;1386164290509814610
1386164290544;1020.8589;1386164290542498936
1386164290578;1020.8589;1386164290576220860
1386164290612;1020.8589;1386164290610522618
1386164290644;1020.8589;1386164290643237462
1386164290678;1020.8589;1386164290676928868
1386164290713;1020.8589;1386164290711230626
1386164290745;1020.8589;1386164290743914952
1386164290779;1020.8589;1386164290777636876
1386164290813;1020.8589;1386164290811938634
1386164290846;1020.8689;1386164290844653477
1386164290880;1020.8689;1386164290878314366
1386164290914;1020.8689;1386164290912707677
1386164290947;1020.8589;1386164290945392003
1386164290981;1020.8689;1386164290979217750
1386164291015;1020.8689;1386164291013427955
1386164291047;1020.8689;1386164291046142798
1386164291081;1020.8689;1386164291079925757
1386164291116;1020.8689;1386164291114105445
1386164291148;1020.8689;1386164291146789771
1386164291182;1020.8789;1386164291180572730
1386164291221;1020.8789;1386164291214874488
1386164291261;1020.8789;1386164291247589332
1386164291288;1020.8789;1386164291281250220
1386164291324;1020.8889;1386164291315582496
1386164291350;1020.8889;1386164291348297339
1386164291383;1020.8889;1386164291382086673
1386164291418;1020.8889;1386164291416296879
1386164291450;1020.8889;1386164291448981205
1386164291484;1020.8889;1386164291482703129
1386164291519;1020.8789;1386164291517249027
1386164291554;1020.8789;1386164291552924076
1386164291621;1020.8789;1386164291617743412
1386164291652;1020.8789;1386164291650427738
1386164291686;1020.8789;1386164291684180179
1386164291720;1020.8789;1386164291718390384
1386164291754;1020.8789;1386164291751074711
1386164291786;1020.8789;1386164291784857670
1386164291821;1020.8789;1386164291819067875
1386164291853;1020.8789;1386164291851782718
1386164291890;1020.8789;1386164291885535160
1386164291921;1020.8789;1386164291919775882
1386164291954;1020.8789;1386164291952490726
1386164291988;1020.8889;1386164291986243168
1386164292022;1020.8889;1386164292020544925
1386164292055;1020.8889;1386164292053229252
1386164292089;1020.8889;1386164292086951175
1386164292123;1020.8889;1386164292121252933
1386164292155;1020.8989;1386164292154041136
1386164292189;1020.8989;1386164292187763060
1386164292224;1020.8989;1386164292222003783
1386164292257;1020.9089;1386164292254718627
1386164292290;1020.9089;1386164292288471068
1386164292325;1020.9089;1386164292323016966
1386164292360;1020.9089;1386164292358692015
1386164292425;1020.9089;1386164292423450316
1386164292457;1020.9089;1386164292456134642
1386164292491;1020.9089;1386164292489887084
1386164292526;1020.9089;1386164292524158324
1386164292558;1020.9189;1386164292556849013
1386164292594;1020.9089;1386164292590570937
1386164292627;1020.9089;1386164292624872695
1386164292659;1020.8989;1386164292657587538
1386164292702;1020.8989;1386164292691309462
1386164292727;1020.8889;1386164292725580703
1386164292759;1020.8889;1386164292758265029
1386164292793;1020.8889;1386164292792047988
1386164292828;1020.8789;1386164292826258193
1386164292860;1020.8789;1386164292858942519
1386164292894;1020.8789;1386164292892725478
1386164292929;1020.8789;1386164292927057753
1386164292961;1020.8689;1386164292959742079
1386164292994;1020.8689;1386164292993402968
1386164293029;1020.8689;1386164293027735244
1386164293061;1020.8689;1386164293060450087
1386164293095;1020.8689;1386164293094141494
1386164293134;1020.8689;1386164293128656874
1386164293165;1020.8689;1386164293164362441
1386164293231;1020.8789;1386164293229181777
1386164293264;1020.8789;1386164293261866103
1386164293301;1020.8889;1386164293295526992
1386164293335;1020.8889;1386164293329828749
1386164293364;1020.8989;1386164293362647876
1386164293398;1020.8989;1386164293396369800
1386164293432;1020.8989;1386164293430671558
1386164293467;1020.9089;1386164293463355884
1386164293501;1020.9089;1386164293497291431
1386164293533;1020.9089;1386164293531349048
1386164293565;1020.9089;1386164293564063892
1386164293604;1020.9089;1386164293597785816
1386164293634;1020.8989;1386164293632057056
1386164293666;1020.8989;1386164293664771900
1386164293700;1020.8989;1386164293698493823
1386164293741;1020.8889;1386164293732765064
1386164293767;1020.8889;1386164293765486353
1386164293800;1020.8889;1386164293799208277
1386164293835;1020.8889;1386164293833540553
1386164293868;1020.8789;1386164293866224879
1386164293902;1020.8789;1386164293899916285
1386164293936;1020.8789;1386164293934462183
1386164293972;1020.8689;1386164293970076197
1386164294037;1020.8589;1386164294034926051
1386164294069;1020.8589;1386164294067610377
1386164294103;1020.84894;1386164294101301783
1386164294137;1020.84894;1386164294135664576
1386164294170;1020.84894;1386164294168348902
1386164294203;1020.84894;1386164294202070826
1386164294240;1020.8589;1386164294236555689
1386164294280;1020.8589;1386164294272291773
1386164294339;1020.8589;1386164294337050074
1386164294371;1020.84894;1386164294369764918
1386164294405;1020.84894;1386164294403639430
1386164294440;1020.84894;1386164294437727564
1386164294472;1020.84894;1386164294470411891
1386164294506;1020.84894;1386164294504133814
1386164294540;1020.8389;1386164294538527125
1386164294573;1020.84894;1386164294571285171
1386164294606;1020.84894;1386164294604946060
1386164294651;1020.84894;1386164294639217300
1386164294676;1020.84894;1386164294671962661
1386164294707;1020.84894;1386164294705654068
1386164294741;1020.8389;1386164294739955825
1386164294774;1020.8389;1386164294772640152
1386164294808;1020.8389;1386164294806362075
1386164294843;1020.8289;1386164294840694351
1386164294886;1020.8389;1386164294873378677
1386164294925;1020.8389;1386164294907039566
1386164294945;1020.8389;1386164294941585464
1386164294978;1020.8389;1386164294977321548
1386164295043;1020.8389;1386164295042049331
1386164295076;1020.84894;1386164295074733657
1386164295110;1020.84894;1386164295108486099
1386164295151;1020.84894;1386164295142726821
1386164295176;1020.84894;1386164295175441665
1386164295210;1020.8589;1386164295209194107
1386164295245;1020.8589;1386164295243617935
1386164295278;1020.8689;1386164295276302261
1386164295311;1020.8689;1386164295309902114
1386164295346;1020.8689;1386164295344203872
1386164295378;1020.8789;1386164295376918716
1386164295412;1020.8789;1386164295410610122
1386164295446;1020.8789;1386164295445033950
1386164295482;1020.8789;1386164295480983657
1386164295930;1020.8789;1386164295545925064
1386164295933;1020.8789;1386164295581691665
1386164295948;1020.8789;1386164295646572036
1386164295951;1020.8789;1386164295682399673
1386164295960;1020.8789;1386164295747280044
1386164295962;1020.8689;1386164295783107681
1386164295972;1020.8689;1386164295847988052
1386164295976;1020.8589;1386164295883815689
1386164296001;1020.84894;1386164295948451919
1386164296005;1020.84894;1386164295981136245
1386164296016;1020.8389;1386164296014858169
1386164296051;1020.8389;1386164296049098892
1386164296085;1020.84894;1386164296081783218
1386164296117;1020.8389;1386164296115535659
1386164296152;1020.8389;1386164296149898452
1386164296184;1020.8389;1386164296182759954
1386164296218;1020.8389;1386164296216481878
1386164296253;1020.8389;1386164296250692083
1386164296284;1020.8389;1386164296283376410
1386164296323;1020.8389;1386164296317098333
1386164296353;1020.8389;1386164296351461126
1386164296385;1020.8389;1386164296384175970
1386164296419;1020.8389;1386164296417867376
1386164296454;1020.84894;1386164296452138617
1386164296486;1020.84894;1386164296484822943
1386164296520;1020.84894;1386164296518544867
1386164296554;1020.84894;1386164296552907660
1386164296587;1020.84894;1386164296585591986
1386164296625;1020.84894;1386164296619313910
1386164296655;1020.8589;1386164296653554632
1386164296696;1020.8589;1386164296686269476
1386164296721;1020.8589;1386164296719960882
1386164296756;1020.8589;1386164296754293158
1386164296788;1020.8589;1386164296786977484
1386164296822;1020.8689;1386164296820699408
1386164296862;1020.8789;1386164296855001165
1386164296889;1020.8789;1386164296887685492
1386164296923;1020.8789;1386164296921407415
1386164296957;1020.8889;1386164296955709173
1386164296989;1020.8889;1386164296988436625
1386164297023;1020.8889;1386164297022128032
1386164297058;1020.8889;1386164297056460307
1386164297090;1020.8889;1386164297089144633
1386164297127;1020.8889;1386164297122866557
1386164297159;1020.8789;1386164297157198832
1386164297191;1020.8789;1386164297189913676
1386164297225;1020.8689;1386164297223574565
1386164297259;1020.8689;1386164297257906840
1386164297292;1020.8589;1386164297290591166
1386164297325;1020.84894;1386164297324252055
1386164297360;1020.84894;1386164297358584330
1386164297394;1020.8289;1386164297391268657
1386164297427;1020.8289;1386164297425204204
1386164297461;1020.819;1386164297459231303
1386164297493;1020.819;1386164297491915629
1386164297527;1020.80896;1386164297525668071
1386164297565;1020.80896;1386164297560061381
1386164297594;1020.79895;1386164297592776225
1386164297628;1020.79895;1386164297626406596
1386164297662;1020.79895;1386164297660677836
1386164297695;1020.79895;1386164297693362163
1386164297730;1020.79895;1386164297727084086
1386164297763;1020.79895;1386164297761416362
1386164297796;1020.80896;1386164297794100688
1386164297829;1020.80896;1386164297827822612
1386164297864;1020.819;1386164297862093852
1386164297896;1020.819;1386164297894778178
1386164297930;1020.819;1386164297928530620
1386164297966;1020.819;1386164297962832377
1386164297997;1020.8289;1386164297995547221
1386164298031;1020.8289;1386164298029269145
1386164298069;1020.8389;1386164298063754008
1386164298101;1020.8389;1386164298099459575
1386164298169;1020.84894;1386164298164278911
1386164298199;1020.84894;1386164298196963237
1386164298233;1020.84894;1386164298230654643
1386164298267;1020.8589;1386164298265108989
1386164298302;1020.8589;1386164298300875590
1386164298367;1020.8589;1386164298365664409
1386164298400;1020.8589;1386164298398409770
1386164298438;1020.8689;1386164298432101176
1386164298470;1020.8589;1386164298466341899
1386164298500;1020.8689;1386164298499026225
1386164298534;1020.8689;1386164298532748149
1386164298571;1020.8689;1386164298567049907
1386164298601;1020.8689;1386164298599911535
1386164298637;1020.8689;1386164298633633459
1386164298670;1020.8689;1386164298667874182
1386164298702;1020.8589;1386164298700619543
1386164298736;1020.8589;1386164298734280432
1386164298770;1020.8589;1386164298768643225
1386164298805;1020.8589;1386164298801327551
1386164298836;1020.8589;1386164298835018957
1386164298870;1020.8589;1386164298869290198
1386164298904;1020.8589;1386164298902005041
1386164298938;1020.8589;1386164298935726965
1386164298972;1020.8589;1386164298970089758
1386164299004;1020.8589;1386164299002774084
1386164299038;1020.8689;1386164299036465490
1386164299078;1020.8689;1386164299070767248
1386164299105;1020.8689;1386164299103451574
1386164299138;1020.8689;1386164299137173498
1386164299173;1020.8689;1386164299171566809
1386164299205;1020.8589;1386164299204251135
1386164299239;1020.8589;1386164299237881506
1386164299274;1020.8589;1386164299272122229
1386164299306;1020.8689;1386164299304837073
1386164299340;1020.8589;1386164299338558996
1386164299375;1020.8589;1386164299372891272
1386164299407;1020.8589;1386164299405649269
1386164299442;1020.8589;1386164299439310158
1386164299476;1020.8589;1386164299473672951
1386164299507;1020.8589;1386164299506357277
1386164299542;1020.8589;1386164299540079201
1386164299576;1020.8589;1386164299574411476
1386164299608;1020.84894;1386164299607126320
1386164299644;1020.84894;1386164299640756691
1386164299678;1020.84894;1386164299675058449
1386164299709;1020.84894;1386164299707773292
1386164299743;1020.84894;1386164299741464699
1386164299777;1020.84894;1386164299775796974
1386164299810;1020.84894;1386164299808511818
1386164299844;1020.84894;1386164299842203224
1386164299882;1020.84894;1386164299876504982
1386164299911;1020.84894;1386164299909219826
1386164299944;1020.8589;1386164299942880714
1386164299979;1020.8589;1386164299977243507
1386164300011;1020.8589;1386164300009958351
1386164300049;1020.8589;1386164300043619240
1386164300079;1020.84894;1386164300077859962
1386164300112;1020.84894;1386164300110574806
1386164300145;1020.8589;1386164300144327247
1386164300180;1020.8589;1386164300178659523
1386164300212;1020.8589;1386164300211343849
1386164300246;1020.8589;1386164300245035255
1386164300281;1020.8589;1386164300279275978
1386164300314;1020.8589;1386164300312021339
1386164300347;1020.8589;1386164300345956886
1386164300387;1020.84894;1386164300380167091
1386164300417;1020.84894;1386164300415933693
1386164300482;1020.84894;1386164300480753029
1386164300515;1020.8389;1386164300513437355
1386164300549;1020.8389;1386164300547128761
1386164300583;1020.8289;1386164300581461036
1386164300616;1020.8289;1386164300614145363
1386164300653;1020.8289;1386164300647867286
1386164300684;1020.8289;1386164300682169044
1386164300716;1020.8289;1386164300714853370
1386164300752;1020.819;1386164300748605812
1386164300785;1020.8289;1386164300782816017
1386164300817;1020.819;1386164300815500343
1386164300851;1020.819;1386164300849283302
1386164300886;1020.819;1386164300883554542
1386164300918;1020.819;1386164300916360939
1386164300951;1020.819;1386164300949960792
1386164300986;1020.819;1386164300984439602
1386164301018;1020.819;1386164301017123928
1386164301052;1020.819;1386164301050906887
1386164301087;1020.819;1386164301085117092
1386164301119;1020.819;1386164301117801419
1386164301153;1020.819;1386164301151553860
1386164301189;1020.819;1386164301186099758
1386164301223;1020.819;1386164301221805325
1386164301291;1020.819;1386164301286594143
1386164301320;1020.8289;1386164301319278469
1386164301357;1020.8289;1386164301353000393
1386164301389;1020.8389;1386164301387302151
1386164301433;1020.8389;1386164301420016995
1386164301456;1020.84894;1386164301454196682
1386164301490;1020.84894;1386164301487949124
1386164301522;1020.8589;1386164301520633450
1386164301556;1020.8589;1386164301554446926
1386164301591;1020.8589;1386164301588931790
1386164301626;1020.8589;1386164301624637356
1386164301691;1020.8589;1386164301689426174
1386164301724;1020.8589;1386164301722110501
1386164301760;1020.8689;1386164301755832424
1386164301797;1020.8689;1386164301790238486
1386164301824;1020.8689;1386164301822922813
1386164301858;1020.8689;1386164301856614219
1386164301892;1020.8689;1386164301890854941
1386164301925;1020.8589;1386164301923539268
1386164301959;1020.8589;1386164301957291709
1386164302001;1020.8589;1386164301991593467
1386164302026;1020.8589;1386164302024277793
1386164302067;1020.8589;1386164302057999717
1386164302094;1020.84894;1386164302092270957
1386164302127;1020.84894;1386164302124985801
1386164302160;1020.84894;1386164302158707725
1386164302196;1020.84894;1386164302193040000
1386164302227;1020.84894;1386164302225724326
1386164302261;1020.8589;1386164302259385215
1386164302302;1020.84894;1386164302293717490
1386164302327;1020.84894;1386164302326401816
1386164302362;1020.84894;1386164302360123740
1386164302396;1020.84894;1386164302394425498
1386164302428;1020.84894;1386164302427140342
1386164302464;1020.84894;1386164302461167441
1386164302497;1020.8389;1386164302495133506
1386164302530;1020.8389;1386164302527817832
1386164302574;1020.8389;1386164302561539756
1386164302598;1020.8389;1386164302595780479
1386164302636;1020.8389;1386164302628495322
1386164302664;1020.8389;1386164302662278281
1386164302698;1020.8389;1386164302696519004
1386164302730;1020.8389;1386164302729203330
1386164302764;1020.8389;1386164302762925254
1386164302799;1020.8389;1386164302797257529
1386164302831;1020.8389;1386164302829941856
1386164302865;1020.8389;1386164302863663779
1386164302900;1020.8389;1386164302897965537
1386164302932;1020.8389;1386164302930649863
1386164302966;1020.8389;1386164302964371787
1386164303000;1020.84894;1386164302998673545
1386164303033;1020.84894;1386164303031357871
1386164303067;1020.84894;1386164303065079795
1386164303102;1020.84894;1386164303099381553
1386164303133;1020.84894;1386164303132065879
1386164303167;1020.84894;1386164303165787803
1386164303202;1020.84894;1386164303200120078
1386164303236;1020.84894;1386164303232804404
1386164303268;1020.84894;1386164303266465293
1386164303311;1020.84894;1386164303300736533
1386164303335;1020.84894;1386164303333420859
1386164303369;1020.84894;1386164303367173301
1386164303405;1020.84894;1386164303401652212
1386164303436;1020.84894;1386164303434367055
1386164303469;1020.84894;1386164303468150014
1386164303503;1020.8389;1386164303502329702
1386164303536;1020.8389;1386164303535044546
1386164303575;1020.8389;1386164303568766469
1386164303605;1020.8289;1386164303603098745
1386164303637;1020.8289;1386164303635783071
1386164303671;1020.8289;1386164303669504995
1386164303720;1020.8289;1386164303703837270
1386164303738;1020.8289;1386164303736552114
1386164303771;1020.8289;1386164303770182485
1386164303806;1020.8389;1386164303804514760
1386164303839;1020.8389;1386164303837199087
1386164303872;1020.84894;1386164303871073598
1386164303907;1020.84894;1386164303905161733
1386164303939;1020.84894;1386164303937876577
1386164303973;1020.84894;1386164303971598501
1386164304008;1020.84894;1386164304005930776
1386164304040;1020.84894;1386164304038615102
1386164304073;1020.84894;1386164304072337026
1386164304108;1020.8589;1386164304106638784
1386164304141;1020.8589;1386164304139353628
1386164304175;1020.8689;1386164304173014516
1386164304209;1020.8689;1386164304207390050
1386164304241;1020.8689;1386164304240074376
1386164304275;1020.8789;1386164304273796300
1386164304326;1020.8789;1386164304308098058
1386164304342;1020.8689;1386164304340782384
1386164304376;1020.8689;1386164304374504308
1386164304414;1020.8689;1386164304408806065
1386164304445;1020.8689;1386164304441520909
1386164304482;1020.8689;1386164304475181798
1386164304513;1020.8689;1386164304509514073
1386164304543;1020.8689;1386164304542228917
1386164304578;1020.8689;1386164304575920323
1386164304620;1020.8689;1386164304610161046
1386164304645;1020.8689;1386164304642845372
1386164304680;1020.8789;1386164304676628331
1386164304712;1020.8789;1386164304710930089
1386164304745;1020.8789;1386164304743614415
1386164304784;1020.8789;1386164304777336339
1386164304813;1020.8789;1386164304811607579
1386164304846;1020.8789;1386164304844322423
1386164304879;1020.8789;1386164304878044347
1386164304916;1020.8689;1386164304912407140
1386164304946;1020.8689;1386164304945091466
1386164304980;1020.8589;1386164304978752354
1386164305015;1020.8589;1386164305013054112
1386164305047;1020.8589;1386164305045738438
1386164305084;1020.8589;1386164305079460362
1386164305116;1020.8589;1386164305113762120
1386164305152;1020.84894;1386164305146446446
1386164305183;1020.84894;1386164305180198888
1386164305216;1020.84894;1386164305214500645
1386164305249;1020.8389;1386164305247184972
1386164305282;1020.8389;1386164305280906895
1386164305317;1020.8389;1386164305315117101
1386164305353;1020.8389;1386164305347831944
1386164305383;1020.8389;1386164305381889561
1386164305417;1020.84894;1386164305415886143
1386164305450;1020.84894;1386164305448600987
1386164305484;1020.84894;1386164305482353429
1386164305519;1020.8589;1386164305516777257
1386164305554;1020.8589;1386164305552513341
1386164305620;1020.84894;1386164305617302159
1386164305651;1020.84894;1386164305649986485
1386164305685;1020.84894;1386164305683708409
1386164305720;1020.84894;1386164305718010167
1386164305752;1020.84894;1386164305750786046
1386164305786;1020.84894;1386164305784385899
1386164305823;1020.8589;1386164305819139568
1386164305856;1020.8589;1386164305854753582
1386164305922;1020.84894;1386164305919603436
1386164305954;1020.8589;1386164305952318279
1386164305987;1020.8589;1386164305986009686
1386164306022;1020.8589;1386164306020250408
1386164306054;1020.8589;1386164306052965252
1386164306089;1020.8689;1386164306086748211
1386164306123;1020.8689;1386164306120958416
1386164306155;1020.8689;1386164306153642742
1386164306189;1020.8689;1386164306187425701
1386164306223;1020.8789;1386164306221727459
1386164306262;1020.8789;1386164306254411785
1386164306289;1020.8789;1386164306288133709
1386164306324;1020.8789;1386164306322435467
1386164306356;1020.8789;1386164306355119793
1386164306393;1020.8689;1386164306388811199
1386164306431;1020.8689;1386164306423173992
1386164306457;1020.8689;1386164306455919354
1386164306491;1020.8689;1386164306489549725
1386164306526;1020.8689;1386164306524065105
1386164306564;1020.8589;1386164306559770672
1386164306626;1020.8589;1386164306624602581
1386164306660;1020.8589;1386164306657286907
1386164306692;1020.84894;1386164306691069866
1386164306727;1020.84894;1386164306725249554
1386164306759;1020.8389;1386164306757964398
1386164306795;1020.8389;1386164306791716839
1386164306828;1020.8389;1386164306825988079
1386164306860;1020.8389;1386164306858672405
1386164306894;1020.8389;1386164306892394329
1386164306932;1020.8389;1386164306926726605
1386164306961;1020.8389;1386164306959410931
1386164306995;1020.8389;1386164306993132855
1386164307029;1020.8389;1386164307027373577
1386164307061;1020.8389;1386164307060088421
1386164307095;1020.8389;1386164307093810345
1386164307130;1020.8389;1386164307128142620
1386164307162;1020.8389;1386164307160826946
1386164307196;1020.8389;1386164307194548870
1386164307231;1020.8389;1386164307228881146
1386164307263;1020.8389;1386164307261595989
1386164307297;1020.84894;1386164307295256878
1386164307331;1020.84894;1386164307329497601
1386164307364;1020.84894;1386164307362212445
1386164307397;1020.84894;1386164307395995404
1386164307432;1020.8389;1386164307430236126
1386164307464;1020.84894;1386164307462920452
1386164307498;1020.84894;1386164307496672894
1386164307533;1020.84894;1386164307530974652
1386164307565;1020.8589;1386164307563689495
1386164307599;1020.8589;1386164307597350384
1386164307634;1020.8689;1386164307631682659
1386164307666;1020.8689;1386164307664366986
1386164307700;1020.8689;1386164307698088909
1386164307734;1020.8689;1386164307732390667
1386164307766;1020.8789;1386164307765074993
1386164307805;1020.8789;1386164307798796917
1386164307835;1020.8789;1386164307833068157
1386164307867;1020.8789;1386164307865752484
1386164307901;1020.8789;1386164307899474407
1386164307935;1020.8789;1386164307933806683
1386164307968;1020.8789;1386164307966491009
1386164308001;1020.8789;1386164308000212933
1386164308036;1020.8789;1386164308034514691
1386164308069;1020.8789;1386164308067199017
1386164308104;1020.8789;1386164308100920941
1386164308138;1020.8789;1386164308135253216
1386164308177;1020.8789;1386164308167937542
1386164308204;1020.8789;1386164308201598431
1386164308238;1020.8889;1386164308236077205
1386164308271;1020.8889;1386164308268761531
1386164308310;1020.8889;1386164308302483455
1386164308340;1020.8889;1386164308336785213
1386164308371;1020.8989;1386164308369469539
1386164308405;1020.8989;1386164308403405086
1386164308439;1020.8989;1386164308437462703
1386164308471;1020.8989;1386164308470177547
1386164308505;1020.8989;1386164308503899471
1386164308542;1020.8889;1386164308538201229
1386164308572;1020.8889;1386164308570885555
1386164308614;1020.8889;1386164308604607479
1386164308640;1020.8889;1386164308638939754
1386164308673;1020.8889;1386164308671624080
1386164308707;1020.8889;1386164308705284969
1386164308742;1020.8789;1386164308739830867
1386164308777;1020.8689;1386164308775536434
1386164308841;1020.8689;1386164308840325252
1386164308881;1020.8589;1386164308873009578
1386164308908;1020.8589;1386164308906792537
1386164308942;1020.8589;1386164308940972225
1386164308975;1020.84894;1386164308973687069
1386164309009;1020.84894;1386164309007439510
1386164309043;1020.84894;1386164309041876026
1386164309076;1020.84894;1386164309074560352
1386164309110;1020.8589;1386164309108282276
1386164309144;1020.8589;1386164309142522999
1386164309176;1020.8589;1386164309175207325
1386164309210;1020.8589;1386164309208990284
1386164309247;1020.84894;1386164309243231007
1386164309278;1020.84894;1386164309275915333
1386164309311;1020.84894;1386164309309667774
1386164309345;1020.84894;1386164309343969532
1386164309378;1020.84894;1386164309376653858
1386164309412;1020.84894;1386164309410375782
1386164309446;1020.84894;1386164309444653403
1386164309482;1020.84894;1386164309477368247
1386164309513;1020.84894;1386164309511120688
1386164309549;1020.84894;1386164309545361411
1386164309579;1020.84894;1386164309578076254
1386164309613;1020.84894;1386164309611798178
1386164309649;1020.84894;1386164309646130454
1386164309680;1020.84894;1386164309678845297
1386164309716;1020.84894;1386164309712536704
1386164309748;1020.84894;1386164309746838461
1386164309781;1020.8589;1386164309779553305
1386164309815;1020.8589;1386164309813244711
1386164309849;1020.8689;1386164309847515952
1386164309881;1020.8689;1386164309880200278
1386164309915;1020.8789;1386164309913952719
1386164309950;1020.8789;1386164309948468100
1386164309986;1020.8789;1386164309984173667
1386164310051;1020.8789;1386164310048962485
1386164310083;1020.8789;1386164310081707846
1386164310117;1020.8789;1386164310115429770
1386164310151;1020.8889;1386164310149639975
1386164310191;1020.8889;1386164310182324301
1386164310218;1020.8889;1386164310216107260
1386164310253;1020.8889;1386164310250635386
1386164310298;1020.8789;1386164310286279917
1386164310353;1020.8889;1386164310351129770
1386164310385;1020.8789;1386164310383844614
1386164310419;1020.8789;1386164310417566538
1386164310453;1020.8789;1386164310451807261
1386164310486;1020.8789;1386164310484491587
1386164310520;1020.8689;1386164310518244028
1386164310555;1020.8789;1386164310552545786
1386164310587;1020.8789;1386164310585260630
1386164310620;1020.8789;1386164310618921518
1386164310655;1020.8789;1386164310653253794
1386164310687;1020.8789;1386164310685938120
1386164310728;1020.8889;1386164310719660044
1386164310768;1020.8889;1386164310753961802
1386164310788;1020.8989;1386164310786676645
1386164310831;1020.8989;1386164310820398569
1386164310857;1020.8989;1386164310854639292
1386164310889;1020.9089;1386164310887323618
1386164310922;1020.9089;1386164310921106577
1386164310957;1020.9089;1386164310955377817
1386164310992;1020.9089;1386164310988092661
1386164311023;1020.9089;1386164311021784067
1386164311058;1020.9089;1386164311056116343
1386164311090;1020.9089;1386164311088831186
1386164311124;1020.9189;1386164311122492075
1386164311159;1020.9189;1386164311156763315
1386164311191;1020.9189;1386164311189447641
1386164311232;1020.9189;1386164311223169565
1386164311260;1020.9189;1386164311257532358
1386164311291;1020.9189;1386164311290216684
1386164311325;1020.9189;1386164311323908091
1386164311360;1020.9189;1386164311358179331
1386164311393;1020.9189;1386164311390863657
1386164311427;1020.9189;1386164311424799204
1386164311461;1020.9189;1386164311458856821
1386164311493;1020.9289;1386164311491541147
1386164311527;1020.9189;1386164311525354624
1386164311561;1020.9189;1386164311559564829
1386164311594;1020.9289;1386164311592279673
1386164311627;1020.9189;1386164311626001596
1386164311662;1020.9089;1386164311660333872
1386164311694;1020.9089;1386164311693048716
1386164311728;1020.8989;1386164311726740122
1386164311763;1020.8989;1386164311761041880
1386164311795;1020.8989;1386164311793756723
1386164311829;1020.8989;1386164311827564353
1386164311864;1020.8989;1386164311861896628
1386164311897;1020.8989;1386164311894611472
1386164311935;1020.8989;1386164311928608054
1386164311964;1020.8989;1386164311962604636
1386164311996;1020.8889;1386164311995288962
1386164312031;1020.8889;1386164312029010886
1386164312065;1020.8889;1386164312063343162
1386164312097;1020.8989;1386164312096027488
1386164312131;1020.8889;1386164312129749412
1386164312166;1020.8889;1386164312163990134
1386164312198;1020.8989;1386164312196674461
1386164312232;1020.8989;1386164312230457420
1386164312267;1020.8989;1386164312264698142
1386164312299;1020.8989;1386164312297382468
1386164312332;1020.8989;1386164312331134910
1386164312369;1020.8989;1386164312365436668
1386164312400;1020.8989;1386164312398120994
1386164312433;1020.8989;1386164312431842918
1386164312468;1020.8989;1386164312466144675
1386164312500;1020.8889;1386164312498859519
1386164312534;1020.8889;1386164312532611961
1386164312569;1020.8889;1386164312566791648
1386164312602;1020.8889;1386164312599506492
1386164312635;1020.8889;1386164312633332709
1386164312670;1020.8989;1386164312667664985
1386164312702;1020.8889;1386164312700379828
1386164312735;1020.8889;1386164312734010199
1386164312771;1020.8889;1386164312768342475
1386164312803;1020.8889;1386164312801026801
1386164312837;1020.8889;1386164312834809760
1386164312876;1020.8889;1386164312869019965
1386164312903;1020.8889;1386164312901704291
1386164312937;1020.8889;1386164312935456733
1386164312971;1020.8889;1386164312969758490
1386164313004;1020.8889;1386164313002473334
1386164313038;1020.8889;1386164313036347846
1386164313075;1020.8989;1386164313070527533
1386164313105;1020.8889;1386164313103211860
1386164313138;1020.8889;1386164313136903266
1386164313173;1020.8889;1386164313171143988
1386164313205;1020.8889;1386164313203797797
1386164313240;1020.8889;1386164313237580756
1386164313276;1020.8889;1386164313271913031
1386164313306;1020.8889;1386164313304627875
1386164313340;1020.8889;1386164313338624457
1386164313374;1020.8889;1386164313372590522
1386164313406;1020.8889;1386164313405305365
1386164313441;1020.8889;1386164313439027289
1386164313475;1020.8889;1386164313473268012
1386164313507;1020.8889;1386164313505982856
1386164313541;1020.8889;1386164313539674262
1386164313576;1020.8889;1386164313574006537
1386164313608;1020.8889;1386164313606690863
1386164313653;1020.8989;1386164313640412787
1386164313676;1020.8989;1386164313674745063
1386164313709;1020.8989;1386164313707459906
1386164313742;1020.9089;1386164313741120795
1386164313777;1020.9089;1386164313775453071
1386164313809;1020.9089;1386164313808167914
1386164313843;1020.9089;1386164313841828803
1386164313879;1020.9189;1386164313876130561
1386164313911;1020.9189;1386164313908814887
1386164313944;1020.9189;1386164313942536811
1386164313979;1020.9189;1386164313976869086
1386164314011;1020.9189;1386164314009614447
1386164314045;1020.9189;1386164314043641547
1386164314079;1020.9289;1386164314077546576
1386164314112;1020.9289;1386164314110230903
1386164314145;1020.9189;1386164314143922309
1386164314181;1020.9189;1386164314178437690
1386164314215;1020.9189;1386164314214173774
1386164314281;1020.9189;1386164314279139756
1386164314313;1020.9089;1386164314311824082
1386164314349;1020.9089;1386164314345637559
1386164314383;1020.9089;1386164314380000352
1386164314417;1020.9189;1386164314415766953
1386164314488;1020.9189;1386164314480738877
1386164314518;1020.9189;1386164314516474961
1386164314588;1020.9189;1386164314581385850
1386164314616;1020.9189;1386164314614131211
1386164314653;1020.9189;1386164314647761582
1386164314684;1020.9289;1386164314682032822
1386164314717;1020.9289;1386164314714808701
1386164314751;1020.9289;1386164314749049424
1386164314786;1020.9289;1386164314784236192
1386164314850;1020.9289;1386164314849177598
1386164314885;1020.9289;1386164314883540391
1386164314922;1020.9289;1386164314919490098
1386164314986;1020.9189;1386164314984095811
1386164315018;1020.9189;1386164315016810654
1386164315053;1020.9189;1386164315050575811
1386164315087;1020.9089;1386164315084969121
1386164315120;1020.8989;1386164315117714483
1386164315153;1020.8989;1386164315151802617
1386164315187;1020.8989;1386164315185555059
1386164315220;1020.8989;1386164315218300420
1386164315254;1020.8889;1386164315252113897
1386164315289;1020.8889;1386164315286568242
1386164315325;1020.8889;1386164315322731572
1386164315389;1020.8889;1386164315387032110
1386164315421;1020.8889;1386164315419716436
1386164315455;1020.8889;1386164315453407842
1386164315490;1020.8789;1386164315488045293
1386164315526;1020.8889;1386164315523933965
1386164315590;1020.8889;1386164315588509160
1386164315623;1020.8889;1386164315621193486
1386164315656;1020.8889;1386164315654823858
1386164315697;1020.8989;1386164315689461309
1386164315730;1020.8989;1386164315725136358
1386164315792;1020.8889;1386164315790047246
1386164315827;1020.8889;1386164315825783330
1386164315894;1020.8889;1386164315890938360
1386164315933;1020.8889;1386164315926460820
1386164315993;1020.8889;1386164315991402227
1386164316026;1020.8889;1386164316024178106
1386164316060;1020.8889;1386164316058266240
1386164316096;1020.8889;1386164316093544561
1386164316163;1020.8889;1386164316158699590
1386164316196;1020.8889;1386164316192940313
1386164316231;1020.8789;1386164316228828985
1386164316296;1020.8789;1386164316293373662
1386164316327;1020.8789;1386164316326149541
1386164316361;1020.8789;1386164316359779912
1386164316397;1020.8789;1386164316394386846
1386164316438;1020.8789;1386164316430214483
1386164316496;1020.8789;1386164316494789678
1386164316529;1020.8789;1386164316527474004
1386164316563;1020.8789;1386164316561195928
1386164316601;1020.8789;1386164316595924932
1386164316637;1020.8789;1386164316631416875
1386164316699;1020.8789;1386164316696626962
1386164316734;1020.8789;1386164316732454599
1386164316800;1020.8789;1386164316797182382
1386164316839;1020.8689;1386164316829927744
1386164316865;1020.8689;1386164316863497079
1386164316901;1020.8789;1386164316897890390
1386164316943;1020.8889;1386164316930696786
1386164316970;1020.8889;1386164316968324960
1386164317034;1020.8889;1386164317030214609
1386164317067;1020.8789;1386164317065004648
1386164317107;1020.8789;1386164317099123300
1386164317133;1020.8789;1386164317131838144
1386164317167;1020.8889;1386164317165560068
1386164317201;1020.8889;1386164317199861826
1386164317234;1020.8889;1386164317232576669
1386164317268;1020.8889;1386164317266390146
1386164317304;1020.8889;1386164317300966562
1386164317338;1020.8989;1386164317336519540
1386164317403;1020.8889;1386164317401369394
1386164317436;1020.8889;1386164317434053720
1386164317473;1020.8989;1386164317468367769
1386164317506;1020.8989;1386164317503768159
1386164317573;1020.8889;1386164317568556978
1386164317605;1020.8889;1386164317603133394
1386164317643;1020.8889;1386164317638961030
1386164317706;1020.8889;1386164317703475191
1386164317739;1020.8889;1386164317736190034
1386164317772;1020.8889;1386164317770034029
1386164317807;1020.8989;1386164317804457857
1386164317842;1020.8989;1386164317840254976
1386164317907;1020.8989;1386164317904891206
1386164317939;1020.8989;1386164317937575532
1386164317987;1020.8989;1386164317971450044
1386164318013;1020.8989;1386164318005751802
1386164318040;1020.8989;1386164318038497163
1386164318073;1020.8989;1386164318072005464
1386164318110;1020.8889;1386164318106642915
1386164318144;1020.8889;1386164318142470552
1386164318210;1020.8989;1386164318207015230
1386164318242;1020.8989;1386164318239730073
1386164318275;1020.8989;1386164318273451997
1386164318311;1020.8989;1386164318307875825
1386164318342;1020.8989;1386164318340621187
1386164318376;1020.8989;1386164318374465181
1386164318412;1020.8989;1386164318408431245
1386164318442;1020.8889;1386164318441146089
1386164318476;1020.8889;1386164318474837495
1386164318514;1020.8889;1386164318509444429
1386164318547;1020.8889;1386164318545241548
1386164318612;1020.8889;1386164318609969331
1386164318645;1020.8989;1386164318642775728
1386164318679;1020.8989;1386164318676985933
1386164318715;1020.8989;1386164318710860445
1386164318748;1020.8989;1386164318746596529
1386164318817;1020.8989;1386164318811385347
1386164318847;1020.9089;1386164318844130708
1386164318899;1020.9089;1386164318877669527
1386164318915;1020.9089;1386164318912215425
1386164318949;1020.9089;1386164318947890474
1386164319014;1020.8989;1386164319012679292
1386164319047;1020.8989;1386164319045571811
1386164319093;1020.8989;1386164319079812534
1386164319117;1020.9089;1386164319115090854
1386164319182;1020.9089;1386164319180062778
1386164319218;1020.9089;1386164319214578159
1386164319258;1020.9189;1386164319250466830
1386164319317;1020.9289;1386164319314980991
1386164319349;1020.9289;1386164319347695834
1386164319383;1020.9289;1386164319381387241
1386164319418;1020.9289;1386164319415780551
1386164319461;1020.9189;1386164319448556430
1386164319489;1020.9189;1386164319482644565
1386164319518;1020.9189;1386164319516335971
1386164319551;1020.9189;1386164319549081332
1386164319584;1020.9189;1386164319582803256
1386164319626;1020.9189;1386164319617532260
1386164319657;1020.9289;1386164319653054721
1386164319721;1020.9289;1386164319718148715
1386164319756;1020.9289;1386164319753945834
1386164319823;1020.9289;1386164319818643100
1386164319856;1020.9289;1386164319851462147
1386164319887;1020.9289;1386164319885306141
1386164319924;1020.9289;1386164319919302723
1386164319953;1020.9289;1386164319952017567
1386164319987;1020.9189;1386164319985647938
1386164320022;1020.9189;1386164320020102284
1386164320054;1020.9189;1386164320052847645
1386164320090;1020.9189;1386164320087088368
1386164320123;1020.9189;1386164320120901844
1386164320158;1020.9089;1386164320156607411
1386164320223;1020.9089;1386164320221457264
1386164320257;1020.9089;1386164320254172108
1386164320296;1020.9089;1386164320292654774
1386164320357;1020.9089;1386164320353842518
1386164320390;1020.8989;1386164320388510487
1386164320426;1020.8989;1386164320422781727
1386164320457;1020.8989;1386164320455527088
1386164320491;1020.8989;1386164320489310047
1386164320527;1020.8889;1386164320523611805
1386164320559;1020.8889;1386164320556479237
1386164320592;1020.8889;1386164320590689442
1386164320627;1020.8989;1386164320624533436
1386164320666;1020.8989;1386164320660177967
1386164320730;1020.8989;1386164320725088856
1386164320760;1020.9089;1386164320757834217
1386164320793;1020.9089;1386164320791342518
1386164320827;1020.9189;1386164320825583241
1386164320859;1020.9189;1386164320858298084
1386164320893;1020.9189;1386164320892020008
1386164320928;1020.9189;1386164320926352284
1386164320961;1020.9189;1386164320959067127
1386164320994;1020.9189;1386164320993094227
1386164321029;1020.9189;1386164321027060291
1386164321061;1020.9189;1386164321059744618
1386164321095;1020.9189;1386164321093466541
1386164321132;1020.9089;1386164321128103993
1386164321167;1020.9089;1386164321163687489
1386164321231;1020.9089;1386164321228628895
1386164321263;1020.8989;1386164321261374256
1386164321297;1020.8989;1386164321295340321
1386164321335;1020.8889;1386164321329336903
1386164321364;1020.8889;1386164321362021229
1386164321397;1020.8789;1386164321395590565
1386164321433;1020.8789;1386164321430197498
1386164321468;1020.8789;1386164321466110763
1386164321533;1020.8789;1386164321530991134
1386164321569;1020.8789;1386164321566879806
1386164321634;1020.8789;1386164321631729660
1386164321671;1020.8789;1386164321667648849
1386164321735;1020.8789;1386164321732315597
1386164321767;1020.8789;1386164321765060958
1386164321814;1020.8789;1386164321803024826
1386164321866;1020.8789;1386164321864761886
1386164321901;1020.8789;1386164321899368820
1386164321939;1020.8889;1386164321933701095
1386164321968;1020.8889;1386164321966446456
1386164322002;1020.8889;1386164322000412521
1386164322045;1020.8889;1386164322034225997
1386164322068;1020.8889;1386164322066910324
1386164322103;1020.8789;1386164322100876388
1386164322141;1020.8789;1386164322135422286
1386164322175;1020.8789;1386164322170975265
1386164322238;1020.8789;1386164322235855636
1386164322271;1020.8889;1386164322268735719
1386164322310;1020.8889;1386164322302945924
1386164322339;1020.8889;1386164322336728883
1386164322374;1020.8889;1386164322372495485
1386164322440;1020.8789;1386164322437528444
1386164322475;1020.8789;1386164322473325563
1386164322540;1020.8789;1386164322537961793
1386164322572;1020.8689;1386164322570646119
1386164322606;1020.8689;1386164322604398561
1386164322646;1020.8689;1386164322638791871
1386164322676;1020.8689;1386164322674656510
1386164322744;1020.8689;1386164322739658951
1386164322777;1020.8689;1386164322775395035
1386164322846;1020.8689;1386164322840214371
1386164322875;1020.8689;1386164322872959732
1386164322908;1020.8689;1386164322906468033
1386164322943;1020.8689;1386164322940891861
1386164322975;1020.8689;1386164322973667740
1386164323009;1020.8689;1386164323007908463
1386164323045;1020.8689;1386164323043003678
1386164323109;1020.8789;1386164323107975601
1386164323144;1020.8789;1386164323142216324
1386164323177;1020.8789;1386164323175022721
1386164323210;1020.8789;1386164323208592056
1386164323245;1020.8789;1386164323243015885
1386164323278;1020.8789;1386164323275761246
1386164323312;1020.8889;1386164323309940933
1386164323347;1020.8889;1386164323343968033
1386164323384;1020.8989;1386164323379643082
1386164323447;1020.8989;1386164323444615006
1386164323482;1020.8989;1386164323480516322
1386164323547;1020.8989;1386164323545213588
1386164323579;1020.9089;1386164323577989467
1386164323613;1020.9089;1386164323611497768
1386164323648;1020.9089;1386164323645952113
1386164323684;1020.9189;1386164323681932338
1386164323751;1020.9189;1386164323746629604
1386164323781;1020.9089;1386164323779405483
1386164323814;1020.9189;1386164323813188442
1386164323853;1020.9289;1386164323847459682
1386164323890;1020.9289;1386164323883195766
1386164323951;1020.93884;1386164323948228725
1386164323985;1020.93884;1386164323983934291
1386164324051;1020.93884;1386164324048753627
1386164324083;1020.93884;1386164324081498988
1386164324117;1020.93884;1386164324115281947
1386164324152;1020.93884;1386164324149614223
1386164324187;1020.93884;1386164324185472377
1386164324253;1020.93884;1386164324250383266
1386164324288;1020.9289;1386164324286058315
1386164324355;1020.9289;1386164324351060756
1386164324388;1020.9189;1386164324386674770
1386164324454;1020.9189;1386164324451768764
1386164324490;1020.9189;1386164324487565883
1386164324554;1020.9089;1386164324552202113
1386164324586;1020.8989;1386164324584916957
1386164324636;1020.8989;1386164324618699916
1386164324656;1020.8889;1386164324653154262
1386164324697;1020.8789;1386164324689012416
1386164324755;1020.8789;1386164324753587611
1386164324788;1020.8689;1386164324786302455
1386164324822;1020.8689;1386164324820146449
1386164324875;1020.8689;1386164324854570278
1386164324892;1020.8589;1386164324890214809
1386164324957;1020.8589;1386164324955064662
1386164324991;1020.8589;1386164324987748988
1386164325050;1020.8589;1386164325021898158
1386164325061;1020.8589;1386164325057420619
1386164325123;1020.8589;1386164325122386588
1386164325177;1020.84894;1386164325156871452
1386164325197;1020.84894;1386164325192729606
1386164325259;1020.84894;1386164325257274284
1386164325335;1020.8389;1386164325289958610
1386164325340;1020.8389;1386164325324138297
1386164325375;1020.8389;1386164325358134879
1386164325397;1020.8389;1386164325390880241
1386164325427;1020.84894;1386164325424419059
1386164325460;1020.84894;1386164325458629264
1386164325498;1020.84894;1386164325491344108
1386164325527;1020.84894;1386164325525279655
1386164325561;1020.84894;1386164325559398307
1386164325594;1020.84894;1386164325592082633
1386164325643;1020.84894;1386164325625896110
1386164325665;1020.84894;1386164325660869254
1386164325699;1020.84894;1386164325696056022
1386164325763;1020.8589;1386164325760875358
1386164325795;1020.8589;1386164325793590202
1386164325829;1020.8689;1386164325827220573
1386164325871;1020.8689;1386164325861796989
1386164325899;1020.8689;1386164325897637079
1386164325964;1020.8689;1386164325962364862
1386164326011;1020.8689;1386164325995110223
1386164326030;1020.8689;1386164326029076288
1386164326077;1020.8689;1386164326063164422
