1386079977292
1386079981077
1386079984890
1386079988129
1386079990443
1386079993640
1386079996797
1386079999070
1386080001503
1386080004295
1386080007094
1386080010454
1386080013573
1386080016147
1386080018446
1386080021725
1386080024087
1386080027683
1386080030266
1386080034022
1386080036327
1386080039386
1386080042340
1386080045415
1386080047753
1386080051927
1386080054015
1386080058174
1386080060271
1386080064372
1386080066621
1386080070041
1386080072441
1386080074964
1386080077284
1386080080325
1386080082422
1386080084771
1386080086949
1386080090153
1386080092423
1386080094984
1386080097061
1386080100672
1386080102719
1386080106774
1386080108679
1386080113782
1386080115716
1386080119549
1386080121746
1386080125560
1386080128002
1386080133044
1386080135168
1386080139479
1386080141983
1386080146833
1386080149813
1386080153787
1386080156544
1386080159665
1386080161963
1386080166152
1386080168360
1386080172334
1386080174601
1386080181412
1386080183812
1386080189615
1386080191891
1386080198920
1386080201103
1386080206917
1386080209457
1386080216075
1386080218126
1386080222061
1386080224225
1386080229774
1386080232141
1386080236400
1386080238605
1386080243045
1386080245108
1386080248969
1386080251388
1386080255828
1386080257931
1386080262514
1386080264688
1386080269626
1386080272329
1386080277683
1386080280112
1386080283484
1386080285709
1386080290150
1386080292578
1386080298165
1386080300462
1386080304211
