1385732349030
1385732353997
1385732356785
1385732361070
1385732363286
1385732368026
1385732370699
1385732375590
1385732377563
1385732383528
1385732385544
1385732390598
1385732392456
1385732397765
1385732399733
1385732407453
1385732409514
1385732418697
1385732420805
1385732427358
1385732429390
1385732433894
1385732436721
1385732441191
1385732443309
1385732448370
1385732450897
1385732454945
1385732457166
1385732461419
1385732463547
1385732469162
1385732471358
1385732477398
1385732479725
1385732488172
1385732490881
1385732496482
1385732498501
1385732506286
1385732508725
1385732513887
1385732516250
1385732521420
1385732523493
1385732530140
1385732533666
1385732542858
1385732545855
1385732551547
1385732553861
1385732561640
1385732563910
1385732572040
1385732574714
1385732583569
1385732586191
1385732591308
1385732593418
1385732598127
1385732600316
1385732606466
1385732608521
1385732614764
1385732616871
1385732622556
1385732624660
1385732630885
1385732632650
1385732638008
1385732640080
1385732645907
1385732648018
1385732654655
1385732656786
1385732662088
1385732664049
1385732668672
1385732670572
1385732676270
1385732678280
1385732683892
1385732686246
1385732693468
1385732695514
1385732702364
1385732704564
1385732712819
1385732714897
1385732720650
1385732724747
1385732732300
1385732735097
1385732741025
1385732743418
1385732749454
1385732751847
1385732758089
1385732760838
1385732767233
1385732769711
1385732776237
