1385702603359;135.0;19789662463000
1385702603365;120.0;19790147021000
1385702603400;105.0;19790333148000
1385702603632;90.0;19792192645000
1385702603649;105.0;19792325915000
1385702603658;90.0;19792387988000
1385702607610;75.0;19797357013000
1385702608500;60.0;19798247546000
1385702608813;75.0;19798560046000
1385702608883;60.0;19798630419000
1385702608947;75.0;19798693896000
1385702609250;60.0;19798997271000
1385702609313;45.0;19799060748000
1385702609501;30.0;19799248217000
1385702609587;15.0;19799334613000
1385702613070;0.0;19802817096000
1385702613289;15.0;19803036639000
1385702622723;0.0;19812248889000
1385702622801;15.0;19812327288000
1385702626839;0.0;19816364856000
1385702627409;15.0;19816934222000
1385702630480;30.0;19820005389000
1385702631074;15.0;19820599108000
1385702631839;30.0;19821364672000
1385702632702;45.0;19822225238000
1385702632924;30.0;19822449115000
1385702633733;45.0;19823257678000
1385702634566;60.0;19824091967000
1385702634794;75.0;19824319751000
1385702635054;90.0;19824579455000
1385702635161;105.0;19824685656000
1385702635395;90.0;19824920153000
1385702635551;60.0;19825076434000
1385702635675;45.0;19825200763000
1385702635999;60.0;19825525286000
1385702636488;75.0;19826013263000
1385702636926;90.0;19826451190000
1385702637113;105.0;19826638079000
1385702637207;90.0;19826732898000
1385702637707;75.0;19827232165000
1385702638207;90.0;19827732257000
1385702638355;75.0;19827880389000
1385702638542;60.0;19828067828000
1385702639019;45.0;19828544329000
1385702640675;60.0;19830200793000
1385702641597;75.0;19831122515000
1385702642355;90.0;19831880389000
1385702642457;105.0;19831982074000
1385702642621;120.0;19832145892000
1385702642745;135.0;19832270953000
1385702643058;150.0;19832583483000
1385702643417;180.0;19832942767000
1385702643448;195.0;19832974169000
1385702643574;210.0;19833099231000
1385702643730;225.0;19833255236000
1385702644116;210.0;19833641925000
1385702644222;225.0;19833747546000
1385702644285;240.0;19833810687000
1385702644355;255.0;19833880542000
1385702644386;270.0;19833911639000
1385702644449;285.0;19833974475000
1385702644769;270.0;19834294299000
1385702644831;255.0;19834356890000
1385702644925;240.0;19834450640000
1385702644956;225.0;19834481860000
1385702644988;210.0;19834513140000
1385702645090;195.0;19834615557000
1385702645315;180.0;19834840564000
1385702645777;195.0;19835302722000
1385702645886;180.0;19835411669000
1385702646207;165.0;19835732592000
1385702646339;150.0;19835864642000
1385702646433;135.0;19835958606000
1385702646566;120.0;19836091174000
1385702646723;105.0;19836248065000
1385702646880;90.0;19836405017000
1385702647144;75.0;19836669543000
1385702647723;60.0;19837248156000
1385702648816;45.0;19838341784000
1385702651128;60.0;19840654162000
1385702652261;75.0;19841786669000
1385702652456;60.0;19841981829000
1385702652621;75.0;19842146136000
1385702652684;60.0;19842209185000
1385702652779;75.0;19842304126000
1385702653323;60.0;19842848925000
1385702653543;75.0;19843067981000
1385702653605;60.0;19843130999000
1385702653769;75.0;19843294451000
1385702654566;90.0;19844091296000
1385702654879;105.0;19844404895000
1385702655762;120.0;19845287585000
1385702656082;135.0;19845607531000
1385702656316;150.0;19845841265000
1385702656441;165.0;19845966937000
1385702656542;180.0;19846067919000
1385702656605;195.0;19846130542000
1385702656699;210.0;19846223986000
1385702656761;225.0;19846287097000
1385702656935;240.0;19846460223000
1385702657144;255.0;19846669299000
1385702657434;240.0;19846959155000
1385702657949;255.0;19847474169000
1385702658222;270.0;19847747424000
1385702658253;285.0;19847778613000
1385702658386;300.0;19847911669000
1385702658417;315.0;19847942981000
1385702658574;330.0;19848099810000
1385702658637;345.0;19848161608000
1385702658699;360.0;19848224139000
1385702658762;375.0;19848287127000
1385702658792;390.0;19848317828000
1385702658855;405.0;19848380267000
1385702658980;420.0;19848505450000
1385702659011;435.0;19848536700000
1385702659373;420.0;19848897967000
1385702659415;405.0;19848940997000
1385702659481;420.0;19849006457000
1385702659533;435.0;19849058520000
1385702659738;420.0;19849263232000
1385702659863;450.0;19849388201000
1385702659894;465.0;19849419390000
1385702659963;480.0;19849488696000
1385702660027;495.0;19849552264000
1385702660058;525.0;19849583667000
1385702660183;465.0;19849708514000
1385702660283;450.0;19849808734000
1385702660317;420.0;19849842181000
1385702660360;390.0;19849885821000
1385702660394;360.0;19849919451000
1385702660456;345.0;19849981921000
1385702660582;375.0;19850107104000
1385702660613;405.0;19850138201000
1385702660676;435.0;19850200671000
1385702660738;465.0;19850263263000
1385702661020;495.0;19850545764000
1385702661229;480.0;19850755175000
1385702661509;495.0;19851035174000
1385702661574;480.0;19851099536000
1385702661667;465.0;19851192736000
1385702661730;435.0;19851255481000
1385702661902;405.0;19851427325000
1385702661996;480.0;19851521014000
1385702662078;525.0;19851594500000
1385702662213;480.0;19851738971000
1385702662263;375.0;19851788287000
1385702662300;345.0;19851825610000
1385702662425;360.0;19851950488000
1385702662465;405.0;19851990374000
1385702662521;435.0;19852046649000
1385702662558;450.0;19852084002000
1385702662627;480.0;19852152606000
1385702662722;495.0;19852247607000
1385702662785;555.0;19852310046000
1385702662847;600.0;19852372607000
1385702662879;630.0;19852404376000
1385702662941;645.0;19852466418000
1385702663003;660.0;19852528857000
1385702663066;690.0;19852591235000
1385702663107;720.0;19852632098000
1385702663175;750.0;19852700885000
1385702663301;765.0;19852826373000
1385702663340;810.0;19852865893000
1385702663371;885.0;19852896044000
1385702663559;855.0;19853084613000
1385702663668;795.0;19853193286000
1385702663730;780.0;19853255542000
1385702663762;750.0;19853287036000
1385702663824;690.0;19853349139000
1385702663886;645.0;19853411669000
1385702663972;615.0;19853498126000
1385702664018;570.0;19853543750000
1385702664066;555.0;19853591174000
1385702664114;540.0;19853638812000
1385702664160;525.0;19853685565000
1385702664324;540.0;19853849078000
1385702664480;525.0;19854005877000
1385702664542;510.0;19854068011000
1385702664605;495.0;19854130603000
1385702664706;480.0;19854231890000
1385702664871;465.0;19854396075000
1385702664933;435.0;19854458453000
1385702665003;390.0;19854528888000
1385702665113;360.0;19854638293000
1385702665220;585.0;19854745959000
1385702665263;675.0;19854788928000
1385702665315;750.0;19854840014000
1385702665347;780.0;19854872485000
1385702665378;795.0;19854903979000
1385702665441;825.0;19854966937000
1385702665473;840.0;19854998584000
1385702665573;855.0;19855098407000
1385702665605;945.0;19855130664000
1385702665637;1125.0;19855162249000
1385702665739;1245.0;19855265216000
1385702665786;1335.0;19855311572000
1385702665843;1410.0;19855368273000
1385702666012;1260.0;19855537219000
1385702666082;1140.0;19855607226000
1385702666124;1050.0;19855648028000
1385702666160;855.0;19855685717000
1385702666191;675.0;19855716449000
1385702666278;540.0;19855803576000
1385702666316;495.0;19855841449000
1385702666464;510.0;19855989733000
1385702666534;555.0;19856059924000
1385702666598;540.0;19856123034000
1385702666666;525.0;19856191088000
1385702666824;495.0;19856349047000
1385702666916;450.0;19856442034000
1385702666962;420.0;19856482714000
1385702667012;390.0;19856537097000
1385702667144;435.0;19856669543000
1385702667224;480.0;19856749865000
1385702667270;510.0;19856795550000
1385702667300;525.0;19856825640000
1385702667363;585.0;19856888201000
1385702667488;540.0;19857013201000
1385702667520;525.0;19857045428000
1385702667747;555.0;19857272082000
1385702667855;570.0;19857380358000
1385702667918;555.0;19857443866000
1385702668012;510.0;19857537554000
1385702668067;480.0;19857591815000
1385702668136;510.0;19857661700000
1385702668209;540.0;19857734118000
1385702668301;570.0;19857826373000
1385702668371;600.0;19857896106000
1385702668402;615.0;19857927233000
1385702668464;675.0;19857989581000
1385702668527;750.0;19858052233000
1385702668589;825.0;19858114856000
1385702668621;945.0;19858146106000
1385702668759;900.0;19858284777000
1385702668855;780.0;19858380847000
1385702668918;750.0;19858443316000
1385702669012;885.0;19858537097000
1385702669099;990.0;19858617022000
1385702669160;960.0;19858685900000
1385702669191;765.0;19858716388000
1385702669313;780.0;19858838580000
1385702669347;765.0;19858872454000
1385702669385;690.0;19858910479000
1385702669417;660.0;19858942858000
1385702669449;645.0;19858974231000
1385702669512;660.0;19859037097000
1385702669574;690.0;19859099108000
1385702669667;675.0;19859192858000
1385702669792;630.0;19859317828000
1385702669855;600.0;19859380206000
1385702670044;645.0;19859569293000
1385702670081;690.0;19859606921000
1385702670257;675.0;19859782580000
1385702670302;660.0;19859827136000
1385702670371;675.0;19859896899000
1385702670402;705.0;19859927233000
1385702670587;720.0;19860112536000
1385702670730;705.0;19860255450000
1385702670886;735.0;19860411761000
1385702670925;750.0;19860449206000
1385702671123;720.0;19860648608000
1385702671315;750.0;19860840319000
1385702671378;900.0;19860903765000
1385702671489;675.0;19861014636000
1385702671573;750.0;19861098895000
1385702671612;915.0;19861130389000
1385702671683;810.0;19861208300000
1385702671714;675.0;19861239550000
1385702671776;645.0;19861302233000
1385702671902;675.0;19861427935000
1385702671954;705.0;19861479083000
1385702672045;690.0;19861570452000
1385702672182;675.0;19861708056000
1385702672217;660.0;19861742327000
1385702672300;675.0;19861825763000
1385702672449;705.0;19861974902000
1385702672487;750.0;19862013049000
1385702672675;765.0;19862200946000
1385702672706;825.0;19862231890000
1385702672805;960.0;19862330554000
1385702672840;975.0;19862365283000
1385702672933;795.0;19862458300000
1385702673016;720.0;19862541583000
1385702673050;675.0;19862576495000
1385702673422;690.0;19862947680000
1385702673488;660.0;19863013812000
1385702673643;705.0;19863169207000
1385702673706;855.0;19863231799000
1385702673769;1050.0;19863294665000
1385702673841;960.0;19863366381000
1385702673870;855.0;19863395861000
1385702673932;750.0;19863458270000
1385702674042;675.0;19863567675000
1385702674073;645.0;19863599017000
1385702674105;630.0;19863630816000
1385702674321;600.0;19863847186000
1385702674376;570.0;19863901599000
1385702674579;555.0;19864021533000
1385702674628;630.0;19864153735000
1385702674659;690.0;19864185107000
1385702674700;720.0;19864225299000
1385702674745;690.0;19864271106000
1385702674797;570.0;19864323199000
1385702674848;480.0;19864373095000
1385702674880;435.0;19864405230000
1385702674996;390.0;19864521502000
1385702675152;375.0;19864677233000
1385702675234;345.0;19864758868000
1385702675270;330.0;19864795916000
1385702675316;315.0;19864841693000
1385702675410;300.0;19864935229000
1385702675472;285.0;19864997485000
1385702675715;270.0;19865240985000
1385702675793;255.0;19865318072000
1385702675881;240.0;19865407122000
1385702676116;210.0;19865642047000
1385702676162;150.0;19865687701000
1385702676199;105.0;19865724627000
1385702676278;90.0;19865803790000
1385702676371;75.0;19865896289000
1385702676448;60.0;19865974047000
1385702676576;75.0;19866100634000
1385702677582;60.0;19867107043000
1385702677660;75.0;19867185290000
1385702677784;60.0;19867309954000
1385702678508;45.0;19868030749000
1385702679261;30.0;19868786364000
1385702679410;45.0;19868935748000
1385702679783;30.0;19869308673000
1385702681224;15.0;19870749804000
1385702681629;30.0;19871154162000
1385702681941;15.0;19871466601000
1385702682151;30.0;19871677325000
1385702683604;45.0;19873130175000
1385702684316;60.0;19873841937000
1385702685222;75.0;19874747546000
1385702685746;90.0;19875271380000
1385702685869;75.0;19875394336000
1385702686105;90.0;19875630694000
1385702686252;105.0;19875777850000
1385702686591;120.0;19876115985000
1385702686691;135.0;19876216235000
1385702687039;150.0;19876564593000
1385702687074;165.0;19876599597000
1385702687259;180.0;19876784686000
1385702687449;195.0;19876974780000
1385702687574;210.0;19877099444000
1385702687645;225.0;19877170275000
1385702688683;195.0;19878208331000
1385702688880;180.0;19878405566000
1385702689628;165.0;19879153796000
1385702689847;150.0;19879372638000
1385702690074;135.0;19879599688000
1385702690249;120.0;19879773120000
1385702690543;105.0;19880068652000
1385702690857;90.0;19880375293000
1385702691011;75.0;19880536517000
1385702691687;60.0;19881212542000
1385702692332;45.0;19881857470000
1385702692839;30.0;19882365100000
1385702694533;15.0;19884058612000
1385702698395;0.0;19887919970000
1385702698464;15.0;19887989917000
1385702699105;0.0;19888630481000
1385702699245;15.0;19888770953000
1385702699738;0.0;19889263446000
1385702700028;15.0;19889553607000
1385702700402;0.0;19889927203000
1385702700886;15.0;19890411761000
1385702700980;0.0;19890505419000
1385702701167;15.0;19890693194000
1385702701295;0.0;19890819506000
1385702701386;15.0;19890911700000
1385702702051;0.0;19891576281000
1385702702180;15.0;19891706012000
1385702702387;0.0;19891912127000
1385702702652;15.0;19892177203000
1385702703006;0.0;19892531909000
1385702703096;15.0;19892621539000
1385702703316;0.0;19892841906000
1385702703980;15.0;19893505603000
1385702704177;0.0;19893702624000
1385702704316;15.0;19893841876000
1385702704621;0.0;19894146075000
1385702705027;15.0;19894552539000
1385702705177;0.0;19894702838000
1385702705371;15.0;19894896441000
1385702705589;0.0;19895114733000
1385702705692;15.0;19895217547000
1385702705794;0.0;19895319323000
1385702705941;15.0;19895466571000
1385702708214;0.0;19897739764000
1385702710271;15.0;19899796374000
1385702710371;0.0;19899896380000
1385702710698;15.0;19900223986000
1385702710832;0.0;19900357470000
1385702710988;15.0;19900513263000
1385702711378;0.0;19900903888000
1385702711441;15.0;19900966754000
1385702711535;0.0;19901060473000
1385702711631;15.0;19901157275000
1385702711699;0.0;19901224047000
1385702711863;15.0;19901388232000
1385702711925;0.0;19901450701000
1385702712144;15.0;19901669574000
1385702712326;0.0;19901852557000
1385702712448;15.0;19901974536000
1385702712925;0.0;19902450793000
1385702712988;15.0;19902513720000
1385702717292;0.0;19906817858000
1385702718292;15.0;19907817919000
1385702718832;0.0;19908357379000
1385702719497;15.0;19909021991000
1385702719762;0.0;19909287066000
1385702720972;15.0;19910497638000
1385702721042;0.0;19910567767000
1385702721871;15.0;19911396624000
1385702722027;0.0;19911552783000
1385702722698;15.0;19912224078000
1385702725230;30.0;19914755877000
1385702725394;45.0;19914919360000
1385702725551;60.0;19915076220000
1385702725996;45.0;19915521441000
1385702727675;30.0;19917200610000
1385702729644;15.0;19919170001000
1385702741519;30.0;19931044268000
1385702741582;15.0;19931107379000
1385702741652;30.0;19931177142000
1385702741792;15.0;19931317889000
1385702742739;30.0;19932264209000
1385702742909;15.0;19932434954000
1385702748488;0.0;19938013110000
1385702748769;15.0;19938294360000
1385702748926;0.0;19938451403000
1385702748988;15.0;19938513201000
1385702749480;0.0;19939005511000
1385702749574;15.0;19939099139000
1385702749636;0.0;19939161486000
1385702749761;15.0;19939286639000
1385702749864;0.0;19939389697000
1385702750472;15.0;19939997699000
1385702750731;0.0;19940255938000
1385702750863;15.0;19940388629000
1385702750933;0.0;19940458606000
1385702751196;15.0;19940718432000
1385702751355;0.0;19940881030000
1385702751449;15.0;19940974810000
1385702751792;0.0;19941317950000
1385702751856;15.0;19941381335000
1385702752120;0.0;19941645953000
1385702752293;15.0;19941818316000
1385702752355;0.0;19941880847000
1385702752637;15.0;19942162219000
1385702752738;0.0;19942263232000
1385702752800;15.0;19942325763000
1385702752995;0.0;19942520922000
1385702753058;15.0;19942583911000
1385702753199;0.0;19942724932000
1385702753284;15.0;19942810199000
1385702753566;0.0;19943091204000
1385702753660;15.0;19943186023000
1385702759089;0.0;19948614642000
1385702759153;15.0;19948678118000
1385702759293;0.0;19948818316000
1385702759543;15.0;19949069079000
1385702759645;0.0;19949170733000
1385702759925;15.0;19949451037000
1385702760120;0.0;19949645861000
1385702760206;15.0;19949731799000
1385702760527;0.0;19950052111000
1385702760589;15.0;19950114794000
1385702761059;0.0;19950584643000
1385702761144;15.0;19950669360000
1385702761382;0.0;19950908160000
1385702761519;15.0;19951044543000
1385702762128;0.0;19951653796000
1385702762222;15.0;19951747943000
1385702762355;0.0;19951880358000
1385702762449;15.0;19951974292000
1385702762668;0.0;19952193408000
1385702762769;15.0;19952294513000
1385702762839;0.0;19952364733000
1385702763129;15.0;19952654528000
1385702763333;0.0;19952858172000
1385702763434;15.0;19952959521000
1385702764316;0.0;19953841204000
1385702764652;15.0;19954177478000
1385702764769;0.0;19954294818000
1385702764949;15.0;19954474108000
1385702765283;0.0;19954808154000
1385702765550;15.0;19955075671000
1385702765865;0.0;19955390826000
1385702766042;15.0;19955567889000
1385702766441;0.0;19955966479000
1385702766878;15.0;19956403857000
1385702767198;0.0;19956723986000
1385702767269;15.0;19956794574000
1385702767527;0.0;19957052722000
1385702767891;15.0;19957417193000
1385702768035;0.0;19957559954000
1385702768098;15.0;19957623095000
1385702768464;0.0;19957990069000
1385702768754;15.0;19958279315000
1385702768910;0.0;19958435199000
1385702768972;15.0;19958497546000
1385702769066;0.0;19958591326000
1385702769738;15.0;19959263690000
1385702769895;0.0;19959419543000
1385702769992;15.0;19959515765000
1385702770076;0.0;19959600390000
1385702770566;15.0;19960091296000
1385702770722;0.0;19960247424000
1385702770847;15.0;19960372607000
1385702771137;0.0;19960662219000
1385702772410;15.0;19961935168000
1385702772668;0.0;19962193042000
1385702773558;15.0;19963083636000
1385702773878;0.0;19963403857000
1385702774089;15.0;19963614825000
1385702774536;0.0;19964060992000
1385702774941;15.0;19964466937000
1385702777128;30.0;19966653826000
1385702778101;15.0;19967626849000
1385702778183;30.0;19967708606000
1385702778261;15.0;19967787310000
1385702778520;30.0;19968045336000
1385702779504;15.0;19969029803000
1385702779582;30.0;19969107928000
1385702779738;15.0;19969263568000
1385702779801;30.0;19969326159000
1385702779895;15.0;19969420520000
1385702781378;30.0;19970903796000
1385702781503;15.0;19971028765000
1385702781683;30.0;19971208606000
1385702783832;45.0;19973357043000
1385702784659;60.0;19974184863000
1385702784981;75.0;19974506488000
1385702785473;90.0;19974998126000
1385702785871;105.0;19975396441000
1385702785964;120.0;19975489856000
1385702786090;135.0;19975615313000
1385702786152;150.0;19975677356000
1385702786183;180.0;19975708667000
1385702786287;210.0;19975811816000
1385702786324;225.0;19975849597000
1385702786355;255.0;19975880572000
1385702786426;270.0;19975951342000
1385702786464;315.0;19975989917000
1385702786667;300.0;19976192492000
1385702786699;270.0;19976224353000
1385702786770;255.0;19976295520000
1385702786866;270.0;19976391864000
1385702786934;300.0;19976459674000
1385702787037;315.0;19976562274000
1385702787074;375.0;19976599261000
1385702787136;480.0;19976661608000
1385702787198;510.0;19976724017000
1385702787394;570.0;19976919451000
1385702787426;600.0;19976951281000
1385702787548;585.0;19977073870000
1385702787591;495.0;19977114550000
1385702787629;405.0;19977153552000
1385702787714;375.0;19977239856000
1385702787746;360.0;19977271380000
1385702787839;375.0;19977364642000
1385702787902;405.0;19977427325000
1385702787964;420.0;19977489794000
1385702788035;495.0;19977560168000
1385702788074;525.0;19977599993000
1385702788136;510.0;19977661700000
1385702788327;540.0;19977853015000
1385702788486;525.0;19978011584000
1385702788567;495.0;19978092303000
1385702788660;480.0;19978185168000
1385702788691;435.0;19978216967000
1385702788722;405.0;19978247668000
1385702788867;435.0;19978390643000
1385702788962;465.0;19978487811000
1385702789055;525.0;19978581073000
1385702789106;600.0;19978631304000
1385702789173;660.0;19978698626000
1385702789206;690.0;19978731982000
1385702789266;750.0;19978792071000
1385702789301;885.0;19978826617000
1385702789332;960.0;19978857592000
1385702789394;900.0;19978919451000
1385702789456;855.0;19978981921000
1385702789519;795.0;19979044329000
1385702789550;735.0;19979075732000
1385702789614;660.0;19979139148000
1385702789699;600.0;19979224047000
1385702789731;570.0;19979256366000
1385702789830;630.0;19979351519000
1385702789887;645.0;19979412493000
1385702789925;705.0;19979450732000
1385702789956;810.0;19979481829000
1385702790097;825.0;19979622546000
1385702790129;840.0;19979654895000
1385702790184;870.0;19979709307000
1385702790402;840.0;19979927325000
1385702790433;765.0;19979958544000
1385702790495;645.0;19980020953000
1385702790558;495.0;19980083453000
1385702790621;450.0;19980146136000
1385702790653;435.0;19980178210000
1385702790705;450.0;19980230456000
1385702790738;510.0;19980263476000
1385702790770;555.0;19980295398000
1385702790868;570.0;19980393298000
1385702790902;660.0;19980427356000
1385702790934;750.0;19980459094000
1385702790995;840.0;19980520953000
1385702791058;900.0;19980583697000
1385702791135;990.0;19980660449000
1385702791167;1140.0;19980692675000
1385702791340;1095.0;19980865039000
1385702791371;1020.0;19980896533000
1385702791433;975.0;19980958819000
1385702791496;855.0;19981021075000
1385702791567;720.0;19981092059000
1385702791654;780.0;19981179675000
1385702791722;765.0;19981247607000
1385702791785;795.0;19981310534000
1385702791816;900.0;19981341693000
1385702791879;1005.0;19981404773000
1385702791957;1050.0;19981482043000
1385702791988;1065.0;19981513110000
1385702792177;1230.0;19981702410000
1385702792214;1290.0;19981739550000
1385702792309;1245.0;19981835070000
1385702792347;1200.0;19981872515000
1385702792378;1080.0;19981903888000
1385702792441;960.0;19981966388000
1385702792503;765.0;19982028918000
1385702792558;645.0;19982083819000
1385702792675;720.0;19982189318000
1385702792761;795.0;19982286914000
1385702792824;930.0;19982349841000
1385702792887;1035.0;19982411639000
1385702792917;1095.0;19982442919000
1385702792980;1170.0;19982505450000
1385702793043;1245.0;19982567950000
1385702793105;1380.0;19982630267000
1385702793168;1320.0;19982693408000
1385702793207;1065.0;19982732379000
1385702793285;1005.0;19982810382000
1385702793316;855.0;19982841418000
1385702793378;690.0;19982903674000
1385702793441;570.0;19982966265000
1385702793472;465.0;19982997638000
1385702793568;375.0;19983093493000
1385702793605;345.0;19983130267000
1385702793636;330.0;19983161517000
1385702793699;315.0;19983224139000
1385702793761;300.0;19983286639000
1385702793933;285.0;19983458239000
1385702794168;315.0;19983693469000
1385702794266;330.0;19983791644000
1385702794333;375.0;19983858844000
1385702794574;390.0;19984099200000
1385702794605;405.0;19984130542000
1385702794637;420.0;19984162646000
1385702794731;450.0;19984256366000
1385702794786;480.0;19984310839000
1385702794824;510.0;19984349505000
1385702794855;540.0;19984380328000
1385702794949;570.0;19984475238000
1385702795035;600.0;19984559130000
1385702795084;615.0;19984609149000
1385702795120;630.0;19984645983000
1385702795200;645.0;19984726214000
1385702795324;630.0;19984849536000
1385702795355;615.0;19984880389000
1385702795724;630.0;19985249743000
1385702795826;645.0;19985350940000
1385702795863;660.0;19985388354000
1385702795926;675.0;19985451434000
1385702796168;660.0;19985693347000
1385702796215;645.0;19985740832000
1385702796441;675.0;19985966723000
1385702796567;690.0;19986091906000
1385702796966;660.0;19986491076000
1385702797067;645.0;19986592028000
1385702797105;630.0;19986630419000
1385702797136;615.0;19986661700000
1385702797215;600.0;19986740893000
1385702797253;585.0;19986778338000
1385702797418;570.0;19986943255000
1385702797784;600.0;19987310015000
1385702797848;630.0;19987372393000
1385702797941;645.0;19987466357000
1385702797973;720.0;19987498187000
1385702798003;735.0;19987528949000
1385702798072;705.0;19987597827000
1385702798137;720.0;19987662219000
1385702798247;735.0;19987772906000
1385702798292;765.0;19987818103000
1385702798393;810.0;19987918994000
1385702798463;855.0;19987989093000
1385702798550;930.0;19988075701000
1385702798582;990.0;19988107470000
1385702798614;1065.0;19988139056000
1385702798675;1125.0;19988200732000
1385702798769;1140.0;19988294970000
1385702798893;1095.0;19988419268000
1385702798956;1020.0;19988481829000
1385702799020;915.0;19988545245000
1385702799051;885.0;19988576373000
1385702799121;870.0;19988646044000
1385702799198;885.0;19988724261000
1385702799395;900.0;19988911303000
1385702799426;945.0;19988951037000
1385702799488;930.0;19989013751000
1385702799613;945.0;19989138537000
1385702799675;990.0;19989200701000
1385702799769;975.0;19989294909000
1385702799832;1035.0;19989357165000
1385702799894;1020.0;19989419421000
1385702799956;960.0;19989481921000
1385702799988;930.0;19989513079000
1385702800051;915.0;19989576251000
1385702800283;930.0;19989808703000
1385702800349;885.0;19989874377000
1385702800441;870.0;19989966357000
1385702800504;825.0;19990029101000
1385702800535;810.0;19990060717000
1385702800660;720.0;19990185046000
1385702800722;570.0;19990247576000
1385702800784;585.0;19990309954000
1385702800816;750.0;19990341204000
1385702800878;930.0;19990403796000
1385702800941;975.0;19990466388000
1385702801004;945.0;19990529559000
1385702801248;975.0;19990773730000
1385702801325;870.0;19990850451000
1385702801402;765.0;19990927844000
1385702801433;720.0;19990958850000
1385702801498;645.0;19991023303000
1385702801535;585.0;19991060748000
1385702801605;570.0;19991130297000
1385702801715;585.0;19991240191000
1385702801777;525.0;19991302203000
1385702801816;495.0;19991341876000
1385702801923;510.0;19991445330000
1385702802003;465.0;19991529101000
1385702802042;405.0;19991566516000
1385702802209;285.0;19991734271000
1385702813917;375.0;20003442858000
1385702813980;525.0;20003505328000
1385702814011;600.0;20003536639000
1385702814074;630.0;20003599017000
1385702814136;645.0;20003661639000
1385702814286;660.0;20003811480000
1385702814331;675.0;20003857043000
1385702814375;705.0;20003900775000
1385702814421;720.0;20003945239000
1385702814636;750.0;20004161761000
1385702814730;780.0;20004255419000
1385702814792;795.0;20004317889000
1385702814855;825.0;20004380969000
1385702814917;900.0;20004442950000
1385702815011;855.0;20004536517000
1385702815074;810.0;20004599017000
1385702815136;795.0;20004661761000
1385702815254;780.0;20004779101000
1385702815465;750.0;20004989886000
1385702815527;690.0;20005052813000
1385702815558;645.0;20005083514000
1385702815620;600.0;20005145892000
1385702815684;615.0;20005209063000
1385702815754;570.0;20005279589000
1385702815793;525.0;20005318286000
1385702815855;465.0;20005380481000
1385702815887;420.0;20005412188000
1385702816055;360.0;20005581103000
1385702816096;345.0;20005621997000
1385702816357;330.0;20005882983000
1385702816463;300.0;20005988971000
1385702816496;285.0;20006021136000
1385702816621;270.0;20006146136000
1385702816723;255.0;20006248339000
1385702816878;240.0;20006403918000
1385702817066;225.0;20006591418000
1385702817282;210.0;20006806903000
1385702817504;225.0;20007029559000
1385702817676;240.0;20007201098000
1385702817894;255.0;20007419482000
1385702817956;285.0;20007482043000
1385702817988;315.0;20007513659000
1385702818170;330.0;20007695788000
1385702818241;345.0;20007766680000
1385702818466;375.0;20007991473000
1385702818552;420.0;20008053485000
1385702818605;465.0;20008130694000
1385702818713;510.0;20008239062000
1385702818766;540.0;20008291827000
1385702818831;555.0;20008356860000
1385702818888;570.0;20008413256000
1385702818926;615.0;20008451770000
1385702818956;660.0;20008481890000
1385702818989;705.0;20008514514000
1385702819090;690.0;20008615130000
1385702819217;660.0;20008742327000
1385702819261;645.0;20008787036000
1385702819387;660.0;20008912554000
1385702819425;705.0;20008950793000
1385702819488;840.0;20009013201000
1385702819550;855.0;20009075671000
1385702819613;885.0;20009138079000
1385702819706;765.0;20009231982000
1385702819769;690.0;20009294451000
1385702819831;660.0;20009356799000
1385702819926;690.0;20009451709000
1385702820060;720.0;20009585650000
1385702820120;735.0;20009645709000
1385702820152;780.0;20009677325000
1385702820183;810.0;20009708911000
1385702820262;795.0;20009787799000
1385702820378;780.0;20009891253000
1385702820433;885.0;20009958667000
1385702820527;645.0;20010052874000
1385702820589;540.0;20010114733000
1385702820652;495.0;20010177294000
1385702820714;450.0;20010239856000
1385702820754;375.0;20010279559000
1385702821136;270.0;20010661761000
1385702821227;285.0;20010752703000
1385702823558;345.0;20013084002000
1385702829488;495.0;20019013079000
1385702829626;630.0;20019152301000
1385702829676;855.0;20019201098000
1385702829769;945.0;20019294848000
1385702829863;585.0;20019388201000
1385702829926;330.0;20019451800000
1385702830363;405.0;20019889270000
1385702830478;345.0;20020003558000
1385702830568;450.0;20020093341000
1385702830637;720.0;20020162036000
1385702830668;1335.0;20020193255000
1385702830698;1575.0;20020224017000
1385702830762;1155.0;20020287371000
1385702830792;1005.0;20020317919000
1385702830856;870.0;20020381335000
1385702830956;465.0;20020481005000
1385702831191;1320.0;20020716601000
1385702831285;1440.0;20020811023000
1385702831385;855.0;20020910693000
1385702831425;525.0;20020950518000
1385702831457;345.0;20020982959000
1385702831542;270.0;20021067797000
1385702831574;255.0;20021099078000
1385702831636;240.0;20021161700000
1385702831801;225.0;20021326129000
1385702832144;240.0;20021669421000
1385702832447;255.0;20021972369000
1385702832519;270.0;20022044665000
1385702832613;285.0;20022138354000
1385702832738;300.0;20022263140000
1385702832801;285.0;20022326281000
1385702832957;300.0;20022482653000
1385702833027;315.0;20022552447000
1385702833058;345.0;20022584063000
1385702833121;330.0;20022646899000
1385702833183;345.0;20022708453000
1385702833258;375.0;20022780932000
1385702833300;390.0;20022825427000
1385702833423;420.0;20022948657000
1385702833473;450.0;20022998034000
1385702833503;510.0;20023028918000
1385702833566;525.0;20023091357000
1385702833628;480.0;20023153765000
1385702833691;450.0;20023216357000
1385702833723;390.0;20023248065000
1385702833785;360.0;20023310168000
1385702833847;345.0;20023372638000
1385702833909;360.0;20023435015000
1385702833941;405.0;20023466265000
1385702834004;510.0;20023529223000
1385702834067;630.0;20023592150000
1385702834157;780.0;20023682757000
1385702834192;840.0;20023717852000
1385702834243;855.0;20023765277000
1385702834341;750.0;20023866565000
1385702834425;480.0;20023950549000
1385702846886;315.0;20036411639000
1385702846980;345.0;20036505419000
1385702847042;405.0;20036567889000
1385702847105;450.0;20036630267000
1385702847200;420.0;20036725116000
1385702847323;390.0;20036849322000
1385702847488;420.0;20037013446000
1385702847551;435.0;20037076159000
1385702847581;450.0;20037106982000
1385702847644;465.0;20037169879000
1385702847769;300.0;20037294482000
1385702848550;600.0;20038076190000
1385702848597;810.0;20038122119000
1385702848826;585.0;20038351245000
1385702849254;810.0;20038779742000
1385702849339;945.0;20038864856000
1385702849457;885.0;20038950518000
1385702849493;855.0;20039019030000
1385702849699;825.0;20039224200000
1385702850121;570.0;20039646044000
1385702850183;615.0;20039708636000
1385702850277;375.0;20039803179000
1385702852204;315.0;20041717425000
1385702852254;300.0;20041779650000
1385702852886;315.0;20042411639000
1385702852949;885.0;20042474139000
1385702853012;825.0;20042537310000
1385702853042;735.0;20042567919000
1385702853105;690.0;20042630267000
1385702853167;630.0;20042692889000
1385702853251;570.0;20042776660000
1385702853297;540.0;20042822650000
1385702853474;585.0;20042998919000
1385702853511;645.0;20043036792000
1385702853542;765.0;20043067889000
1385702853621;915.0;20043146502000
1385702853652;1005.0;20043177264000
1385702853715;885.0;20043239794000
1385702853777;705.0;20043302264000
1385702853840;630.0;20043365191000
1385702853870;555.0;20043395953000
1385702853933;510.0;20043458697000
1385702854058;495.0;20043583575000
1385702854212;480.0;20043737963000
1385702854472;525.0;20043998156000
1385702854685;630.0;20044210742000
1385702855038;690.0;20044265002000
1385702855179;585.0;20044409838000
1385702855217;525.0;20044445178000
1385702855264;465.0;20044495166000
1385702855323;405.0;20044553759000
1385702855375;360.0;20044605822000
1385702855445;345.0;20044676471000
1385702855485;315.0;20044716204000
1385702855566;300.0;20044797015000
1385702855741;315.0;20044972277000
1385702855792;330.0;20045023181000
1385702855854;345.0;20045084796000
1385702855988;330.0;20045219012000
1385702856056;315.0;20045286456000
1385702856119;330.0;20045350024000
1385702856252;315.0;20045482440000
1385702856346;300.0;20045576770000
1385702856402;285.0;20045631762000
1385702856439;270.0;20045669451000
1385702856673;285.0;20045904010000
1385702856758;300.0;20045988513000
1385702856877;285.0;20046107440000
1385702857002;255.0;20046233020000
1385702857130;240.0;20046360675000
1385702857165;210.0;20046396075000
1385702857320;195.0;20046551074000
1385702857978;180.0;20047208544000
1385702858213;165.0;20047443408000
1385702858589;180.0;20047820056000
1385702858712;195.0;20047943042000
1385702858868;180.0;20048099169000
1385702859025;165.0;20048255694000
1385702859710;150.0;20048941149000
1385702859868;165.0;20049099108000
1385702860262;180.0;20049493212000
1385702860387;165.0;20049616931000
1385702860623;150.0;20049853961000
1385702860824;165.0;20050054370000
1385702860923;180.0;20050153826000
1385702860954;195.0;20050185168000
1385702860986;210.0;20050216632000
1385702861017;225.0;20050247638000
1385702861079;270.0;20050309924000
1385702861142;345.0;20050372576000
1385702861236;330.0;20050466601000
1385702861299;285.0;20050529284000
1385702861360;300.0;20050591174000
1385702861423;315.0;20050653765000
1385702861455;330.0;20050685778000
1385702861555;360.0;20050786486000
1385702861596;435.0;20050827197000
1385702861635;600.0;20050865924000
1385702861730;735.0;20050958239000
1385702861823;615.0;20051053820000
1385702861861;540.0;20051091815000
1385702861923;435.0;20051153888000
1385702861954;375.0;20051185168000
1385702862027;360.0;20051256976000
1385702862095;345.0;20051325610000
1385702862126;315.0;20051356951000
1385702862188;270.0;20051419451000
1385702862252;240.0;20051482409000
1385702862409;285.0;20051638598000
1385702862485;360.0;20051715777000
1385702862547;825.0;20051777850000
1385702862581;1050.0;20051811877000
1385702862626;1095.0;20051856646000
1385702862665;1050.0;20051895739000
1385702862790;825.0;20052019336000
1385702862836;495.0;20052066363000
1385702862884;300.0;20052115191000
1385702862916;270.0;20052146563000
1385702862946;240.0;20052177203000
1385702863010;180.0;20052240222000
1385702863072;120.0;20052302264000
1385702863134;75.0;20052364672000
1385702863166;60.0;20052396838000
1385702863650;45.0;20052880603000
1385702863744;30.0;20052974536000
1385702864345;45.0;20053575763000
1385702864939;30.0;20054169421000
1385702866049;15.0;20055279925000
1385702866423;30.0;20055653796000
1385702866518;15.0;20055748889000
1385702867220;30.0;20056450793000
1385702867470;45.0;20056700763000
1385702867555;30.0;20056786456000
1385702868585;15.0;20057815905000
1385702872165;30.0;20061395953000
1385702873861;45.0;20063091906000
1385702874439;60.0;20063669879000
1385702874501;45.0;20063732013000
1385702874611;60.0;20063841693000
1385702874713;45.0;20063943530000
1385702874775;60.0;20064005419000
1385702875267;45.0;20064497607000
1385702875393;60.0;20064623492000
1385702876157;75.0;20065388171000
1385702876251;90.0;20065481951000
1385702876423;75.0;20065653949000
1385702876486;90.0;20065716906000
1385702876562;75.0;20065788501000
1385702876712;90.0;20065943194000
1385702876808;105.0;20066038378000
1385702876939;135.0;20066169574000
1385702877039;120.0;20066270190000
1385702877119;135.0;20066349719000
1385702877160;165.0;20066390460000
1385702877212;195.0;20066442828000
1385702877252;225.0;20066482684000
1385702877415;210.0;20066645922000
1385702877478;195.0;20066708667000
1385702877540;180.0;20066771106000
1385702877610;195.0;20066841143000
1385702877642;225.0;20066872912000
1385702877704;285.0;20066934924000
1385702877767;360.0;20066998370000
1385702877798;375.0;20067028796000
1385702877861;390.0;20067091265000
1385702877963;375.0;20067193408000
1385702878026;360.0;20067256457000
1385702878118;390.0;20067349231000
1385702878150;450.0;20067380511000
1385702878182;495.0;20067412432000
1385702878243;510.0;20067474078000
1385702878306;480.0;20067536639000
1385702878369;495.0;20067600085000
1385702878463;465.0;20067693652000
1385702878508;420.0;20067738818000
1385702878579;435.0;20067810199000
1385702878643;495.0;20067873431000
1385702878712;555.0;20067942858000
1385702878743;615.0;20067974017000
1385702878816;660.0;20068045886000
1385702878853;720.0;20068083453000
1385702878915;690.0;20068145861000
1385702879123;795.0;20068354357000
1385702879157;870.0;20068388232000
1385702879189;885.0;20068419482000
1385702879251;795.0;20068481829000
1385702879408;750.0;20068638812000
1385702879470;705.0;20068700793000
1385702879579;750.0;20068810046000
1385702879642;825.0;20068872546000
1385702879673;900.0;20068903796000
1385702879736;1020.0;20068966449000
1385702879798;960.0;20069028979000
1385702879892;930.0;20069122882000
1385702879962;900.0;20069192828000
1385702880126;870.0;20069356646000
1385702880158;765.0;20069388293000
1385702880189;690.0;20069419604000
1385702880251;645.0;20069482043000
1385702880299;600.0;20069529742000
1385702880369;540.0;20069599597000
1385702880400;480.0;20069630542000
1385702880462;435.0;20069692767000
1385702880559;390.0;20069790423000
1385702880596;360.0;20069827319000
1385702880653;330.0;20069883441000
1385702880701;300.0;20069932147000
1385702880743;285.0;20069974353000
1385702880821;270.0;20070050860000
1385702880947;255.0;20070177203000
1385702881010;240.0;20070240252000
1385702881080;225.0;20070310839000
1385702881125;210.0;20070355487000
1385702881400;195.0;20070630481000
1385702881471;180.0;20070701586000
1385702881728;165.0;20070959063000
1385702881908;135.0;20071138751000
1385702882195;120.0;20071425647000
1385702882259;105.0;20071489642000
1385702882385;90.0;20071615954000
1385702882551;105.0;20071781878000
1385702882713;75.0;20071943469000
1385702883118;60.0;20072349169000
1385702883759;45.0;20072989825000
1385702883821;60.0;20073052172000
1385702883885;45.0;20073115771000
1385702884759;30.0;20073989856000
1385702884949;45.0;20074179858000
1385702885041;30.0;20074271838000
1385702887212;15.0;20076443255000
1385702887421;30.0;20076652148000
1385702887698;15.0;20076928393000
1385702889608;30.0;20078839526000
1385702890087;15.0;20079318164000
1385702890392;30.0;20079622943000
1385702895080;45.0;20084310076000
1385702895657;30.0;20084888232000
1385702896025;45.0;20085255542000
1385702896087;75.0;20085317919000
1385702896150;90.0;20085380358000
1385702896485;75.0;20085715991000
1385702896627;60.0;20085857348000
1385702896689;75.0;20085919726000
1385702896845;90.0;20086075640000
1385702896907;105.0;20086138018000
1385702896970;120.0;20086200549000
1385702897038;135.0;20086265368000
1385702897094;150.0;20086324908000
1385702897189;165.0;20086419329000
1385702897331;180.0;20086561572000
1385702897487;165.0;20086717395000
1385702897683;195.0;20086913562000
1385702897785;225.0;20087014849000
1385702897830;255.0;20087060290000
1385702897970;240.0;20087200732000
1385702898126;255.0;20087357043000
1385702898267;270.0;20087497546000
1385702898361;255.0;20087591906000
1385702898464;240.0;20087694659000
1385702898565;225.0;20087795306000
1385702898720;210.0;20087951159000
1385702898869;195.0;20088099597000
1385702899017;180.0;20088247576000
1385702899298;195.0;20088528796000
1385702899464;210.0;20088694140000
1385702899666;225.0;20088896319000
1385702899946;240.0;20089177172000
1385702900103;255.0;20089333483000
1385702900228;240.0;20089458483000
1385702900290;255.0;20089521075000
1385702900547;270.0;20089777850000
1385702900594;285.0;20089824511000
1385702900626;315.0;20089857043000
1385702900667;360.0;20089897631000
1385702900746;375.0;20089976458000
1385702900783;390.0;20090013690000
1385702900845;330.0;20090076007000
1385702900962;315.0;20090193042000
1385702901011;300.0;20090241931000
1385702901101;255.0;20090331530000
1385702901337;270.0;20090568408000
1385702901368;285.0;20090599108000
1385702901431;330.0;20090661608000
1385702901506;420.0;20090734179000
1385702901565;480.0;20090795245000
1385702901594;510.0;20090825427000
1385702901663;495.0;20090894244000
1385702901728;465.0;20090958392000
1385702901763;405.0;20090991870000
1385702901884;450.0;20091114672000
1385702901947;480.0;20091177874000
1385702902042;390.0;20091272692000
1385702902111;360.0;20091341326000
1385702902142;345.0;20091372546000
1385702902259;375.0;20091490069000
1385702902361;405.0;20091591479000
1385702902391;465.0;20091622546000
1385702902495;405.0;20091725787000
1385702902585;360.0;20091815753000
1385702902636;330.0;20091866381000
1385702902674;315.0;20091904650000
1385702902775;300.0;20092005267000
1385702902868;315.0;20092098986000
1385702903025;300.0;20092255542000
1385702903087;315.0;20092317736000
1385702903150;300.0;20092380755000
1385702903275;315.0;20092505267000
1385702903368;345.0;20092599139000
1385702903431;390.0;20092661547000
1385702903511;405.0;20092742358000
1385702903557;420.0;20092788348000
1385702903657;405.0;20092888079000
1385702903688;390.0;20092919329000
1385702903781;435.0;20093011615000
1385702903830;465.0;20093060717000
1385702903861;480.0;20093091449000
1385702903923;525.0;20093153735000
1385702903986;510.0;20093216265000
1385702904090;525.0;20093321460000
1385702904158;555.0;20093388690000
1385702904189;585.0;20093419390000
1385702904251;630.0;20093482043000
1385702904314;705.0;20093544970000
1385702904376;870.0;20093606829000
1385702904408;1080.0;20093638598000
1385702904529;1170.0;20093760089000
1385702904565;1200.0;20093795947000
1385702904666;1185.0;20093896624000
1385702904727;1110.0;20093957873000
1385702904789;1095.0;20094020098000
1385702904822;1065.0;20094052417000
1385702904930;900.0;20094160784000
1385702904987;765.0;20094218096000
1385702905030;735.0;20094261279000
1385702905103;780.0;20094334094000
1385702905134;840.0;20094364733000
1385702905198;915.0;20094428271000
1385702905275;1035.0;20094505297000
1385702905307;1170.0;20094537738000
1385702905409;1185.0;20094639544000
1385702905488;1065.0;20094718798000
1385702905548;900.0;20094779132000
1385702905579;720.0;20094809954000
1385702905674;615.0;20094904650000
1385702905704;555.0;20094935046000
1385702905735;540.0;20094966204000
1385702905799;525.0;20095029254000
1385702905861;510.0;20095091418000
1385702905923;495.0;20095153888000
1385702906017;525.0;20095247485000
1385702906080;555.0;20095310565000
1385702906142;630.0;20095372699000
1385702906173;750.0;20095403796000
1385702906236;945.0;20095466326000
1385702906371;1110.0;20095602191000
1385702906440;915.0;20095670184000
1385702906488;810.0;20095718554000
1385702906526;735.0;20095757251000
1385702906609;600.0;20095839373000
1385702906658;540.0;20095888629000
1385702906689;510.0;20095919543000
1385702906783;525.0;20096013263000
1385702906845;540.0;20096075732000
1385702906907;525.0;20096138049000
1385702907002;570.0;20096232928000
1385702907087;600.0;20096317828000
1385702907119;645.0;20096350085000
1385702907204;705.0;20096435076000
1385702907236;795.0;20096466326000
1385702907329;975.0;20096560199000
1385702907380;1080.0;20096607470000
1385702907421;1095.0;20096652056000
1385702907579;1155.0;20096810015000
1385702907715;1290.0;20096945300000
1385702907752;1410.0;20096982989000
1385702907808;1455.0;20097038348000
1385702907845;1515.0;20097075732000
1385702907939;1440.0;20097169574000
1385702908001;1470.0;20097232104000
1385702908064;1335.0;20097294299000
1385702908126;1110.0;20097356921000
1385702908189;1020.0;20097419482000
1385702908282;1170.0;20097513110000
1385702908345;1425.0;20097575732000
1385702908407;1650.0;20097638232000
1385702908439;1770.0;20097670001000
1385702908519;1665.0;20097750170000
1385702908634;1605.0;20097864611000
1385702908665;1470.0;20097895831000
1385702908728;1380.0;20097958483000
1385702908798;1425.0;20098028613000
1385702908830;1530.0;20098060260000
1385702908892;1485.0;20098122973000
1385702908954;1590.0;20098184924000
1385702909142;1620.0;20098373309000
1385702909173;1755.0;20098404284000
1385702909243;1485.0;20098473315000
1385702909292;1035.0;20098522113000
1385702909329;780.0;20098560168000
1385702909392;615.0;20098622638000
1385702909454;525.0;20098684985000
1385702909499;450.0;20098726062000
1385702909586;330.0;20098817309000
1385702909775;375.0;20099005267000
1385702909852;540.0;20099082598000
1385702909900;600.0;20099130725000
1385702909932;630.0;20099162524000
1385702909993;720.0;20099223956000
1385702910056;960.0;20099286547000
1385702910132;1635.0;20099363208000
1385702910165;1770.0;20099395922000
1385702910228;1845.0;20099458850000
1385702910259;1980.0;20099489886000
1385702910347;1710.0;20099576953000
1385702910385;1440.0;20099615313000
1385702910511;1095.0;20099741565000
1385702910556;945.0;20099787219000
1385702910601;795.0;20099831836000
1385702910648;705.0;20099878314000
1385702910681;600.0;20099911639000
1385702910712;540.0;20099942919000
1385702910836;525.0;20100066577000
1385702910869;435.0;20100099475000
1385702910932;420.0;20100162310000
1385702910993;405.0;20100223956000
1385702911265;390.0;20100496112000
1385702911353;375.0;20100584185000
1385702911409;360.0;20100639422000
1385702911447;345.0;20100677813000
1385702911604;360.0;20100835223000
1385702912025;375.0;20101255267000
1385702912174;360.0;20101404437000
1385702912275;345.0;20101505786000
1385702912432;360.0;20101662432000
1385702912546;345.0;20101777331000
1385702912620;330.0;20101850848000
1385702912861;345.0;20102091906000
1385702912986;360.0;20102216296000
1385702913048;345.0;20102278918000
1385702913080;330.0;20102310351000
1385702913204;315.0;20102434985000
1385702913361;330.0;20102591754000
1385702913423;345.0;20102653674000
1385702913503;330.0;20102733905000
1385702913541;315.0;20102771563000
1385702913586;300.0;20102817187000
1385702913799;285.0;20103029773000
1385702914095;300.0;20103325763000
1385702914189;315.0;20103419574000
1385702914361;300.0;20103591296000
1385702914423;285.0;20103653735000
1385702914652;300.0;20103882556000
1385702914705;315.0;20103935626000
1385702914743;345.0;20103973895000
1385702914821;360.0;20104052233000
1385702914916;375.0;20104146411000
1385702914978;390.0;20104208453000
1385702915010;420.0;20104240344000
1385702915071;465.0;20104302172000
1385702915134;480.0;20104364581000
1385702915228;450.0;20104458667000
1385702915290;405.0;20104520892000
1385702915353;390.0;20104583392000
1385702915604;435.0;20104834979000
1385702915648;480.0;20104879443000
1385702915689;495.0;20104919665000
1385702915759;450.0;20104989794000
1385702915791;435.0;20105022113000
1385702915894;450.0;20105124224000
1385702915931;480.0;20105161639000
1385702915962;525.0;20105192828000
1385702916025;615.0;20105255328000
1385702916087;885.0;20105318194000
1385702916175;1410.0;20105405780000
1385702916243;1320.0;20105474139000
1385702916275;1245.0;20105505938000
1385702916346;1095.0;20105576922000
1385702916454;1275.0;20105684985000
1385702916585;1170.0;20105815814000
1385702916643;975.0;20105872668000
1385702916690;945.0;20105920306000
1385702916728;885.0;20105958606000
1385702916790;870.0;20106020953000
1385702916869;1065.0;20106099505000
1385702916900;1515.0;20106130542000
1385702916962;1710.0;20106192767000
1385702917062;855.0;20106288989000
1385702917167;765.0;20106397998000
1385702917323;960.0;20106553607000
1385702917361;1125.0;20106591510000
1385702917462;1005.0;20106692889000
1385702917509;930.0;20106740039000
1385702917573;870.0;20106804217000
1385702917626;780.0;20106857104000
1385702917748;825.0;20106978137000
1385702917814;780.0;20107044482000
1385702917847;645.0;20107077441000
1385702917901;600.0;20107131427000
1385702918009;585.0;20107240100000
1385702918041;525.0;20107271655000
1385702918103;435.0;20107333941000
1385702918165;390.0;20107395953000
1385702918228;375.0;20107458453000
1385702918290;360.0;20107520861000
1385702918321;345.0;20107552142000
1385702918454;330.0;20107685107000
1385702918684;345.0;20107915210000
1385702918814;360.0;20108045184000
1385702918986;345.0;20108216388000
1385702919384;360.0;20108614703000
1385702919478;375.0;20108709185000
1385702919588;360.0;20108819415000
1385702919712;345.0;20108942645000
1385702919875;375.0;20109105883000
1385702920064;360.0;20109295275000
1385702920103;345.0;20109333667000
1385702920165;360.0;20109396197000
1385702920259;375.0;20109489917000
1385702920396;360.0;20109626452000
1385702920564;435.0;20109794665000
1385702920607;585.0;20109838397000
1385702920683;945.0;20109912310000
1385702920767;825.0;20109997607000
1385702920844;480.0;20110074389000
1385702920877;420.0;20110107592000
1385702920939;750.0;20110170001000
1385702920970;1305.0;20110201007000
1385702921033;1275.0;20110263690000
1385702921095;945.0;20110325824000
1385702921211;765.0;20110434619000
1385702921250;585.0;20110480670000
1385702921299;450.0;20110529498000
1385702921355;345.0;20110585925000
1385702921398;285.0;20110628985000
1385702921509;300.0;20110739520000
1385702921587;375.0;20110817797000
1385702921641;555.0;20110872241000
1385702921695;780.0;20110923449000
1385702921728;900.0;20110958331000
1385702921822;615.0;20111052264000
1385702921854;375.0;20111084277000
1385702921916;270.0;20111146594000
1385702921978;210.0;20111208483000
1385702922040;195.0;20111270861000
1385702922089;180.0;20111319384000
1385702922189;150.0;20111419818000
1385702922226;135.0;20111456286000
1385702922291;120.0;20111521716000
1385702922354;105.0;20111584796000
1385702922442;120.0;20111671771000
1385702922569;135.0;20111799700000
1385702922759;120.0;20111989550000
1385702922791;105.0;20112021228000
1385702922830;90.0;20112060443000
1385702922923;75.0;20112154223000
1385702923157;60.0;20112388385000
1385702923454;75.0;20112685107000
1385702923673;60.0;20112902056000
1385702923765;45.0;20112995745000
1385702924181;30.0;20113411547000
1385702924243;45.0;20113474139000
1385702924660;30.0;20113891162000
1385702926866;15.0;20116093615000
1385702926939;30.0;20116169451000
1385702927511;15.0;20116741626000
1385702927830;30.0;20117059924000
1385702929212;45.0;20118442889000
1385702929277;30.0;20118507251000
1385702930100;45.0;20119331012000
1385702930277;30.0;20119507220000
1385702931033;45.0;20120263751000
1385702931095;30.0;20120325763000
1385702931471;15.0;20120701464000
1385702931796;30.0;20121017688000
1385702932079;15.0;20121309924000
1385702935743;0.0;20124974505000
1385702935837;15.0;20125067919000
1385702936095;0.0;20125325793000
1385702936157;15.0;20125388171000
1385702936666;0.0;20125896289000
1385702936760;15.0;20125990496000
1385702936821;0.0;20126052203000
1385702940151;15.0;20129381396000
1385702942782;0.0;20132013263000
1385702942845;15.0;20132075549000
1385702943947;0.0;20133178241000
1385702944120;15.0;20133351397000
1385702944492;0.0;20133721118000
1385702945103;15.0;20134333972000
1385702945846;0.0;20135076251000
1385702945978;15.0;20135208544000
1385702946040;0.0;20135271075000
1385702946103;15.0;20135333575000
1385702946611;0.0;20135841510000
1385702946752;15.0;20135982501000
1385702946877;0.0;20136107440000
1385702946947;15.0;20136177783000
1385702948025;0.0;20137255969000
1385702948267;15.0;20137498278000
1385702954064;0.0;20143295001000
1385702954260;15.0;20143490618000
1385702954546;0.0;20143776416000
1385702954924;15.0;20144154437000
1385702955087;0.0;20144317919000
1385702955212;15.0;20144442919000
1385702955415;0.0;20144646044000
1385702955547;15.0;20144777575000
1385702956049;0.0;20145279834000
1385702956153;15.0;20145383593000
1385702956314;0.0;20145544482000
1385702956407;15.0;20145638324000
1385702956721;0.0;20145935351000
1385702956913;15.0;20146143573000
1385702957033;0.0;20146263232000
1385702957369;15.0;20146599597000
1385702957751;0.0;20146981768000
1385702957978;15.0;20147209063000
1385702958470;0.0;20147700579000
1385702958537;15.0;20147768512000
1385702959017;0.0;20148247699000
1385702959079;15.0;20148310046000
1385702959299;0.0;20148529803000
1385702959393;15.0;20148623278000
1385702960236;0.0;20149467059000
1385702960298;15.0;20149528796000
1385702961347;30.0;20150577227000
1385702961611;15.0;20150842150000
1385702961673;30.0;20150903826000
1385702963258;45.0;20152489642000
1385702963385;30.0;20152615374000
1385702963767;45.0;20152997515000
1385702963829;30.0;20153059954000
1385702964087;45.0;20153317736000
1385702964609;60.0;20153839831000
1385702964743;75.0;20153974292000
1385702964813;90.0;20154043536000
1385702964944;105.0;20154171557000
1385702964993;120.0;20154224047000
1385702965087;135.0;20154317858000
1385702965158;150.0;20154388995000
1385702965243;165.0;20154474231000
1385702965500;180.0;20154731005000
1385702965612;195.0;20154842211000
1385702965672;210.0;20154902331000
1385702965721;225.0;20154951495000
1385702965981;240.0;20155209979000
1385702966096;225.0;20155326403000
1385702966143;210.0;20155373980000
1385702966298;180.0;20155528704000
1385702966517;195.0;20155747454000
1385702966587;210.0;20155817828000
1385702966649;225.0;20155880206000
1385702966681;240.0;20155911578000
1385702966806;255.0;20156036517000
1385702966868;270.0;20156098986000
1385702966901;315.0;20156131427000
1385702966986;360.0;20156216296000
1385702967093;375.0;20156324084000
1385702967133;390.0;20156363971000
1385702967228;405.0;20156458544000
1385702967261;435.0;20156491198000
1385702967316;525.0;20156546130000
1385702967353;720.0;20156583636000
1385702967416;915.0;20156646594000
1385702967478;1065.0;20156708514000
1385702967510;1080.0;20156740313000
1385702967580;1065.0;20156810534000
1385702967648;960.0;20156878863000
1385702967681;885.0;20156911731000
1385702967744;855.0;20156974810000
1385702967806;885.0;20157037097000
1385702967901;840.0;20157131366000
1385702968032;945.0;20157263201000
1385702968064;1050.0;20157294604000
1385702968126;1140.0;20157357104000
1385702968189;1305.0;20157419360000
1385702968282;1260.0;20157513201000
1385702968345;1155.0;20157575915000
1385702968455;1500.0;20157685473000
1385702968517;1470.0;20157747638000
1385702968588;1215.0;20157818438000
1385702968619;1095.0;20157849902000
1385702968689;1050.0;20157919421000
1385702968720;960.0;20157950671000
1385702968784;840.0;20158014361000
1385702968853;750.0;20158083667000
1385702968884;720.0;20158114794000
1385702968988;750.0;20158218829000
1385702969024;780.0;20158255389000
1385702969055;1065.0;20158286517000
1385702969121;1350.0;20158351245000
1385702969196;1710.0;20158427203000
1385702969237;1860.0;20158467730000
1385702969337;1875.0;20158567919000
1385702969400;1815.0;20158630481000
1385702969470;1680.0;20158700732000
1385702969502;1200.0;20158732562000
1385702969572;825.0;20158802294000
1385702969613;780.0;20158843249000
1385702969681;840.0;20158911639000
1385702969712;885.0;20158943072000
1385702969744;840.0;20158974322000
1385702969775;810.0;20159005938000
1385702969837;795.0;20159067797000
1385702969900;840.0;20159130816000
1385702969962;990.0;20159192889000
1385702970000;1155.0;20159231036000
1385702970064;1470.0;20159294787000
1385702970126;1545.0;20159356799000
1385702970221;1725.0;20159451648000
1385702970327;1770.0;20159557910000
1385702970392;1665.0;20159622699000
1385702970463;1290.0;20159693866000
1385702970518;1260.0;20159748248000
1385702970603;1515.0;20159833422000
1385702970666;1545.0;20159896960000
1385702970751;1290.0;20159982013000
1385702970845;1470.0;20160075701000
1385702970876;1620.0;20160106799000
1385702970939;1800.0;20160169940000
1385702971001;1920.0;20160232043000
1385702971080;1665.0;20160310992000
1385702971135;1050.0;20160365313000
1385702971212;1095.0;20160442858000
1385702971276;1365.0;20160506243000
1385702971353;1605.0;20160583667000
1385702971463;1365.0;20160694262000
1385702971502;1350.0;20160732928000
1385702971600;1365.0;20160830767000
1385702971707;1215.0;20160938311000
1385702971758;1230.0;20160988330000
1385702971838;1245.0;20161068621000
1385702971870;1395.0;20161100299000
1385702971971;1635.0;20161201434000
1385702972048;1530.0;20161278643000
1385702972116;1710.0;20161343646000
1385702972163;1785.0;20161394213000
1385702972258;1590.0;20161487506000
1385702972290;1290.0;20161521106000
1385702972322;1080.0;20161552478000
1385702972416;945.0;20161646960000
1385702972469;885.0;20161700457000
1385702972506;825.0;20161737292000
1385702972549;810.0;20161779956000
1385702972619;750.0;20161849597000
1385702972650;720.0;20161880481000
1385702972842;780.0;20162073199000
1385702972890;900.0;20162120837000
1385702972985;1035.0;20162215502000
1385702973018;1200.0;20162248645000
1385702973119;1155.0;20162350177000
1385702973174;1065.0;20162404589000
1385702973212;945.0;20162442858000
1385702973275;840.0;20162505999000
1385702973306;765.0;20162536547000
1385702973368;735.0;20162599139000
1385702973431;750.0;20162661700000
1385702973533;720.0;20162763934000
1385702973570;690.0;20162800982000
1385702973642;870.0;20162872607000
1385702973705;1245.0;20162935351000
1385702973767;1725.0;20162997485000
1385702973798;1995.0;20163028765000
1385702973869;1650.0;20163099841000
1385702973956;1560.0;20163186267000
1385702974049;1740.0;20163279406000
1385702974087;1935.0;20163317767000
1385702974150;1830.0;20163380450000
1385702974213;1440.0;20163443255000
1385702974251;1230.0;20163482074000
1385702974315;1125.0;20163545275000
1385702974464;1005.0;20163695178000
1385702974502;780.0;20163732501000
1385702974572;870.0;20163802356000
1385702974634;1065.0;20163864703000
1385702974698;1290.0;20163928332000
1385702974801;1560.0;20164031604000
1385702974837;1665.0;20164067797000
1385702974931;1605.0;20164161700000
1385702975063;1335.0;20164293719000
1385702975095;945.0;20164325549000
1385702975126;870.0;20164356829000
1385702975189;1005.0;20164419513000
1385702975251;1320.0;20164482013000
1385702975416;1185.0;20164646319000
1385702975485;1200.0;20164716021000
1385702975516;1290.0;20164747302000
1385702975587;1545.0;20164817919000
1385702975650;1875.0;20164880419000
1385702975682;2040.0;20164912188000
1385702975744;1770.0;20164974597000
1385702975837;1785.0;20165067858000
1385702975868;1800.0;20165099169000
1385702975962;1545.0;20165193011000
1385702976025;1260.0;20165255297000
1385702976088;1140.0;20165318286000
1385702976118;1080.0;20165349231000
1385702976182;1170.0;20165412188000
1385702976244;1035.0;20165474902000
1385702976306;930.0;20165536944000
1385702976415;960.0;20165645953000
1385702976460;1035.0;20165687091000
1385702976494;1095.0;20165724871000
1385702976532;1410.0;20165763293000
1385702976563;1770.0;20165794268000
1385702976626;1965.0;20165856829000
1385702976689;2010.0;20165920031000
1385702976767;1920.0;20165997790000
1385702976799;1575.0;20166029437000
1385702976862;1425.0;20166092303000
1385702976918;1230.0;20166148242000
1385702976954;1005.0;20166185046000
1385702977036;900.0;20166266925000
1385702977072;795.0;20166302356000
1385702977221;645.0;20166451312000
1385702977251;600.0;20166482074000
1385702977490;675.0;20166721362000
1385702977532;735.0;20166762957000
1385702977564;825.0;20166794879000
1385702977626;885.0;20166857043000
1385702977689;870.0;20166920092000
1385702977720;810.0;20166950824000
1385702977783;780.0;20167013446000
1385702977853;705.0;20167084124000
1385702977884;630.0;20167114947000
1385702978048;600.0;20167278949000
1385702978079;630.0;20167310199000
1385702978174;585.0;20167404437000
1385702978267;600.0;20167497912000
1385702978300;630.0;20167530139000
1385702978355;645.0;20167585162000
1385702978392;780.0;20167623065000
1385702978472;930.0;20167702716000
1385702978509;1200.0;20167740313000
1385702978571;1260.0;20167802111000
1385702978665;1050.0;20167895892000
1385702978728;990.0;20167958544000
1385702978791;840.0;20168021777000
1385702978821;720.0;20168052203000
1385702978884;675.0;20168114764000
1385702978947;630.0;20168177356000
1385702979009;570.0;20168239856000
1385702979072;540.0;20168302752000
1385702979103;510.0;20168333483000
1385702979165;525.0;20168396014000
1385702979228;570.0;20168458514000
1385702979290;675.0;20168521075000
1385702979329;840.0;20168559191000
1385702979392;1050.0;20168622821000
1385702979480;1320.0;20168710742000
1385702979529;1410.0;20168760028000
1385702979617;1230.0;20168843737000
1385702979689;1170.0;20168919360000
1385702979720;915.0;20168950701000
1385702979790;735.0;20169021106000
1385702979875;660.0;20169106097000
1385702979963;600.0;20169193194000
1385702980009;510.0;20169240008000
1385702980123;525.0;20169354419000
1385702980165;555.0;20169395556000
1385702980237;615.0;20169467761000
1385702980328;735.0;20169559161000
1385702980375;900.0;20169605304000
1385702980408;1125.0;20169638934000
1385702980439;1275.0;20169669635000
1385702980538;1125.0;20169768939000
1385702980580;945.0;20169810565000
1385702980642;840.0;20169872515000
1385702980673;660.0;20169903765000
1385702980704;555.0;20169934954000
1385702980829;570.0;20170060046000
1385702980893;645.0;20170123095000
1385702980929;735.0;20170160205000
1385702980993;810.0;20170224017000
1385702981057;975.0;20170287402000
1385702981087;1005.0;20170317919000
1385702981150;1170.0;20170380481000
1385702981212;1425.0;20170442889000
1385702981290;1680.0;20170521167000
1385702981322;1845.0;20170552386000
1385702981384;1965.0;20170614703000
1385702981446;1830.0;20170677233000
1385702981496;1635.0;20170726733000
1385702981564;1485.0;20170794543000
1385702981594;1230.0;20170825366000
1385702981658;1140.0;20170888781000
1385702981752;1110.0;20170982348000
1385702981813;1050.0;20171044329000
1385702981876;990.0;20171107013000
1385702981972;1125.0;20171202471000
1385702982086;1200.0;20171316973000
1385702982119;1350.0;20171349475000
1385702982150;1500.0;20171380358000
1385702982220;1470.0;20171450732000
1385702982252;1365.0;20171482653000
1385702982392;1245.0;20171622821000
1385702982423;1110.0;20171653765000
1385702982509;975.0;20171740313000
1385702982640;780.0;20171871081000
1385702982688;705.0;20171919360000
1385702982734;630.0;20171965289000
1385702982831;615.0;20172061511000
1385702982979;570.0;20172210040000
1385702983048;495.0;20172278888000
1385702983142;555.0;20172372454000
1385702983204;615.0;20172434954000
1385702983267;600.0;20172497607000
1385702983299;480.0;20172529284000
1385702983361;330.0;20172591235000
1385702983423;300.0;20172653735000
1385702983502;240.0;20172732592000
1385702983536;210.0;20172767382000
1385702983572;195.0;20172802630000
1385702983603;180.0;20172834155000
1385702983634;165.0;20172864794000
1385702983697;150.0;20172927813000
1385702984080;135.0;20173310748000
1385702984299;120.0;20173529895000
1385702984642;105.0;20173872546000
1385702984915;90.0;20174145953000
1385702987338;75.0;20176568499000
1385702987400;90.0;20176630725000
1385702987518;75.0;20176748645000
1385702987884;90.0;20177114886000
1385702989133;75.0;20178363635000
1385702989923;60.0;20179153765000
1385702990893;45.0;20180123492000
1385702990923;30.0;20180153918000
1385702991079;15.0;20180310076000
1385702991714;30.0;20180945513000
1385702991783;15.0;20181013293000
1385702992501;30.0;20181732013000
1385702992681;15.0;20181911486000
1385702995282;30.0;20184513171000
1385702995540;15.0;20184770800000
1385702995837;30.0;20185068133000
1385702996337;45.0;20185567584000
1385702996618;30.0;20185849017000
1385702997002;45.0;20186232196000
1385702997463;30.0;20186694262000
1385702997759;15.0;20186989642000
1385702997822;30.0;20187052294000
1385702997884;15.0;20187114978000
1385702998103;30.0;20187333606000
1385702998227;15.0;20187458392000
1385702998657;30.0;20187888049000
1385702998751;15.0;20187981860000
1385703001853;30.0;20191084124000
1385703001916;15.0;20191146319000
1385703002728;30.0;20191958361000
1385703002854;15.0;20192084460000
1385703003400;30.0;20192630450000
1385703004011;15.0;20193241534000
1385703004079;30.0;20193310046000
1385703004330;15.0;20193560717000
1385703004469;30.0;20193700091000
1385703005775;15.0;20195005633000
1385703005837;30.0;20195067736000
1385703006103;15.0;20195333636000
1385703006181;30.0;20195412097000
1385703006275;15.0;20195505328000
1385703006384;30.0;20195615069000
1385703007712;15.0;20196942858000
1385703007806;30.0;20197036486000
1385703007941;15.0;20197171679000
1385703008092;30.0;20197320239000
1385703009049;45.0;20198279467000
1385703009470;30.0;20198701068000
1385703010096;45.0;20199326556000
1385703010189;30.0;20199419451000
1385703011422;15.0;20200652331000
1385703011526;30.0;20200755725000
1385703011595;15.0;20200825518000
1385703011986;30.0;20201216388000
1385703012283;15.0;20201513568000
1385703012837;30.0;20202067858000
1385703013056;15.0;20202286669000
1385703013774;30.0;20203005236000
1385703013937;15.0;20203168078000
1385703014602;30.0;20203832995000
1385703016142;45.0;20205372699000
1385703016215;30.0;20205444659000
1385703016572;15.0;20205802935000
1385703016666;30.0;20205896899000
1385703017868;45.0;20207099231000
1385703018188;60.0;20207418566000
1385703018439;75.0;20207669390000
1385703018634;90.0;20207864642000
1385703018978;105.0;20208208575000
1385703019587;90.0;20208817889000
1385703019838;75.0;20209067950000
1385703020072;60.0;20209302722000
1385703020134;75.0;20209364703000
1385703020360;60.0;20209591235000
1385703020564;45.0;20209794970000
1385703021462;30.0;20210692858000
1385703026056;45.0;20215286761000
1385703026798;60.0;20216028765000
1385703026986;75.0;20216216449000
1385703027243;60.0;20216474169000
1385703027306;75.0;20216536731000
1385703027368;60.0;20216599169000
1385703027643;45.0;20216873919000
1385703027970;60.0;20217200610000
1385703028126;75.0;20217356982000
1385703028509;90.0;20217740222000
1385703028736;75.0;20217966418000
1385703028991;90.0;20218221545000
1385703029035;105.0;20218265857000
1385703029407;120.0;20218638171000
1385703029509;135.0;20218739703000
1385703029579;120.0;20218809924000
1385703029948;150.0;20219178607000
1385703030041;165.0;20219271441000
1385703030164;180.0;20219395098000
1385703030353;195.0;20219584094000
1385703030384;225.0;20219614917000
1385703030454;240.0;20219685046000
1385703030525;225.0;20219755908000
1385703030658;210.0;20219888140000
1385703030689;195.0;20219919390000
1385703030720;180.0;20219951190000
1385703030846;195.0;20220076617000
1385703030907;225.0;20220138018000
1385703030939;255.0;20220169299000
1385703031002;270.0;20220232989000
1385703031088;285.0;20220319049000
1385703031158;300.0;20220388751000
1385703031298;315.0;20220529193000
1385703031330;330.0;20220560107000
1385703031392;345.0;20220622668000
1385703031462;330.0;20220692919000
1385703031626;315.0;20220856799000
1385703031794;330.0;20221024585000
1385703031901;360.0;20221132281000
1385703031970;405.0;20221200732000
1385703032002;420.0;20221233111000
1385703032103;435.0;20221333972000
1385703032134;450.0;20221364764000
1385703032244;465.0;20221474963000
1385703032275;480.0;20221505389000
1385703032494;495.0;20221724719000
1385703032595;480.0;20221826129000
1385703032768;495.0;20221998706000
1385703032829;510.0;20222060046000
1385703032893;540.0;20222123095000
1385703032987;525.0;20222217364000
1385703033064;540.0;20222294482000
1385703033158;525.0;20222388629000
1385703033456;495.0;20222686358000
1385703033511;465.0;20222741198000
1385703033586;450.0;20222817218000
1385703033623;435.0;20222853503000
1385703033672;420.0;20222902514000
1385703033705;390.0;20222936145000
1385703033799;375.0;20223028826000
1385703033861;345.0;20223091296000
1385703033893;330.0;20223123553000
1385703033947;300.0;20223177813000
1385703033987;285.0;20223217791000
1385703034092;270.0;20223323443000
1385703034271;255.0;20223501757000
1385703034337;240.0;20223567736000
1385703034604;225.0;20223834704000
1385703034653;210.0;20223884448000
1385703034689;180.0;20223919329000
1385703034721;165.0;20223951678000
1385703034777;150.0;20224007525000
1385703034814;135.0;20224044574000
1385703035098;120.0;20224329333000
1385703035165;135.0;20224395983000
1385703035364;120.0;20224593646000
1385703035604;135.0;20224834491000
1385703035697;150.0;20224927264000
1385703035871;135.0;20225101855000
1385703036002;120.0;20225232562000
1385703036033;105.0;20225263598000
1385703036263;90.0;20225493518000
1385703036916;75.0;20226146655000
1385703037056;90.0;20226286639000
1385703037150;75.0;20226380450000
1385703037845;60.0;20227075640000
1385703038564;45.0;20227794696000
1385703039345;30.0;20228576037000
1385703043705;45.0;20232935717000
1385703044298;60.0;20233528918000
1385703044361;45.0;20233591662000
1385703044424;60.0;20233654467000
1385703044560;45.0;20233791369000
1385703044609;60.0;20233839984000
1385703044923;75.0;20234153674000
1385703045017;90.0;20234247546000
1385703045080;105.0;20234310992000
1385703045259;90.0;20234489825000
1385703045666;105.0;20234896228000
1385703045987;120.0;20235218096000
1385703046120;105.0;20235350878000
1385703046283;90.0;20235514056000
1385703046407;105.0;20235638201000
1385703046642;90.0;20235872699000
1385703046799;105.0;20236029406000
1385703046892;120.0;20236122485000
1385703046955;105.0;20236185565000
1385703047017;90.0;20236247699000
1385703047142;75.0;20236373095000
1385703047572;60.0;20236802844000
1385703047838;75.0;20237068347000
1385703047900;60.0;20237130450000
1385703048001;45.0;20237231860000
1385703048376;30.0;20237607135000
1385703048626;45.0;20237856921000
1385703048908;30.0;20238138263000
1385703049509;15.0;20238739550000
1385703049579;30.0;20238810107000
1385703049767;15.0;20238997607000
1385703050251;30.0;20239481646000
1385703050325;15.0;20239554065000
1385703050595;30.0;20239826129000
1385703050657;15.0;20239888140000
1385703051103;30.0;20240333941000
1385703051215;15.0;20240445178000
1385703051596;30.0;20240826678000
1385703051720;15.0;20240950640000
1385703052095;30.0;20241325640000
1385703052176;15.0;20241405688000
1385703052360;30.0;20241591174000
1385703052596;15.0;20241826220000
1385703052978;30.0;20242208606000
1385703053041;15.0;20242271929000
1385703053316;30.0;20242545947000
1385703053579;15.0;20242810015000
1385703053642;30.0;20242873370000
1385703054142;15.0;20243372454000
1385703054236;30.0;20243466815000
1385703054525;15.0;20243755419000
1385703054626;30.0;20243857043000
1385703054908;15.0;20244138324000
1385703055028;30.0;20244258105000
1385703055681;15.0;20244911700000
1385703055838;30.0;20245068560000
1385703059657;15.0;20248888263000
1385703059721;30.0;20248951342000
1385703060212;15.0;20249443011000
1385703060275;30.0;20249506030000
1385703061212;15.0;20250442919000
1385703061370;30.0;20250600695000
1385703061603;15.0;20250833606000
1385703061696;30.0;20250927325000
1385703062104;15.0;20251334216000
1385703062270;30.0;20251499926000
1385703062853;15.0;20252083575000
1385703063243;30.0;20252474322000
1385703063908;15.0;20253138781000
1385703063994;30.0;20253224627000
1385703064259;15.0;20253480487000
1385703066330;30.0;20255560443000
1385703066658;15.0;20255888537000
1385703067064;30.0;20256294482000
1385703067714;15.0;20256944659000
1385703067820;30.0;20257050952000
1385703069580;15.0;20258810412000
1385703069938;30.0;20259169146000
1385703070126;45.0;20259357043000
1385703070322;30.0;20259552356000
1385703070586;15.0;20259816638000
1385703070915;30.0;20260145892000
1385703070977;15.0;20260208392000
1385703071072;30.0;20260302722000
1385703071134;15.0;20260365161000
1385703071196;30.0;20260427142000
1385703071259;15.0;20260489764000
1385703074798;30.0;20264028796000
1385703075017;45.0;20264247454000
1385703075111;60.0;20264341845000
1385703075306;75.0;20264537036000
1385703075548;60.0;20264779071000
1385703075767;75.0;20264997515000
1385703075845;60.0;20265075976000
1385703076165;75.0;20265396167000
1385703076651;90.0;20265881335000
1385703076728;75.0;20265958483000
1385703077572;90.0;20266802325000
1385703077666;75.0;20266896441000
1385703077729;90.0;20266959368000
1385703077884;75.0;20267114611000
1385703078049;90.0;20267279467000
1385703078111;75.0;20267341296000
1385703078368;90.0;20267599231000
1385703078674;75.0;20267904895000
1385703078898;90.0;20268125018000
1385703079477;105.0;20268708392000
1385703079642;120.0;20268872393000
1385703079705;105.0;20268935473000
1385703079931;120.0;20269161761000
1385703080450;135.0;20269680712000
1385703080518;150.0;20269748339000
1385703080753;165.0;20269983477000
1385703080853;180.0;20270083392000
1385703081041;165.0;20270271502000
1385703081244;180.0;20270475299000
1385703081283;210.0;20270513568000
1385703081596;195.0;20270826495000
1385703081634;180.0;20270865008000
1385703081728;210.0;20270958575000
1385703081861;195.0;20271091540000
1385703081892;180.0;20271122851000
1385703081923;195.0;20271153796000
1385703082017;180.0;20271247607000
1385703082079;165.0;20271310168000
1385703082229;180.0;20271459094000
1385703082321;195.0;20271552111000
1385703082415;210.0;20271646014000
1385703082532;195.0;20271763171000
1385703082635;210.0;20271865283000
1385703082666;240.0;20271896594000
1385703082791;225.0;20272021716000
1385703083093;240.0;20272323596000
1385703083190;285.0;20272420947000
1385703083346;300.0;20272576709000
1385703083439;285.0;20272669757000
1385703083559;300.0;20272790393000
1385703083611;315.0;20272842120000
1385703083726;360.0;20272953021000
1385703083773;375.0;20273003985000
1385703083806;405.0;20273036761000
1385703083837;420.0;20273067981000
1385703083900;405.0;20273131121000
1385703083993;435.0;20273224017000
1385703084056;495.0;20273286669000
1385703084118;555.0;20273349200000
1385703084181;600.0;20273411975000
1385703084221;615.0;20273451342000
1385703084282;630.0;20273513018000
1385703084346;615.0;20273576648000
1385703084398;585.0;20273629168000
1385703084501;600.0;20273732165000
1385703084603;630.0;20273833392000
1385703084667;645.0;20273898425000
1385703084757;660.0;20273987750000
1385703084884;675.0;20274114978000
1385703084947;705.0;20274177722000
1385703085010;765.0;20274240344000
1385703085075;840.0;20274305987000
1385703085111;870.0;20274341937000
1385703085377;885.0;20274606890000
1385703085459;840.0;20274689959000
1385703085493;705.0;20274723925000
1385703085641;675.0;20274867816000
1385703085688;525.0;20274918536000
1385703085720;465.0;20274950793000
1385703085784;450.0;20275014453000
1385703085838;345.0;20275068560000
1385703090838;495.0;20280068560000
1385703090900;360.0;20280130328000
1385703090962;390.0;20280192889000
1385703091026;555.0;20280256610000
1385703091080;675.0;20280310626000
1385703091158;570.0;20280388354000
1385703091238;675.0;20280467883000
1385703091314;735.0;20280544482000
1385703091347;750.0;20280577563000
1385703091448;705.0;20280679065000
1385703091509;675.0;20280739886000
1385703091557;645.0;20280787463000
1385703091618;660.0;20280849078000
1385703091681;645.0;20280911486000
1385703091929;630.0;20281159533000
1385703091962;585.0;20281192919000
1385703092026;570.0;20281256396000
1385703092080;555.0;20281310595000
1385703092181;540.0;20281412524000
1385703092353;525.0;20281583483000
1385703092385;510.0;20281615496000
1385703092468;480.0;20281699023000
1385703092503;465.0;20281733477000
1385703092670;435.0;20281900592000
1385703092798;420.0;20282028857000
1385703092830;390.0;20282060534000
1385703092892;375.0;20282122668000
1385703092954;360.0;20282185168000
1385703093192;345.0;20282421069000
1385703093338;315.0;20282568652000
1385703093491;300.0;20282718737000
1385703093580;285.0;20282810412000
1385703093720;270.0;20282950549000
1385703093783;255.0;20283013629000
1385703093845;240.0;20283075793000
1385703093939;255.0;20283169482000
1385703094034;240.0;20283264392000
1385703094072;225.0;20283302356000
1385703094259;210.0;20283489611000
1385703094321;195.0;20283552233000
1385703094385;180.0;20283615344000
1385703094455;165.0;20283686023000
1385703094502;135.0;20283732470000
1385703094613;150.0;20283844409000
1385703094712;135.0;20283943103000
1385703095547;150.0;20284778033000
1385703095610;135.0;20284841204000
1385703096143;120.0;20285373553000
1385703096361;135.0;20285591326000
1385703096689;120.0;20285919848000
1385703097189;105.0;20286419757000
1385703097799;90.0;20287029589000
1385703102807;75.0;20292037310000
1385703102931;90.0;20292161731000
1385703103526;105.0;20292756671000
1385703103705;120.0;20292935473000
1385703103876;135.0;20293106890000
1385703103940;150.0;20293170794000
1385703104025;180.0;20293255389000
1385703104056;210.0;20293286578000
1385703104103;225.0;20293333453000
1385703104196;210.0;20293427142000
1385703104259;195.0;20293490191000
1385703104384;210.0;20293615130000
1385703104464;225.0;20293694842000
1385703104603;240.0;20293833544000
1385703104698;255.0;20293928424000
1385703104845;270.0;20294075946000
1385703104876;345.0;20294106921000
1385703104940;450.0;20294170581000
1385703105033;405.0;20294263537000
1385703105184;360.0;20294413745000
1385703105222;330.0;20294452105000
1385703105322;345.0;20294552752000
1385703105509;390.0;20294739520000
1385703105587;405.0;20294817767000
1385703105713;420.0;20294943866000
1385703105778;480.0;20295008837000
1385703105815;570.0;20295045123000
1385703105916;750.0;20295146350000
1385703105980;675.0;20295210192000
1385703106079;600.0;20295309954000
1385703106142;525.0;20295372515000
1385703106204;495.0;20295435015000
1385703106299;510.0;20295529376000
1385703106435;495.0;20295665911000
1385703106541;510.0;20295771991000
1385703106634;540.0;20295864917000
1385703106697;615.0;20295927722000
1385703106759;795.0;20295989886000
1385703106822;1035.0;20296052386000
1385703106853;1095.0;20296084094000
1385703106915;945.0;20296145983000
1385703106978;810.0;20296209094000
1385703107040;780.0;20296271106000
1385703107072;675.0;20296302294000
1385703107134;630.0;20296364733000
1385703107368;570.0;20296599414000
1385703107518;585.0;20296748980000
1385703107556;645.0;20296786944000
1385703107587;720.0;20296817950000
1385703107650;840.0;20296880481000
1385703107691;1080.0;20296921069000
1385703107759;1380.0;20296989733000
1385703107790;1455.0;20297021228000
1385703107853;1230.0;20297084094000
1385703107915;975.0;20297145892000
1385703107979;810.0;20297209399000
1385703108009;690.0;20297239886000
1385703108072;675.0;20297302844000
1385703108205;660.0;20297435595000
1385703108306;615.0;20297536486000
1385703108400;630.0;20297630419000
1385703108587;660.0;20297817919000
1385703108619;1080.0;20297849658000
1385703108691;1575.0;20297921038000
1385703108790;1380.0;20298021044000
1385703108853;1170.0;20298083392000
1385703108915;1020.0;20298145892000
1385703108947;840.0;20298177294000
1385703109010;765.0;20298241015000
1385703109105;735.0;20298335192000
1385703109244;690.0;20298474475000
1385703109338;705.0;20298568347000
1385703109400;735.0;20298630389000
1385703109480;810.0;20298711077000
1385703109570;990.0;20298800799000
1385703109603;1305.0;20298833361000
1385703109634;1380.0;20298864733000
1385703109728;1095.0;20298958606000
1385703109791;945.0;20299021258000
1385703109870;795.0;20299100054000
1385703109909;720.0;20299139727000
1385703109947;705.0;20299177356000
1385703110072;690.0;20299302539000
1385703110165;675.0;20299396075000
1385703110299;705.0;20299529254000
1385703110329;720.0;20299559985000
1385703110392;765.0;20299622454000
1385703110470;855.0;20299700854000
1385703110583;1005.0;20299813769000
1385703110620;1155.0;20299850543000
1385703110704;1080.0;20299935107000
1385703110737;1065.0;20299967761000
1385703110792;1020.0;20300022082000
1385703110932;825.0;20300162829000
1385703110977;810.0;20300207446000
1385703111056;825.0;20300287097000
1385703111258;900.0;20300488543000
1385703111290;1020.0;20300521075000
1385703111321;1230.0;20300552172000
1385703111384;1395.0;20300615130000
1385703111472;825.0;20300702685000
1385703111509;555.0;20300739611000
1385703111556;510.0;20300786639000
1385703111619;645.0;20300850024000
1385703111650;840.0;20300880419000
1385703111712;960.0;20300942797000
1385703111814;1185.0;20301044421000
1385703111845;1335.0;20301075701000
1385703111939;1320.0;20301169940000
1385703112016;1245.0;20301247119000
1385703112048;1155.0;20301278918000
1385703112111;1170.0;20301341815000
1385703112174;1215.0;20301403765000
1385703112282;1065.0;20301513079000
1385703112314;855.0;20301545031000
1385703112384;630.0;20301614611000
1385703112447;510.0;20301677752000
1385703112515;465.0;20301723864000
1385703112584;510.0;20301815448000
1385703112634;540.0;20301864276000
1385703112666;630.0;20301896136000
1385703112728;945.0;20301958667000
1385703112759;1185.0;20301989886000
1385703112822;1245.0;20302052294000
1385703112884;1215.0;20302114764000
1385703112947;1185.0;20302177356000
1385703112978;1140.0;20302209094000
1385703113051;1215.0;20302280230000
1385703113135;975.0;20302366015000
1385703113190;870.0;20302420123000
1385703113255;765.0;20302486346000
1385703113291;570.0;20302521533000
1385703113330;300.0;20302560656000
1385703113697;540.0;20302927783000
1385703113728;735.0;20302958514000
1385703113760;825.0;20302990618000
1385703113844;840.0;20303075579000
1385703113926;810.0;20303156176000
1385703114002;645.0;20303232287000
1385703114032;480.0;20303263140000
1385703114096;375.0;20303326922000
1385703123580;315.0;20312810626000
1385703123649;525.0;20312880328000
1385703123745;780.0;20312975634000
1385703123814;630.0;20313045092000
1385703123877;465.0;20313107257000
1385703123907;375.0;20313138171000
1385703123970;330.0;20313200671000
1385703124033;315.0;20313263659000
1385703124157;330.0;20313388110000
1385703124189;345.0;20313419329000
1385703124252;360.0;20313482440000
1385703124408;375.0;20313638385000
1385703124600;345.0;20313831317000
1385703124648;315.0;20313878649000
1385703124978;330.0;20314208789000
1385703125112;315.0;20314342578000
1385703125150;300.0;20314380358000
1385703125322;285.0;20314552478000
1385703125423;270.0;20314653918000
1385703125553;255.0;20314781146000
1385703125601;240.0;20314831988000
1385703125704;225.0;20314935138000
1385703125736;210.0;20314966418000
1385703125798;195.0;20315028979000
1385703125978;180.0;20315208514000
1385703126009;165.0;20315239764000
1385703126292;150.0;20315522448000
1385703126429;135.0;20315659472000
1385703126608;120.0;20315838732000
1385703126720;135.0;20315949023000
1385703126971;120.0;20316201709000
1385703127174;105.0;20316404254000
1385703127422;90.0;20316653125000
1385703127538;75.0;20316768817000
1385703127657;60.0;20316887957000
1385703127954;45.0;20317185168000
1385703128337;30.0;20317567858000
1385703128830;15.0;20318060443000
1385703132987;0.0;20322217242000
1385703133142;15.0;20322372515000
1385703133205;0.0;20322435595000
1385703133543;15.0;20322773577000
1385703133759;0.0;20322989825000
1385703134478;15.0;20323708606000
1385703134626;0.0;20323856890000
1385703134689;15.0;20323919909000
1385703134971;0.0;20324201159000
1385703135032;15.0;20324263171000
1385703140431;30.0;20329661669000
1385703141603;15.0;20330834094000
1385703141705;30.0;20330935717000
1385703141782;15.0;20331012896000
1385703145540;30.0;20334770617000
1385703145665;15.0;20334896106000
1385703145728;30.0;20334958972000
1385703146571;45.0;20335802111000
1385703146697;30.0;20335927935000
1385703147330;45.0;20336560961000
1385703147501;30.0;20336731799000
1385703147783;45.0;20337013201000
1385703147814;60.0;20337044604000
1385703147876;75.0;20337107043000
1385703147939;90.0;20337169574000
1385703148001;105.0;20337231921000
1385703148064;120.0;20337294421000
1385703148096;135.0;20337326678000
1385703148252;150.0;20337482440000
1385703148504;135.0;20337734515000
1385703148642;120.0;20337872424000
1385703148705;135.0;20337935565000
1385703148767;150.0;20337998217000
1385703148868;165.0;20338099169000
1385703148931;150.0;20338161608000
1385703149181;180.0;20338412097000
1385703149291;195.0;20338521929000
1385703149322;210.0;20338552966000
1385703149423;195.0;20338653796000
1385703149634;225.0;20338864856000
1385703149666;255.0;20338896685000
1385703149697;300.0;20338927325000
1385703149759;315.0;20338989733000
1385703149821;330.0;20339052172000
1385703149885;315.0;20339115832000
1385703149940;300.0;20339170306000
1385703150049;330.0;20339279864000
1385703150102;345.0;20339333239000
1385703150142;375.0;20339373217000
1385703150306;360.0;20339536761000
1385703150368;345.0;20339599139000
1385703150486;360.0;20339716510000
1385703150521;375.0;20339751513000
1385703150556;420.0;20339786669000
1385703150845;405.0;20340076129000
1385703150908;420.0;20340138293000
1385703150970;450.0;20340200701000
1385703151032;480.0;20340263201000
1385703151096;495.0;20340326312000
1385703151189;510.0;20340419513000
1385703151393;525.0;20340623248000
1385703151432;585.0;20340662677000
1385703151485;705.0;20340716479000
1385703151525;720.0;20340756304000
1385703151650;690.0;20340880419000
1385703151681;660.0;20340911731000
1385703151832;630.0;20341062060000
1385703151869;615.0;20341099963000
1385703152120;600.0;20341350512000
1385703152212;585.0;20341443133000
1385703152244;570.0;20341474597000
1385703152306;600.0;20341537219000
1385703152369;705.0;20341599505000
1385703152400;855.0;20341630328000
1385703152529;780.0;20341760333000
1385703152595;735.0;20341825549000
1385703152626;660.0;20341856799000
1385703152689;615.0;20341920123000
1385703152915;600.0;20342145953000
1385703153010;615.0;20342240893000
1385703153095;630.0;20342325793000
1385703153189;660.0;20342419513000
1385703153251;735.0;20342481860000
1385703153283;885.0;20342513659000
1385703153354;1080.0;20342584460000
1385703153423;960.0;20342653826000
1385703153471;810.0;20342701586000
1385703153548;705.0;20342779071000
1385703153597;645.0;20342827563000
1385703153792;615.0;20343022204000
1385703153885;585.0;20343115344000
1385703153947;600.0;20343177356000
1385703154071;630.0;20343302203000
1385703154134;720.0;20343364825000
1385703154166;870.0;20343396472000
1385703154228;1050.0;20343458514000
1385703154290;930.0;20343521014000
1385703154353;750.0;20343583667000
1385703154395;675.0;20343625079000
1385703154549;630.0;20343780078000
1385703154658;660.0;20343888690000
1385703154689;720.0;20343919543000
1385703154720;750.0;20343950701000
1385703154822;720.0;20344052233000
1385703154853;705.0;20344083606000
1385703154885;690.0;20344115741000
1385703155089;750.0;20344319079000
1385703155127;885.0;20344358142000
1385703155182;1020.0;20344412219000
1385703155220;1110.0;20344450671000
1385703155322;1080.0;20344552874000
1385703155353;1020.0;20344583575000
1385703155384;870.0;20344614825000
1385703155447;765.0;20344677386000
1385703155527;735.0;20344757434000
1385703155578;705.0;20344808673000
1385703155611;675.0;20344841449000
1385703155673;615.0;20344903918000
1385703155737;585.0;20344967273000
1385703155838;570.0;20345068621000
1385703156049;600.0;20345280383000
1385703156091;690.0;20345322345000
1385703156134;750.0;20345364825000
1385703156228;690.0;20345458422000
1385703156290;645.0;20345520831000
1385703156322;570.0;20345552691000
1385703156391;540.0;20345622424000
1385703156503;555.0;20345733477000
1385703156603;540.0;20345833972000
1385703156665;525.0;20345896044000
1385703156900;570.0;20346130572000
1385703156990;675.0;20346220019000
1385703157032;870.0;20346261981000
1385703157064;885.0;20346294482000
1385703157224;720.0;20346455096000
1385703157277;645.0;20346507037000
1385703157314;570.0;20346544513000
1385703157350;540.0;20346577899000
1385703157439;585.0;20346669604000
1385703157532;600.0;20346762805000
1385703157595;555.0;20346826098000
1385703157657;540.0;20346888140000
1385703157767;555.0;20346997882000
1385703157830;600.0;20347060748000
1385703157861;720.0;20347091204000
1385703157924;885.0;20347154742000
1385703158073;765.0;20347302996000
1385703158110;675.0;20347341204000
1385703158142;615.0;20347372546000
1385703158205;570.0;20347435992000
1385703158304;555.0;20347534442000
1385703158432;570.0;20347662188000
1385703158511;540.0;20347741748000
1385703158549;525.0;20347779589000
1385703158704;570.0;20347935107000
1385703158767;645.0;20347997454000
1385703158829;885.0;20348059985000
1385703158860;1125.0;20348091204000
1385703158924;990.0;20348154437000
1385703158986;855.0;20348216418000
1385703159048;750.0;20348278857000
1385703159080;660.0;20348310076000
1385703159142;630.0;20348372576000
1385703159205;675.0;20348436114000
1385703159340;660.0;20348569232000
1385703159394;630.0;20348623919000
1385703159431;585.0;20348661608000
1385703159471;570.0;20348701770000
1385703159508;555.0;20348738757000
1385703159548;540.0;20348778918000
1385703159643;585.0;20348873461000
1385703159751;645.0;20348981738000
1385703159790;780.0;20349021044000
1385703159822;840.0;20349052356000
1385703160008;735.0;20349239093000
1385703160057;660.0;20349287219000
1385703160121;615.0;20349350024000
1385703160158;600.0;20349388263000
1385703160189;585.0;20349419543000
1385703160251;555.0;20349482104000
1385703160314;540.0;20349544574000
1385703160345;510.0;20349576007000
1385703160376;465.0;20349607165000
1385703160408;450.0;20349638842000
1385703160488;435.0;20349718920000
1385703160643;450.0;20349874011000
1385703160737;495.0;20349966967000
1385703160869;465.0;20350099688000
1385703160925;450.0;20350155383000
1385703160963;420.0;20350193347000
1385703161034;405.0;20350264209000
1385703161197;420.0;20350427294000
1385703161267;390.0;20350497393000
1385703161298;375.0;20350528704000
1385703161423;390.0;20350653857000
1385703161534;420.0;20350764605000
1385703161604;480.0;20350834521000
1385703161659;525.0;20350889453000
1385703161808;480.0;20351037860000
1385703161845;435.0;20351075701000
1385703161907;405.0;20351138110000
1385703161970;390.0;20351200824000
1385703162080;405.0;20351302081000
1385703162197;390.0;20351428057000
1385703162283;375.0;20351514209000
1385703162484;390.0;20351710864000
1385703162526;420.0;20351756823000
1385703162566;435.0;20351796344000
1385703162742;405.0;20351972949000
1385703162846;390.0;20352076556000
1385703162907;405.0;20352138171000
1385703163119;390.0;20352349047000
1385703163181;375.0;20352411578000
1385703163400;390.0;20352631152000
1385703163462;435.0;20352692981000
1385703163511;450.0;20352741748000
1385703163674;465.0;20352904315000
1385703163743;450.0;20352974108000
1385703163789;420.0;20353019641000
1385703163929;405.0;20353159472000
1385703163979;390.0;20353209552000
1385703164009;375.0;20353239611000
1385703164072;345.0;20353302813000
1385703164103;330.0;20353333606000
1385703164165;345.0;20353395953000
1385703164290;360.0;20353520953000
1385703164392;375.0;20353622638000
1385703164456;390.0;20353686938000
1385703164508;405.0;20353739459000
1385703164573;390.0;20353804126000
1385703164658;375.0;20353888964000
1385703164721;360.0;20353951617000
1385703165002;345.0;20354232531000
1385703165121;330.0;20354350940000
1385703165220;315.0;20354450793000
1385703165495;285.0;20354725299000
1385703165571;270.0;20354802478000
1385703165621;255.0;20354851062000
1385703165658;240.0;20354888812000
1385703165720;225.0;20354951129000
1385703165796;210.0;20355027209000
1385703165877;195.0;20355107531000
1385703165955;180.0;20355186023000
1385703165986;165.0;20355216296000
1385703166369;150.0;20355599139000
1385703166431;135.0;20355661608000
1385703166604;120.0;20355834491000
1385703166751;105.0;20355981951000
1385703166845;120.0;20356075732000
1385703167103;105.0;20356333453000
1385703167259;90.0;20356489672000
1385703167602;75.0;20356833392000
1385703168229;60.0;20357459002000
1385703170119;75.0;20359349719000
1385703170181;60.0;20359411639000
1385703171814;75.0;20361044390000
1385703172534;90.0;20361764514000
1385703172821;75.0;20362052203000
1385703172884;90.0;20362114764000
1385703172946;75.0;20362177111000
1385703173665;90.0;20362896350000
1385703174978;75.0;20364208606000
1385703176212;90.0;20365434588000
1385703176379;105.0;20365609820000
1385703176550;120.0;20365780566000
1385703177721;135.0;20366951861000
1385703178183;150.0;20367414263000
1385703178760;165.0;20367990344000
1385703179243;180.0;20368474108000
1385703179306;165.0;20368536700000
1385703179519;180.0;20368750170000
1385703179674;195.0;20368903826000
1385703179761;210.0;20368991351000
1385703179892;225.0;20369122454000
1385703179956;240.0;20369186541000
1385703180159;300.0;20369390033000
1385703180205;330.0;20369436328000
1385703180352;345.0;20369582721000
1385703180516;360.0;20369747241000
1385703180587;375.0;20369817919000
1385703180689;390.0;20369919543000
1385703180845;405.0;20370075885000
1385703180908;420.0;20370138293000
1385703180939;435.0;20370170184000
1385703181002;450.0;20370232623000
1385703181126;480.0;20370356921000
1385703181189;510.0;20370419421000
1385703181347;540.0;20370577227000
1385703181446;555.0;20370677233000
1385703181537;570.0;20370768328000
1385703181602;600.0;20370833239000
1385703181853;660.0;20371083392000
1385703181884;720.0;20371114642000
1385703181946;750.0;20371177264000
1385703182072;780.0;20371302630000
1385703182129;795.0;20371359027000
1385703182165;810.0;20371396014000
1385703182229;495.0;20371459185000
1385703182759;555.0;20371989886000
1385703187869;705.0;20377099231000
1385703187900;855.0;20377130908000
1385703187962;840.0;20377192736000
1385703188025;795.0;20377255450000
1385703188088;765.0;20377318621000
1385703188118;735.0;20377349139000
1385703188182;720.0;20377412280000
1385703188244;705.0;20377474292000
1385703188322;690.0;20377552264000
1385703188353;675.0;20377583972000
1385703188415;660.0;20377646136000
1385703188447;645.0;20377677356000
1385703188579;630.0;20377809863000
1385703188642;615.0;20377872973000
1385703188674;600.0;20377904803000
1385703188761;585.0;20377991107000
1385703188807;570.0;20378037280000
1385703188853;555.0;20378084002000
1385703189009;540.0;20378239764000
1385703189072;525.0;20378302722000
1385703189134;510.0;20378364733000
1385703189228;495.0;20378459124000
1385703189290;480.0;20378521289000
1385703189384;465.0;20378614733000
1385703189563;450.0;20378794085000
1385703189626;435.0;20378857013000
1385703190000;420.0;20379230883000
1385703190065;405.0;20379295275000
1385703190157;390.0;20379385424000
1385703190204;375.0;20379431842000
1385703190256;360.0;20379484027000
1385703190321;345.0;20379551593000
1385703190384;330.0;20379614825000
1385703190683;315.0;20379913562000
1385703190862;300.0;20380092517000
1385703190931;285.0;20380161761000
1385703191056;270.0;20380286700000
1385703191180;255.0;20380411486000
1385703191400;240.0;20380631091000
1385703191514;225.0;20380745410000
1385703191628;210.0;20380858355000
1385703191665;195.0;20380896106000
1385703191759;180.0;20380989672000
1385703191884;165.0;20381114947000
1385703191978;150.0;20381208483000
1385703192040;135.0;20381271106000
1385703192228;120.0;20381458422000
1385703192954;135.0;20382184619000
