1385731566494
1385731569389
1385731572020
1385731574347
1385731576619
1385731577654
1385731580342
1385731581025
1385731583932
1385731585996
1385731588289
1385731590568
1385731592681
1385731595001
1385731597394
1385731599714
1385731602044
1385731604400
1385731606713
1385731609461
1385731611646
1385731613912
1385731616083
1385731618172
1385731620478
1385731622644
1385731625548
1385731627680
1385731630157
1385731632822
1385731635132
1385731637786
1385731639826
1385731643161
1385731645843
1385731648442
1385731650802
1385731653933
1385731656809
1385731659920
1385731662462
1385731665526
1385731668363
1385731671395
1385731673593
1385731677335
1385731679927
1385731683950
1385731686504
1385731690256
1385731692752
1385731696162
1385731698530
1385731701788
1385731704221
1385731707942
1385731710552
1385731713662
1385731716318
1385731719805
1385731722559
1385731725606
1385731728327
1385731731847
1385731734384
1385731738224
1385731740656
1385731744255
1385731746637
1385731750241
1385731752721
1385731755922
1385731758269
1385731760953
1385731763268
1385731766500
1385731768924
1385731771305
1385731773547
1385731777381
1385731780128
1385731783731
1385731786121
1385731789514
1385731791942
1385731794882
1385731797364
1385731800236
1385731802851
1385731805887
1385731808493
1385731812578
1385731815491
1385731818980
1385731821010
1385731824214
1385731826598
1385731830312
1385731833088
1385731836928
1385731839354
1385731843321
