1385734632331
1385734633357
1385734634224
1385734635023
1385734635852
1385734636633
1385734637482
1385734638216
1385734638964
1385734639747
1385734640538
1385734641289
1385734642075
1385734642846
1385734643651
1385734644453
1385734645250
1385734645950
1385734646800
1385734647641
1385734648407
1385734649223
1385734650003
1385734650797
1385734651681
1385734652365
1385734653232
1385734653946
1385734654779
1385734655557
1385734656375
1385734657144
1385734657950
1385734658774
1385734659515
1385734660401
1385734661034
1385734661876
1385734662680
1385734663386
1385734664222
1385734664954
1385734665761
1385734666558
1385734667403
1385734668220
1385734669048
1385734669900
1385734670661
1385734671451
1385734672334
